91802
19167
15685
23593
13842
58215
80811
47218
43532
52527
55250
51084
18523
60377
50102
56162
1905
68629
70166
15788
23365
33449
87618
53284
2215
18265
25944
16908
26295
39854
9526
20669
40908
83214
46322
71238
7328
20809
66646
79967
50968
36771
14311
73281
10618
72882
47876
22397
5543
77918
14059
32149
87984
38439
61063
33627
82556
21416
57038
42500
91063
79911
9031
90032
48255
46181
36057
2993
4176
73208
26966
42461
56391
83498
72758
10473
16364
21670
21064
12636
35976
36911
55091
46462
45590
47141
89963
59035
72910
23125
36783
85256
52380
65579
19895
65561
30760
19103
91323
54500
58694
83449
92199
77438
22749
13570
87147
28615
22789
26265
80350
75412
33433
74390
87186
27906
89413
92190
21658
23906
18393
5236
29217
30621
67826
62785
37444
89117
60018
32815
7191
65693
26838
2055
22190
12702
398
65149
55057
45583
36265
46597
6931
91401
22134
85309
91708
38732
85911
46911
90873
26145
53528
93457
11885
30198
82526
14562
89090
75127
57578
11475
58184
70943
46148
49999
86926
81850
15228
79273
20190
13758
31996
27833
27153
59278
5578
58682
25004
75458
51578
94091
89643
75623
23999
45520
86746
35302
77882
11412
84011
55036
88811
31669
16929
47630
68364
43404
19771
9070
28558
24640
36404
86542
18402
54342
82567
6448
19994
71
58335
78975
19528
64022
21069
40710
61076
43940
93619
52379
29491
87122
92933
68888
89506
29226
54063
23726
85602
14371
93545
93766
46542
13327
9160
46997
87000
81138
5414
42818
60881
1473
47545
10000
12199
68501
69121
40027
44712
81555
59659
40369
31613
92961
4539
27222
27002
50799
30014
34739
82986
46375
35997
45885
76888
92610
19013
10942
24472
80273
37780
48098
81363
44053
20246
84791
77353
21259
66053
1465
45145
4079
25447
20346
44596
30044
52521
44163
20808
4902
37506
16434
37009
67012
42178
11200
70913
45821
73457
63932
24295
6454
36460
63489
62414
86245
74098
65802
67620
31245
28972
3174
50459
36670
42219
77651
42101
45480
71436
32707
16816
70028
9718
65149
20345
64503
83916
3642
92892
14316
38518
6766
19202
22349
40794
40430
42459
31734
31656
16652
61859
53686
47131
84115
76825
93450
80995
6161
91962
57632
37783
4313
68829
6397
34983
46602
32935
88835
55376
59352
77590
57659
17889
81741
52787
7571
87451
17499
46161
51851
86725
17032
55058
16706
3508
7535
39592
20224
17978
45711
77112
21104
39486
19346
87211
14117
30785
47284
86279
2893
63825
6966
82659
59789
56686
80158
66423
78571
58169
34373
41753
62314
24165
11940
91540
318
63333
22516
76227
36380
58613
43705
92716
79901
36413
56002
65383
71999
46592
53399
5349
89296
19195
80431
17046
58944
33681
26518
86259
72881
52698
7471
73786
63974
53092
63132
55223
79077
72970
75871
42815
11458
2912
12299
17008
82066
51185
74012
49789
88601
12344
49288
62366
94392
77090
25360
62923
77206
70053
12471
58761
1026
8746
16422
27254
17907
66517
43962
75886
70356
1965
65235
92815
20374
46327
33825
69298
53572
56021
14261
86768
53917
38068
86089
32780
17554
78291
49797
29440
19629
29727
70311
8519
58593
54419
59798
68073
31812
48157
30100
83157
77630
72764
27901
75320
26956
59062
84904
75316
93966
56637
10345
51141
18841
20913
78952
93532
19921
14409
9338
4582
14463
37171
59857
119
60163
73091
49091
23880
46158
54328
55916
36664
58439
25058
58153
50166
68968
64168
12162
73788
30860
1774
9283
47511
66495
10603
58128
22571
66026
94632
82610
85755
11073
52189
26641
85399
22451
35342
83720
88998
73526
56122
74456
38211
75196
45380
56818
54300
20374
49082
82741
79404
85363
79771
87824
2467
85516
20550
62260
24827
15120
24973
69753
9283
86663
39064
12140
28953
5254
26974
22802
46624
32566
56263
43083
66473
2296
2276
46901
86766
19273
17296
45716
47146
87166
80776
31011
79908
10213
87797
45154
6218
41071
39011
8557
34977
79869
13106
15708
20779
13366
42225
63612
5050
66235
23002
31353
16704
37152
44560
45078
44665
6727
47118
29123
29232
11522
70057
29586
19567
52668
46325
20550
94098
42500
35734
26704
88818
53983
94245
13287
87583
37250
86282
72627
48399
57217
72880
74567
54155
88879
92308
41696
50305
78010
11919
51550
15308
58986
49243
52351
41359
37134
15538
73618
80745
81074
80226
17622
31105
35281
32221
84440
16355
59667
51645
26779
28291
7748
12693
6303
54550
74425
8634
54624
90273
91647
58824
47978
68905
79474
30553
69670
25225
73663
6296
31820
9641
17214
47804
3389
39483
2335
60048
60755
49178
19720
41911
19303
66371
39744
71805
12711
92462
33835
3000
84434
80293
47635
14829
4241
8898
33015
5591
65988
23560
66322
17539
38830
56272
27195
9239
10287
18916
74485
10128
68524
86783
1906
28987
62972
74931
7033
78131
42817
34029
64712
82865
65729
27819
17088
418
78985
86837
53996
7794
83069
68321
68357
70862
53774
74704
93198
70247
52776
15999
27238
43531
22783
17408
11231
78677
1974
48934
14778
66228
78963
30696
93117
73762
73866
67828
89731
5203
30997
69261
58054
8901
78077
41127
67875
87982
37583
36511
55033
19361
1470
14280
43184
30563
32928
57088
16578
47810
50360
84377
32769
28772
75016
82827
42309
35013
18225
8942
80103
49171
84977
75894
57736
12604
11151
21151
93591
94799
14661
83720
42651
19248
51
77692
47125
78276
35916
56203
55000
82972
48607
36567
87784
55015
46469
46506
88333
60632
5465
91389
54722
5551
66337
64588
90118
60179
67288
74373
53399
35237
1269
5863
88557
69936
57963
47566
69434
11316
73462
17869
25756
63905
89575
87981
41997
9929
27092
23049
87095
35454
51223
55004
13495
9283
17545
79026
75773
1279
28123
71308
39877
92908
33673
84167
86301
66429
79748
36948
22683
43061
90474
5817
11619
81741
43803
92390
2338
49381
39107
25757
3826
80508
64367
23424
89794
43459
7686
15478
92928
92243
73557
86232
66334
18087
2615
90382
25887
87820
28792
89839
92028
80524
83708
80885
48040
69194
39744
35863
65492
11128
42332
12080
92543
12269
8876
17901
16950
33666
50322
57179
21628
55515
50986
73526
71014
24811
10778
58687
82822
11200
87323
15861
20633
20893
4896
58876
91471
7774
41978
25387
20079
13062
52261
30735
13853
18037
87875
52437
29073
35710
78227
57893
26196
2804
1670
73626
60201
45452
70094
93054
68694
4773
78522
91322
71142
54940
5578
5146
65957
47068
82068
12479
85943
30923
38465
34767
34637
25480
60160
7071
43565
7177
35060
33512
19181
61361
35524
93391
87603
20133
88943
13231
22268
34951
16225
70161
87599
70852
21687
84211
31173
513
45107
89543
90632
44339
52332
77258
69189
46667
55766
56525
87967
52383
92969
60536
41177
41582
12232
92970
61688
11612
71481
56989
84275
2115
80804
63071
26248
40747
62665
66611
48740
83240
48491
80678
88798
34369
40267
26109
33592
19377
92274
4843
79571
35222
89030
90833
10911
10023
4432
18302
80244
25123
71328
73830
53263
4412
64526
80799
11652
86251
21694
73374
66333
85053
74087
93888
75268
74506
93384
84701
71131
1014
45023
13102
54637
88624
46128
80039
80248
22921
23030
26600
31538
42343
20625
8061
47309
90351
39444
29022
13585
24064
52209
53808
9660
18724
11284
82738
9560
22770
19969
80268
78657
49926
10898
86210
9569
94635
42393
40886
82995
91351
6487
14763
68112
19244
73447
21982
86913
87542
71521
42935
33825
76000
51062
34414
13054
84233
58837
84408
22301
58485
19425
15872
79927
1494
72375
71970
53451
17857
85367
64763
11985
75669
30878
48756
19056
89669
47293
25741
75517
42943
60531
29895
25898
91829
44738
94362
37518
70217
34896
37197
52278
60278
91692
37779
46656
28513
5954
60050
25783
47342
42957
34960
90776
10111
67032
9822
89392
24439
61234
73646
13920
56949
33891
705
65662
83244
1799
58449
76577
31767
82302
15373
10680
70522
81934
16979
74248
8108
75038
23751
81929
2672
19655
76802
25395
11266
79393
3294
66170
62119
82119
72149
68243
64117
91280
32194
4434
13585
21507
91079
94858
16792
22766
8877
75552
41405
84083
57331
14020
70233
57200
34381
35524
8065
29425
51757
1223
81297
8844
27479
1675
2198
45569
34695
59916
69906
60476
77085
29314
8960
553
32032
79605
23854
46026
25369
10864
11219
11671
65270
73207
82302
20891
55191
22782
67982
88031
82077
91287
90856
10782
33790
33759
6707
94213
2422
78935
23104
13036
1103
75506
41076
47316
13009
75335
18855
90999
56724
66493
11207
71575
21562
94045
82158
10060
83458
44569
90219
51094
93479
1984
2284
59035
76007
7866
44233
77989
88495
78462
49403
16203
80484
50974
74707
63299
75140
55067
45079
86921
30987
65235
14111
33566
74473
51299
18526
53343
53473
44571
19676
52937
77405
11029
56552
72734
39021
15248
14667
9287
6934
5551
61471
19238
25367
61610
32271
80719
13758
76998
46672
69707
43361
62078
70973
93848
65665
92509
85752
65752
35793
13742
82732
43459
27812
23370
43200
74036
69828
24757
19070
47974
20479
53198
15177
72745
44132
66977
41701
60941
11708
87619
44552
52777
37251
45385
57758
85217
26021
86430
11970
22922
50637
52327
28240
12154
36057
17980
79961
57033
43945
42053
83901
59502
17143
14870
43252
60656
62136
20217
9128
10
83560
70943
86146
75393
66508
87762
33469
91205
69601
35802
29664
36634
13490
52226
7772
70146
17190
46126
373
77384
36368
44812
64966
41427
57552
12667
17405
6974
40039
86228
79446
73528
83912
51340
46747
22749
25025
5180
61320
80496
22665
93309
48300
55187
72019
45035
20596
10317
26121
57541
69738
35974
78364
22109
50595
28002
87335
77418
58687
7472
1252
5368
7097
61077
46582
79657
85517
20882
44013
18362
2217
21271
13928
59852
60316
458
4381
49622
13444
72632
84364
81052
75820
89231
72458
57510
11970
16957
14889
22942
61846
19385
36020
64071
27982
88084
68711
4007
63646
67795
54205
7154
66709
34876
74356
23435
70515
47923
19252
93078
73655
47672
61125
8647
58829
53750
3781
24033
82140
13290
50944
72252
90230
18638
83802
88286
11056
16697
59408
61557
40265
14933
41685
254
52616
44837
76552
22661
23822
73897
73187
67969
41986
25768
75374
62243
3459
50952
76250
65659
56248
78068
31761
33327
52251
58435
29178
26537
59285
67889
87068
28500
32811
80284
30120
86995
92341
43965
13560
21662
76855
48985
80118
91194
91217
19764
45629
43347
12897
7801
57124
60176
73273
79647
31825
90476
93122
38899
76874
58500
55287
40670
12470
37506
52039
88180
74202
1373
68578
29384
29968
66931
56100
73615
63178
42796
67944
41616
2356
16780
6244
43372
5856
58564
78442
2615
29218
84861
43558
43083
15299
65099
60395
64838
83252
13770
57705
43968
14080
71232
47521
37547
6604
30175
28545
64374
32843
46796
59354
63024
83617
27825
36150
91614
64433
94371
18120
45625
57394
82377
93220
47263
54756
83578
72997
2588
88872
44473
85381
91732
61534
240
10887
54456
11592
85782
24320
58379
23220
54263
68596
15440
58335
70198
43381
81714
17140
54217
15759
15879
22731
681
11655
68010
35911
63685
44345
46900
89944
66314
86640
27702
15663
94481
78552
77645
2704
74717
8167
47498
44657
74759
25538
71277
913
28800
24429
36957
53572
15050
2218
32639
43083
74531
34387
89497
83344
47479
91354
81090
1831
71986
9429
79536
9912
62783
38767
70653
93776
43559
91137
85198
4495
2329
37600
49081
44557
37466
16048
31595
40126
55234
78503
492
80757
26219
63396
4336
852
4310
68757
62298
35721
40668
58168
14950
26844
88957
68465
17500
46604
84441
6531
26772
1970
81209
51794
75858
16214
51377
43668
83504
37981
40220
73680
28938
35948
50116
92206
60186
51278
3060
3246
21272
80321
50444
28221
86094
11423
13185
52898
68182
43665
63366
663
17312
38429
93779
33187
45115
7112
67704
68196
43095
72262
39222
16698
27685
67446
44626
16310
50308
89459
39567
59545
75553
87917
2703
89553
18386
21639
42605
86846
84695
81721
91722
89627
43061
67109
77835
3760
90296
90862
44563
26165
13829
59453
94706
71088
92721
60950
36482
3199
37586
36583
28601
4138
58952
31456
29272
40167
16462
70869
80647
15569
55379
59089
22402
65882
23096
36997
16508
1741
78406
52974
1855
66921
26277
57061
26950
1680
94043
84791
70151
75030
21143
20365
72783
14444
54025
2350
10595
34803
13104
16120
24081
36382
30607
38253
26130
55969
26805
60314
21156
91206
93199
73059
1759
54102
10676
40874
51004
30140
28342
10439
28645
34949
56968
86105
15245
44300
31248
86603
70293
85586
89042
62178
296
80922
20030
62138
88620
66035
81695
3951
5134
67822
76681
88321
86528
6855
24790
21889
64129
48065
39573
94457
59441
91466
3296
14096
63687
77182
28481
10299
34002
27391
51160
76639
26352
93977
84819
24914
9302
61316
11875
59657
66357
87027
88815
92572
933
90345
80671
53534
30641
46067
73134
94969
33686
21608
30949
72502
33185
32494
7136
31530
28653
68942
26040
13028
22717
60175
20116
46338
48292
26672
6988
81828
15342
90103
79724
14640
12139
63
28210
51676
30464
57702
70340
5803
24985
42532
84777
88758
66335
58783
67282
90460
89146
3628
47964
86260
8915
72368
9637
11159
45209
8244
21288
42155
78382
23231
46743
48657
11396
71901
13404
23168
23210
84397
46796
76491
37413
40441
49656
17797
6741
65430
37153
84757
67885
59563
74848
69852
57910
70039
6968
699
6785
58459
50049
3234
38087
11734
15017
80219
49927
67255
52056
81229
53258
44813
89304
23189
19055
33083
16239
89862
85654
81671
69307
78697
80227
89913
69577
12104
514
16705
80378
10332
55905
6753
65179
8622
32590
31762
92023
30650
89453
20778
31435
74904
14958
76554
3558
4100
5586
51854
76530
45430
54664
9630
6715
74524
9144
22458
43035
74283
54474
15170
88776
49660
52956
57698
7635
18738
8055
46757
8750
5378
38277
6809
19129
67524
74641
15832
46184
25822
57210
13703
29477
57016
37605
92391
83613
54114
89983
65768
75938
51713
3180
49757
1717
29536
72798
66195
61045
13499
35382
30012
30321
30415
55648
7920
75797
83838
56942
24203
3516
77711
83756
40473
6667
81865
27043
41893
93998
83967
44852
41393
52081
89567
33098
3416
85973
23013
44452
37367
57829
37277
74686
20122
83699
7542
87908
58212
38236
49793
31995
47718
11069
44593
33123
25344
92633
46396
11732
47941
76352
34151
13859
87776
35389
71281
25834
70317
43444
28254
90994
63523
64894
30587
25325
19413
64834
34761
87644
73999
32818
28690
13682
8558
30687
27913
54371
35232
27554
59238
70133
92851
61841
77207
27457
49650
64602
71954
94326
18329
27926
1734
92579
78113
6701
35866
44230
54855
38418
64645
17317
2495
43706
2285
64304
29615
83807
4683
4849
20822
72275
91555
41258
84915
77788
93017
57810
83625
82427
80319
40147
38872
77688
66923
18731
5279
87901
86453
52900
73181
88309
83358
34834
72472
12801
17316
71657
26964
40623
93643
11681
34445
47072
74606
51031
16152
61100
78106
62209
1275
76669
77579
80757
40701
53788
69319
71182
37464
89419
54945
56765
41731
8816
7569
57904
32916
82699
15230
18873
17587
18493
3693
14590
74929
16381
77715
2872
49415
61448
13606
9698
87339
70947
41170
5560
21486
6504
66848
58553
21729
59795
31233
59267
21733
45824
32984
71562
30841
32731
53133
82084
62678
77180
82645
52012
25959
36869
65767
18793
7892
321
38186
37730
59606
25098
20266
51104
66549
28311
28497
23880
44948
70097
38154
88603
58670
53648
1184
21772
71266
58430
781
37734
71210
74280
62968
72727
15866
65933
39405
86477
11667
56612
88168
48100
91087
42870
84564
6433
17703
85917
88310
43573
84728
42744
26159
61073
70900
21332
12670
11795
10948
87720
69211
86771
42323
78309
55424
67668
67694
4480
82875
17818
58976
3614
6798
71972
51698
22947
59703
37454
21415
3982
59386
52879
38534
8364
43557
50729
64945
85616
23612
15442
8210
26068
38099
29838
3780
78447
42946
29415
84471
21083
60634
3970
46406
79289
70694
22295
60883
83620
25541
52533
73547
6278
12827
51815
88267
4803
11999
84695
38225
56456
67064
91878
81648
58239
74768
92589
52499
1411
50642
41867
48682
34474
33248
22147
72314
82563
24917
42728
80023
7677
39714
70208
80589
26906
21684
9379
26572
32807
66186
25319
35634
61513
62332
30826
29938
74133
18815
58754
13434
78627
24965
59492
64778
90520
62993
20407
4720
71935
20760
1948
56041
22164
2179
34901
57602
53949
11209
70655
75876
76981
75705
91925
57598
12373
7054
60674
14981
6097
25139
36043
3654
541
52381
67158
71835
44562
13456
25131
83772
15521
27553
59590
2781
28483
57851
56222
65230
89411
17758
56109
64712
53952
59201
79116
18474
85970
68376
45763
55331
33160
35297
82626
62066
88108
88432
33190
64122
77564
77250
7307
63153
7198
59094
14867
89528
55079
34703
61680
84892
1720
78991
15284
87987
84861
82974
35090
14130
45027
29008
5496
36083
55790
89148
75916
45276
33588
86824
61656
25050
25457
54194
68795
68485
90392
13954
20342
2420
58571
7251
2455
90762
13568
92192
55365
94664
64528
6907
33665
674
57476
22912
64118
71326
56630
86585
30989
5446
38529
27563
35583
58223
17302
74501
33351
3186
52165
36888
69859
74648
49356
7794
25399
8026
28671
12253
92678
35214
4252
79420
50511
15613
43833
38574
38128
70362
60005
44147
91425
74293
30768
59987
3463
15797
64751
89598
13979
6333
94400
1838
13799
66013
23366
94400
66756
40769
60217
60762
2019
41998
59686
40974
29974
52049
83135
46909
52194
79602
79158
26183
28316
8549
60659
918
65461
75417
79511
13362
82747
10809
84877
16839
32669
91281
28292
7051
7922
48306
16475
13939
85943
81198
62874
61317
4091
17464
29128
45392
58521
1050
7799
18320
69930
55330
89160
18526
26836
37166
68467
90708
61930
59676
91400
7542
14377
87358
53267
87412
30221
33971
43904
73564
59326
9025
78139
21100
65570
88254
29618
35893
22008
43238
77897
88467
64950
79791
57026
92665
36608
78560
5319
33761
58566
59720
39861
46041
72008
82091
78823
50833
54961
10462
80668
82441
81045
6356
21478
57240
56063
52225
65936
22367
28052
39147
18275
49843
19614
12689
2085
73754
52086
82924
70006
60789
83977
60114
24824
315
69053
29593
62731
49670
30209
53592
2243
46758
76463
44417
62039
22644
15174
48451
76102
80498
54120
14820
48903
16005
91124
71708
77757
29348
38097
88789
3301
89603
71177
37182
63766
41152
34613
49774
16940
29366
54203
52061
56889
39208
79336
5246
881
28333
33939
18761
91352
32609
984
56854
49234
34661
11726
48380
58166
14805
28566
12271
38112
82375
48184
31695
11410
11987
61051
36005
72150
80334
75881
17105
79570
27113
56157
42382
88049
38166
74450
73063
66634
83986
87193
65860
44007
9142
59182
27140
40037
36624
24552
6950
47970
38974
1107
34043
92312
70810
81212
38202
11852
41233
45296
62231
6275
48742
76521
93502
5035
88132
83542
84401
78785
45536
60902
35281
20380
88820
41433
66330
61180
87592
82747
36191
82104
70772
31254
66388
30428
30800
69443
74466
46051
11700
81684
61884
4487
81387
60809
21937
37162
59186
12093
85563
63007
27327
18596
34836
60770
17437
34956
84848
17529
29203
59212
13781
84990
88508
3357
47422
14506
42217
70292
61904
44167
56066
72097
25196
47170
33037
55240
15667
65699
83301
50673
25008
29458
55227
84406
2414
31496
29834
35537
32234
51351
20740
53031
29436
9375
45626
6068
61279
10182
93841
37900
39536
7619
13288
91067
53667
35736
47702
6539
26016
50425
2248
62704
13405
59893
87600
29433
61149
79416
67425
84517
5222
11658
61711
4262
11272
3248
89188
61679
72146
61421
87140
21302
87270
89580
570
26238
29468
40045
36099
89917
8005
15986
63928
45724
33134
84828
106
40312
23052
10719
6782
67443
60542
7558
37712
52352
86126
31629
74491
52298
51818
61361
94454
13415
27367
49662
47379
94086
62141
51165
12281
18426
55277
34639
15209
75162
60694
2243
65429
37375
74168
90960
72236
22785
24
59744
45451
31534
14265
21489
49701
52416
79716
54936
15315
7946
82918
60644
86271
26199
78616
41037
70210
80223
15460
92799
54198
58518
23435
68967
10829
81523
50483
27648
59440
79818
26534
93570
89980
80758
38838
45961
8926
57527
9484
88469
12855
74043
66519
69195
6811
61052
24874
44487
52108
8551
70918
31668
32011
42860
56887
35898
30086
82167
42115
30435
81581
17105
16268
83922
9199
1955
14991
3968
62721
76017
83869
64284
45926
51447
87311
85519
31835
62291
5518
21393
31329
20046
39936
45315
39101
22048
86831
15506
53676
23759
20011
88444
83320
82324
85128
14779
5568
9306
22914
47387
84347
83339
2261
92298
17253
84041
12801
54699
94514
45206
41618
26062
72551
39945
6125
86904
35672
20662
40335
84514
57932
20280
39704
29672
91436
50917
47788
51105
75091
36726
11898
28502
58320
19994
7318
86617
10534
22430
51761
9268
47228
82019
34424
79186
20416
85076
22194
91542
89231
31842
3154
12382
83376
59253
46101
51707
1974
21097
75733
15848
69452
73644
64676
40525
8490
83672
1021
49127
46694
1673
74611
62525
2718
26300
89933
79185
59674
60105
36657
91754
10415
16015
56109
56994
39749
65891
56678
39520
43562
34973
14999
20613
37183
34943
38315
13003
84240
71850
14941
47134
58673
35062
80820
87139
4212
23774
30269
63824
77424
46702
192
87271
36483
12467
75245
63714
31967
10949
58135
19452
25747
80075
32342
73330
14872
2843
84315
46109
53492
80964
5340
92188
24420
83338
42847
80978
665
13333
34555
44993
90501
83527
91410
75282
75127
9624
91779
46243
32363
27768
65381
65395
23765
22424
50581
19069
36867
80653
53096
24406
42082
57386
9244
23772
76665
89944
68048
62686
57738
14429
77965
81346
79439
93727
94572
68111
82561
14539
11254
46784
13451
3023
14922
11168
72661
84176
37497
90136
9612
13864
10926
64499
23471
5391
39946
45523
19421
16853
14828
75842
61994
26314
59845
88278
58505
46098
45240
38113
46786
62441
30704
1124
40092
5718
62477
65912
2430
511
59718
27561
55016
12305
29762
17568
45343
74633
84426
5507
56389
70892
14046
25163
75558
40264
77192
49817
10150
30381
79765
57429
51505
2236
60975
74917
70827
18
15391
43911
44406
7864
76104
89980
87785
61395
44527
64968
87493
9195
73303
80378
62435
66994
47378
1284
71569
17578
48681
54215
89876
13643
32700
19415
23032
77217
54229
2982
12250
67950
15638
76080
6774
88289
14363
55251
8812
37162
19786
23184
86477
39392
82311
4810
66860
18298
50932
83530
52392
84214
88510
14685
73870
28913
69002
73043
24075
63884
88078
83052
52567
2431
81269
13592
15932
77860
62034
66371
30638
63603
45614
61436
75325
72734
91700
7241
22565
36008
34465
18025
92807
9023
75385
86005
9768
44898
53628
34516
23359
69616
76672
41185
56420
14752
43440
71403
42788
77975
57594
31465
64369
50153
31
85400
40822
51399
55003
5890
70240
30977
52204
23381
14472
47144
49031
15053
15062
34842
42253
38742
4807
26707
67453
43795
67831
26317
51900
42844
62321
20820
11463
56184
59218
50153
13057
84527
8166
76992
9248
27305
71043
89632
16569
63897
82266
82542
492
24776
17812
45934
10474
29655
10280
59296
9474
56469
12778
83619
94284
73840
51616
21256
3357
34780
51198
92942
13681
78309
59129
78165
19526
33971
48880
29873
19852
8705
10535
83805
92651
62218
87302
70553
4406
15513
46870
82074
29675
79810
43411
91517
66452
16835
33852
72872
78191
14529
76191
94372
61025
6832
76642
40106
61498
7138
22253
37129
6498
80595
44747
7738
32794
61751
33352
90904
48004
61297
57340
21487
51124
10193
21492
82464
22704
76384
81842
64222
19403
46939
85835
78656
69503
84042
70606
70547
66360
17244
71805
57267
74286
5649
94131
57695
41195
66411
35982
11838
31379
35418
5534
2881
5576
66707
6179
11327
61501
43364
65101
63175
10155
26494
47492
12149
15871
7199
83352
25748
24564
22916
30795
27780
22469
67824
24171
78640
73643
94979
51436
43288
12044
86889
85337
28550
18533
91677
88331
60214
88766
28010
4170
6031
23443
43759
12192
60896
6492
2029
19981
43945
10370
37438
50341
66359
55569
17859
64150
23835
933
31217
58686
29664
13781
4514
25673
1976
74429
90892
89151
11194
54527
14688
13188
281
22385
78441
64617
2276
32170
93766
77281
68773
5965
6510
70686
46801
86560
76999
34145
59187
45815
87915
49464
83869
48177
92352
21633
11492
42972
1578
90773
35902
67013
51967
80944
32019
37919
77223
33765
10413
40765
13374
52775
38398
34939
44944
72369
65005
83277
37064
43007
72348
52443
66732
3774
90432
13901
29096
1646
53254
14800
52397
19408
51975
12915
50254
79234
88464
89531
1967
87287
17168
94673
76011
72635
31782
86926
73712
62356
24599
76509
40737
40261
89065
49638
91088
40820
12455
43251
81422
45899
65642
82739
91992
34500
38792
30925
7551
15765
82307
61086
3621
41754
49465
25683
86543
1074
44315
23242
14451
11130
86716
28211
19431
9934
7928
26652
22563
11230
382
18073
59493
12973
93668
17803
36447
91388
34101
94271
32647
30597
70362
67399
31091
22836
66386
38342
29078
78727
31647
68285
66740
16919
32223
17747
94734
89247
26419
61385
91154
85232
43624
85906
82258
24079
22231
92266
19359
94030
53475
83694
1978
24015
75375
24553
57998
22744
90313
76519
9902
52391
48983
72857
65951
32239
57980
46369
60545
33699
74423
75576
10519
13479
37265
51723
69488
102
52497
70180
45810
58933
19013
66309
84851
3751
20671
90951
89923
73538
27826
86712
41305
86582
80191
80027
46576
76750
45144
82018
61909
49439
34169
46222
75736
83285
13374
63551
7261
13133
13060
27143
83150
74685
16696
19912
47222
81064
36734
18486
12237
94997
69648
46447
71939
2263
48587
86151
58955
81488
11087
67896
26422
39070
90195
59783
63616
65351
70634
78682
54235
10145
1534
63029
18246
56754
44743
82636
80313
54694
77376
65370
64784
38759
89415
94695
82657
38343
1191
59425
25412
63873
17828
7186
15983
94053
43594
19375
37955
19954
53993
71064
56910
40469
42145
82227
68837
92344
56159
66819
10478
85966
28793
59086
69032
87019
70668
90749
14279
78577
77487
51716
7216
3277
11915
28825
13421
5007
86273
6769
71405
376
72632
12518
36907
62582
72122
90357
68386
2003
62283
59459
85682
37708
26317
46824
24649
68037
33482
60940
71793
38410
46935
92925
70409
38720
53392
54435
50683
44425
55718
64011
15386
78646
51187
25007
78702
30104
23558
5782
68406
35343
46879
45112
91464
42435
63648
20210
28679
5673
56621
39216
31426
21405
82058
23344
1117
64830
35936
42251
39735
42007
20436
85783
60807
62977
41460
56327
32091
58174
78519
74092
47542
14864
87992
88612
52157
2184
94781
27121
44143
32483
6626
27045
72671
89671
81102
92881
62015
3987
89599
22197
22851
8628
88479
64226
77231
29803
51170
55091
22813
57028
9362
2649
65959
37002
57225
41069
64709
49774
93418
14017
1644
46567
27421
63936
60603
19691
79501
90580
52331
12267
60128
42846
30363
80764
69890
64375
19205
72530
63046
14533
26553
24727
22162
88650
61875
36001
19086
90671
68291
79962
52361
89941
810
87793
54560
11340
50732
62814
5388
53020
22254
22922
42503
56529
21172
27068
54931
25292
86983
18520
80566
49267
17858
57491
89405
5083
24240
6642
26276
76892
93684
43375
43920
37531
76221
94941
81353
25821
90619
50075
5800
64110
7626
69884
51200
1210
26650
18640
77580
43163
19808
72795
18629
21265
46214
60539
60510
3175
75377
22623
27870
89802
85868
87634
65017
83261
28577
54239
54212
72087
78095
71679
21915
53478
71757
35413
88449
1861
31649
71987
38594
48337
485
82678
26680
19321
66494
40187
31897
40580
57475
76101
2505
5596
16263
70719
46825
94296
12114
29635
44876
4215
30290
36349
81762
85312
6697
22106
74747
26023
15916
81906
34937
85146
79272
31444
69610
59513
16041
10097
26777
21988
48104
92752
14456
39526
34528
44353
55052
51871
64557
31629
8629
42680
72505
10746
14785
41207
84340
88637
82252
64555
78024
12584
59429
89305
60415
85627
53272
77780
17593
21070
64075
3596
68765
70413
45664
62229
81083
57748
58806
30872
13444
18505
740
23358
17367
17402
56452
26705
59153
48643
41775
60349
80520
82682
3122
52291
49884
83614
19661
15799
77491
89881
29244
15943
31391
13118
52820
11276
57174
7309
28355
13517
77981
12348
91316
43966
54354
25424
28502
42240
67213
75377
29129
8178
60017
3227
90060
80461
6165
11552
49005
60741
13258
87715
63798
23307
26649
57904
94176
59239
34427
33048
50519
81667
33739
71104
38666
46651
79603
12960
22349
41024
61874
82865
85493
1020
54727
57600
77599
29384
21309
67311
58693
19802
76987
80355
48638
11058
72911
8360
42233
89274
11422
71368
12958
28646
22882
21378
42961
29377
92857
75543
46764
45807
22910
68256
72943
84825
75174
33924
46279
69283
45569
36334
25992
57546
29050
40546
37848
71337
68781
45400
22498
84514
12053
23745
5684
49145
56711
57679
32053
65756
72390
36193
47366
30799
15115
33779
48724
51229
19241
60084
24439
39729
40003
77849
64499
75849
73427
29535
2096
55340
35471
58981
23664
75386
50481
23128
6340
19722
32500
48873
18947
72729
70847
25585
4456
43838
35791
66772
69959
66283
92973
50891
62389
63685
82128
28380
17361
33548
70657
27140
56290
44454
78962
44740
35206
85334
6009
63809
15132
12651
48887
73677
53718
51691
56647
28444
5479
7358
91693
7985
7645
79974
27189
47726
13483
11228
10077
3314
9894
5318
16592
84101
5482
85588
3080
28327
21272
5819
64127
83327
26222
82801
52434
69296
37907
86118
36827
11349
58813
35955
90801
89700
60673
28517
17558
7905
41238
67194
4389
42665
69791
5796
33646
53919
22603
89123
75887
70212
68067
91476
74240
46775
51359
70031
50451
35572
92133
43991
20455
27304
29215
35467
6672
39427
69952
43777
63188
54630
30115
27562
25892
1236
93479
19409
56077
44253
83227
1460
21978
65878
30634
37389
26408
60020
23339
4611
60933
17166
43352
38601
38886
55243
39993
94984
21788
25713
76741
13312
87322
4100
7332
36529
9990
54743
28851
54377
3721
33229
13916
88318
40517
66896
69898
32338
40570
36275
71158
44639
58757
79891
52633
6736
23893
6415
29407
48223
27963
52225
60956
2413
62909
893
55654
69740
22447
77230
32662
57016
64224
41240
93956
67740
66228
51992
50174
48752
49795
30511
79060
57712
47517
65197
17163
79968
27632
52891
41765
52292
73032
71257
60170
87292
30809
67686
19501
11725
66044
40253
92948
23042
12892
54964
25261
3313
28540
46273
68570
63634
6543
6533
6049
21482
75987
55458
60891
81838
76018
34825
43967
16219
543
30899
38578
57042
88154
11898
49196
8152
73447
60784
83946
89868
74577
49037
44724
38466
89631
1270
395
27548
24713
73120
76337
85752
89
21581
23988
94493
44224
10245
79448
21063
9796
2589
50184
81322
1771
86381
66377
13227
8534
37107
45900
48857
80605
36414
42037
16907
58211
83685
21044
90931
68766
83773
89568
54288
53141
17361
49595
82297
89766
4556
8110
38845
20227
43674
74377
29120
52704
63676
58887
78248
84868
90731
42372
90742
63946
9108
25356
34143
27
59937
31602
17106
10513
76880
44145
13692
82146
22524
13851
31935
45543
12961
75939
73057
85736
88590
50593
46761
2839
48899
4945
94380
13165
69530
9464
81405
39036
37066
52037
28796
24107
13477
69440
27221
70687
79484
70338
19297
58580
73313
27392
21906
752
14497
8197
47047
79712
58581
25906
80759
44226
25789
39637
43467
67142
29613
19980
27716
36729
67556
4508
80396
22087
54263
19954
80408
13180
17421
9725
81643
49952
7307
47838
65814
66341
14392
81070
70874
84462
43266
770
46688
25925
61799
69189
48464
21177
63416
81923
41023
75107
63920
83381
40628
68675
39634
11005
33288
36764
25408
66184
56445
6128
83088
80099
48975
84817
54793
51891
58744
34174
1291
69029
31000
58830
6340
59462
33681
10011
9631
6537
13808
48806
17656
83531
26591
32500
66538
56604
22272
30834
60257
32269
68268
42922
13587
5776
52186
9881
20840
59048
35723
62284
7691
31614
85337
37311
72665
83173
57056
46073
29495
54195
3069
46240
14880
35124
40083
12276
7739
3308
84396
53763
60931
53617
25924
48144
83472
17819
17330
57833
79850
80177
11112
50484
46286
73041
36513
3316
49258
22140
88066
68430
37074
364
93865
75986
11933
50714
69026
86881
52609
38688
18249
4202
59434
11856
86041
26680
32386
45087
16091
17324
86915
73162
74618
54842
3384
73883
63435
23106
7969
30160
25779
13966
39157
50240
36632
74203
28186
34723
66273
18446
50144
94677
29242
48644
69891
56886
61599
44510
82759
15273
59153
92775
81318
39879
76479
28691
35565
72519
11588
77509
47613
46309
26310
5589
63197
78588
40207
81069
91116
66969
47724
74487
11972
37582
51867
60709
58050
59967
89577
65268
9818
23404
16209
42485
17072
90579
39977
8033
7425
27738
35815
60633
92128
8462
68544
44424
44852
1355
77793
42157
28574
1001
76591
49816
39345
82975
3056
41152
77498
230
70740
59407
45231
17093
35102
31763
22916
59668
62781
59946
54752
74263
67008
33857
28134
41305
10606
26457
11832
61554
80810
89527
41157
81895
4149
20598
71603
45365
25358
67714
46024
14833
75012
6020
4306
69791
26781
57101
60495
2933
78639
71865
27662
53314
80339
27058
52596
31849
50537
31694
80443
36100
79335
59094
67997
1551
89875
66963
60382
73811
37440
68519
51263
43755
80213
37541
56943
93086
46680
66311
86180
13057
57634
29274
67815
19616
50916
69168
73110
17145
45440
74114
92091
75438
4066
23391
62241
70349
39421
78053
94758
92605
34538
32075
37436
27831
28811
79952
76074
24583
61381
83356
77296
35645
66932
73746
65592
83972
89224
42190
43583
63159
81165
89672
64370
58307
13537
17229
53198
74821
1439
80335
62799
2488
24344
58121
12850
55619
38441
24504
68503
33597
33175
61721
69822
65822
61967
38971
44051
83643
39522
92921
52259
23125
38710
6871
74686
647
25144
53349
12631
18570
16964
9165
67038
12055
21895
16021
61478
35657
75316
77114
72954
45140
63427
36377
86443
68990
38816
62683
10149
65048
35199
30292
84192
65184
65629
81304
51833
7351
21825
4619
34608
34746
2522
55387
91349
71335
77322
19821
29076
60270
23416
41704
60799
67537
7620
29977
67299
66226
20915
2788
76386
50215
24786
31773
36871
8684
78742
51840
62273
34502
37570
78515
68966
74335
68491
40837
16065
48795
16941
79083
58375
1246
80089
93791
81290
19808
81774
7237
27968
12886
69939
67636
32414
28389
82351
59165
32198
51517
33751
89428
72481
40817
54918
78560
46157
35607
15380
42280
32886
47000
80981
22339
81931
12869
27434
73556
90008
43091
42437
58673
82049
49270
1573
43326
24782
25718
25186
39155
66201
12479
29122
14823
76652
1459
47770
18047
65176
6260
72120
18431
34913
45217
39645
47139
77693
25071
13336
10098
56275
18193
66285
88216
51776
26133
58141
54487
64876
37524
92351
14321
58611
94254
88908
15301
37120
17408
22417
64899
14228
48483
78213
3245
45660
43378
34873
5533
85465
83400
61391
37349
90680
59459
82227
58551
83241
50089
51127
25873
66357
38661
92811
5252
60729
66422
4297
79346
17416
28021
39823
25041
92300
1721
63301
44872
20365
42584
64494
24277
10146
41940
28315
90353
31027
59247
17427
77089
81138
36149
91095
29730
75254
63613
11593
67591
16791
81259
80445
6266
15880
42381
72072
13797
11997
46048
56541
2755
47214
198
86662
33177
6276
51158
60528
12258
32985
62089
93407
63723
9724
3676
46424
42084
62377
62511
87430
25720
11735
39280
76635
51081
9083
17085
12768
35386
79227
39740
67049
49051
7220
53249
1695
49619
62188
10060
4289
89381
83756
17427
92837
36513
75749
70555
19575
6157
3404
94607
42476
92184
20720
17451
53481
2452
15391
10928
22548
24917
73328
75027
36844
34954
39964
8180
55541
44775
9926
72448
66363
36572
45321
33948
67056
5094
15705
85103
1224
90648
4793
55770
3105
32542
15436
7134
26689
87765
91983
72378
18007
50770
55691
23976
25284
70934
79328
31739
92938
4642
56125
13720
39458
68773
80421
81653
14156
58783
18275
79154
66927
54729
43854
88971
80480
88116
30007
6599
33687
86674
6479
58544
48574
64069
67174
26343
55171
75522
56870
12275
52628
39224
80550
31894
89266
25699
53386
57172
64974
1992
34232
65121
36655
77381
91405
62446
27206
46871
73974
88264
77889
4086
77155
33277
32612
33009
61189
27835
358
71657
90713
70279
80894
81837
85996
89583
45742
64474
47902
91533
19888
22044
56523
49632
22270
28430
64532
50312
66870
37738
13629
77670
88385
13901
12223
9478
36061
73458
38293
18578
84896
21465
63836
24468
13101
94388
3148
85607
31395
18510
75555
20627
15168
14713
5641
73563
57990
74474
49638
1796
12084
34410
51791
36373
42285
79372
57703
20126
13957
31582
62506
90638
76511
54654
77485
15629
79915
9666
59505
53082
86237
48108
37543
30850
47826
45928
6405
19470
40028
45964
70590
24279
47588
2995
61752
88857
50846
87981
32063
60273
59896
90567
21183
81700
58917
79810
8966
60190
22878
23939
10968
81620
84616
86766
43236
52966
94737
23792
62860
32708
10163
87416
40818
45076
52259
89136
89789
8246
38003
94710
4579
72764
66619
26137
52689
48209
53871
91619
48093
44668
73714
22226
43028
24241
56416
60978
92312
63316
5553
5939
81345
88067
49017
34194
11845
26368
42252
84534
5362
63455
73751
86577
86687
55450
67241
21578
35323
5063
47473
33675
87733
74834
23521
10108
16378
94340
40264
80451
27261
83376
59062
53965
51681
66566
55432
89710
44426
85758
76979
3745
78122
44610
14925
88812
53407
82544
48015
71260
80809
28563
49438
80872
41114
82653
26121
23740
2126
3595
21517
54389
75945
41533
32396
75507
49768
5472
33797
39200
82479
56050
25404
61324
54906
7602
85722
25539
21127
32873
79031
10723
37281
74833
12572
28325
6351
12400
9389
87759
33723
26400
84419
38204
49527
32807
90984
16617
87353
12006
68828
40269
28255
12697
12876
40604
78941
86506
57618
25608
48444
18218
11583
52685
74524
75268
44261
58390
62322
76439
17762
83153
68909
52545
61870
92764
89098
26323
87701
58963
24976
56741
56936
53656
1662
24646
28686
6053
5392
47439
85664
33896
59304
69493
89155
58243
80081
58282
28990
9888
93238
35591
34770
8558
57961
4936
90313
36242
76208
82892
472
70564
66266
9335
40470
13069
49480
87046
84703
70378
49654
43382
92426
14632
27984
13425
62901
65244
77193
90366
43946
59749
30255
69156
80523
90985
66547
24746
23050
73088
73964
3054
57307
2705
71763
63433
30834
8352
30073
2628
1081
80216
30508
13681
39770
47354
80296
49359
75891
70202
58075
1691
30111
53763
61505
21824
74217
20511
21110
668
25019
63316
88522
46710
56556
32678
41262
91191
28664
15957
1645
23724
71162
14803
23853
42637
26285
56388
1629
5221
42928
82666
18616
79551
23199
25276
93216
41601
92406
81155
44398
91936
17489
57553
40486
20912
84590
20406
72167
205
76812
40048
17343
69723
40741
78638
69006
27894
46327
80521
43233
79423
91152
89624
30303
26460
28863
27870
42776
555
12440
67074
7705
94650
45031
51051
15467
9118
5590
49550
61364
4535
78625
85782
52557
67860
54767
90782
85042
5488
32395
81325
21033
11632
92168
15991
47090
60567
60323
85172
82605
38745
17874
77776
87584
43496
62403
36175
24967
56038
11879
57898
40262
32720
11869
25233
81763
52691
91114
1791
57534
35239
85902
32629
58218
7076
73339
35428
43133
64780
19031
93699
40435
72463
22824
65816
4009
71477
30599
59783
55061
17044
58653
16829
54851
8542
11458
20783
37155
58901
83548
69988
29390
8742
15452
66611
26294
3352
83573
5195
66965
49271
57230
32837
63102
28354
53175
88927
57464
36813
54576
43560
31353
55875
74260
3308
48383
11475
1484
29387
72242
92254
86353
66730
33845
71227
30681
72125
8043
34543
65979
28503
65038
44332
83957
15560
39450
34957
4554
5697
35712
5555
44202
67071
71607
46103
73929
52170
57709
40301
51057
2545
59516
40769
22739
6540
4391
24784
44145
92342
89467
34478
39879
71725
88067
37143
55360
33166
19171
87964
37573
22442
57622
35013
38760
16463
24363
43997
81879
56476
6442
27886
72259
56622
49437
52690
44800
44352
58617
1691
16471
79626
76756
63776
56591
87464
85520
38484
47387
67517
3741
44124
47541
27149
55310
61541
89279
15364
63753
10552
77698
52750
79338
63587
43152
26156
49849
51438
19659
66671
76687
24230
40913
26493
70888
53737
32799
47357
39538
29175
59274
78648
68421
64929
73732
33798
36170
65088
26987
5610
17597
9109
1510
10100
19983
72233
56537
58473
49948
28296
15689
21744
76972
31366
46161
41091
60493
43078
74449
5736
15365
79699
48456
5820
46349
76117
76784
35643
88513
44331
85128
58278
62644
32135
77184
4225
20120
20442
47549
73039
72795
59380
44516
47285
93493
78680
84915
30249
44110
690
56363
38557
67436
47262
33042
41243
35874
48318
33885
18734
18557
44224
7850
76434
14848
44410
19739
59490
39967
71571
89575
29012
23320
12103
51746
58971
21581
29334
93957
17729
86110
28825
3432
66303
70628
24674
37188
10354
72808
36336
6421
14947
86978
63076
57452
20900
21390
87267
2963
73586
55312
85007
49538
67939
48528
38212
1175
86502
53465
91957
24025
1129
73099
57432
12405
35802
46344
21269
86609
26654
38620
3094
50686
82016
46693
29331
42228
45839
46378
46525
27709
92430
82648
39908
35987
91409
79952
30920
26365
27305
28300
3072
54316
89924
34248
82971
59853
11964
85525
6865
73071
11202
63552
6820
83611
55351
83426
12056
52788
17487
41400
77301
83100
54538
51731
70989
16662
94928
35186
15366
71130
87281
80491
75629
19618
43790
24000
88381
15724
41127
6494
51539
83472
54922
60145
183
6153
30116
23052
60609
30744
73936
84357
27637
38420
41169
77948
90237
64686
22974
48035
90466
89793
8777
3809
19783
79359
68147
59249
15234
87134
62448
77840
59799
53729
16914
45460
61722
40763
70909
70247
70705
18174
75886
89083
80236
8321
90825
72519
13666
33297
17565
88144
34505
55694
39254
8675
27074
80926
25383
67806
73390
77335
91970
68558
75433
68862
34630
8163
75178
13805
12628
38504
91555
8080
3454
1367
82188
86008
79099
63450
40590
57969
49899
84235
59942
20014
82588
83068
58617
9621
67359
64179
14726
42220
74602
71341
25485
91266
28299
63380
91522
61243
52197
16451
80765
26459
12466
83998
92809
14332
26542
35662
86879
11955
57675
84674
31430
82612
38358
21065
14929
91526
3182
42996
48422
72816
86484
67593
43422
93435
56675
48881
52534
19962
23646
539
65697
91843
29240
21314
42592
12569
91868
15537
4783
13811
9665
75151
31692
76172
16481
67430
87471
74237
79615
22029
38025
58968
15387
22069
41434
33579
47172
91208
50323
87076
77272
14037
80844
17796
67011
73328
5788
90164
34529
63279
19163
69684
52738
40992
55613
60603
12657
18758
74525
8752
30408
27330
29131
12783
5972
23301
26100
54095
74889
34483
8796
87176
85418
38740
88427
68705
89495
64757
41817
15208
72643
34683
76111
42187
33416
6175
7188
81683
20386
2973
62040
2041
30421
72559
17616
79489
80779
46758
60359
39410
67910
29288
47838
85127
37598
78933
80936
76768
17584
52267
37068
58665
78916
36554
90263
40788
77841
75090
94277
14563
1095
9152
8268
45661
65688
20016
89710
71706
85667
57564
62097
18562
9743
1394
62268
55999
77905
12123
80560
16859
94802
52992
5112
70091
59641
81647
28567
76491
79784
71132
49333
1372
23260
85035
28493
50048
33566
40329
44502
64366
54642
29474
17668
82433
94785
81908
52562
88787
28943
38379
18255
27063
31434
26254
41906
2619
51277
48615
55034
25868
57193
84664
26167
58284
78031
1881
32487
15382
3404
64382
27358
89810
87233
18412
49213
5852
94038
55524
24413
9831
8843
78736
71048
47623
27539
73859
13869
73620
4565
93646
45598
51138
64496
56604
72159
69517
20858
70534
18942
10842
58773
49715
84409
90417
32158
22799
67984
7999
90340
29229
87344
23816
42778
5447
58585
54073
13033
38594
66893
68818
1765
11287
44894
77306
49249
72715
24338
73366
18689
94832
94109
83138
40917
33756
2540
68176
91237
53847
75921
17133
43838
58715
53112
40272
50535
56172
23309
64319
50024
46702
30527
69658
90072
57374
23965
10344
7376
4345
36308
37056
60746
72160
67698
25184
39832
8413
91274
94489
11882
87647
70412
90932
61848
2009
44920
52261
80887
41898
68535
40446
48972
94517
66198
73711
68035
90736
35840
83376
82754
32705
43511
27281
61463
85013
33919
32833
26562
47722
30687
24754
80664
28580
87965
32086
38
49453
36420
90147
67150
8397
67461
91105
68457
35002
63855
27933
28273
64704
17564
43910
92962
35945
15010
68212
37300
56984
54922
21216
94887
58336
51632
31695
23284
20865
32288
81808
44212
55898
90713
70125
19408
10874
20465
59158
41068
67920
40885
24424
84552
29163
76323
66773
18692
75580
93334
58293
29367
12344
34653
88195
25580
16177
26576
57650
94266
63323
3984
57118
18959
58844
81707
72975
48872
55389
67536
57735
56951
58157
14733
2277
17322
66181
24866
67690
5548
82606
35577
48169
39498
53414
7941
69308
47348
41882
72220
33737
64277
41333
69379
15219
48249
65151
37900
59861
77555
51585
214
63185
21728
31308
31570
17871
12395
81457
83309
94729
16798
29859
45262
16163
31745
12345
58654
15240
4939
21055
81911
80255
34602
63764
81643
35308
20608
90855
89346
44171
36428
87730
26487
7512
10178
6889
65960
64370
22552
90836
52808
44574
43518
46631
76266
56527
76786
64339
39836
89026
60693
65069
70246
83560
38701
16692
55237
67877
69471
39688
9329
80406
68488
8822
85207
84864
20233
24352
67804
36426
14981
94929
44399
68020
60689
26422
52648
13481
69439
4864
71571
3888
1902
93566
172
22705
80513
35328
5486
32802
39338
16054
69220
87345
19771
25238
85218
46164
68689
94013
35809
64748
42190
94621
16461
93000
22569
92484
11349
72206
20996
40901
72175
65804
3914
32920
7813
78613
56611
19908
30392
28167
10485
18877
54407
66913
6217
19872
32652
11977
23983
64308
13779
80211
24158
91979
64240
62774
78900
72725
46740
44145
28310
30477
49947
3603
42158
37
14670
50600
46038
26677
4480
19223
16637
52737
16639
36376
18077
32568
81176
92035
65685
35848
78711
15668
27610
76639
27450
8410
44565
65645
74393
92910
40393
37469
75829
60145
77740
57122
22666
40967
34944
56887
93522
43903
35252
68934
76903
28004
73283
39105
47172
37590
77953
52751
87776
75001
23286
66655
83057
76432
5488
58872
79001
25034
70297
77393
32152
482
92378
64084
46981
84228
52010
64541
346
2243
86312
47488
90667
78536
30249
35072
5154
75429
92806
3876
81987
85288
10869
48461
69095
10883
31234
85898
77863
90376
75169
12644
18239
18409
7307
43246
32140
76997
49627
27155
16124
91823
42364
81771
73656
52873
44497
53465
45832
82014
38712
88228
25635
64980
1916
74957
52593
93136
21949
65952
76232
10492
22406
46435
56975
43771
64763
11171
27771
69110
5853
71206
42739
67119
4644
8132
58226
1634
54447
46638
86704
8331
46835
4729
55653
30474
33550
20820
77596
24763
35255
69772
31871
26250
21148
87937
9293
41140
22502
46569
19380
26089
74421
56002
49157
8518
62476
91925
36499
16175
49145
47526
11239
78521
88403
79400
14732
68829
83400
40109
69170
36928
30586
61227
27417
43943
87294
18418
24499
4784
89129
84362
53398
22044
57294
15354
36292
36193
57264
14763
85585
56124
12713
74259
59113
54219
40149
89205
30028
63337
75710
93813
14407
3122
59020
73481
63304
57814
25625
46420
84470
64195
50574
23420
34522
24842
82558
14691
88590
65396
77061
49522
18200
60190
20604
80817
33802
69023
48292
14524
38738
91186
4635
58744
83337
18550
34608
59651
84315
70139
7736
20552
40570
52536
59683
18410
7214
42536
398
2192
28973
52555
14373
78991
70243
12320
90021
65805
22054
79615
25059
94905
39665
16268
1957
55017
59659
79617
11603
91659
15459
78795
83840
75117
5251
75372
31539
14239
5974
43545
61997
25366
41574
6441
87662
50796
86206
49246
913
36995
60305
14720
65512
58185
60310
21788
12253
93940
75985
64116
17375
34934
14190
19953
19029
8748
10028
67187
45418
69217
18404
30665
5693
44352
51357
49603
72147
80974
60998
65676
19788
4662
60679
34774
57439
36662
46836
35718
17218
56910
54182
29366
45690
89417
58176
20153
32587
4532
52731
11425
17612
41739
35183
18556
22003
15795
45702
54997
55528
93818
8654
60463
82617
81098
5284
38604
30202
26237
82671
26996
22838
91347
1296
85497
11614
37886
34524
33503
56637
83142
76123
46561
69934
91513
31456
52630
48082
82906
16405
32347
75722
25898
30299
14882
70693
56084
46035
58000
24774
21938
80932
40932
42886
59526
46921
8042
56785
16955
54166
12720
79319
85569
7559
78272
30850
69439
69741
1956
68871
60154
57822
72408
31339
75836
45752
45537
48275
71904
9129
28876
46368
18018
55886
60345
78645
17692
92383
23517
82254
90250
32563
52719
60823
21287
66909
63706
38246
41488
92362
67209
8502
86439
33669
65146
2833
93242
78441
46265
4009
48657
22747
18573
73787
36607
15130
63615
60224
41584
73788
90518
37505
83449
65566
22920
44479
90884
21319
78075
15757
63946
85921
60754
23922
37483
73358
46627
68958
15298
48555
53717
81017
45188
91699
19622
90843
55407
16211
46715
60587
54670
26885
34353
41647
9330
11323
53047
39364
46437
29730
68887
60731
73592
82081
6362
43248
72125
93188
86720
76328
46966
41793
58705
69007
69772
52606
70181
79492
59060
33965
26199
39281
4428
66078
77185
69010
11723
5327
67233
28777
65926
88698
5737
76988
39782
46715
72413
60516
32815
34653
88621
87394
6140
25824
14465
67224
83718
39128
70524
52330
49972
26893
49298
66183
76043
18611
45363
88688
61894
17446
16081
18059
49866
40259
63022
94868
32696
63213
71623
20569
49206
8411
18773
21521
53367
94227
76626
55352
59317
23669
38376
72753
79161
12766
29677
31825
62282
69672
51723
27532
46129
91818
63924
52750
34813
12049
58338
51896
18074
93083
81828
28460
21637
50227
83213
9079
16506
89086
38207
56619
23286
7377
86245
3534
55209
75701
30590
1666
31587
86720
88316
74922
89271
17129
92148
42973
39492
89336
55153
1546
69064
13528
46129
62761
14312
6785
90529
7690
48083
9998
41324
29388
7925
72432
25831
54819
48238
62869
28288
74375
14362
15273
23300
59518
8636
59871
12847
7221
25907
91324
22518
76408
19559
18280
36385
30555
3252
35481
5021
1892
24453
502
52166
91768
4932
80870
50257
93382
69694
93491
19295
80812
89124
76486
53933
74668
40243
13927
37464
10066
35909
81944
71759
15797
87345
86216
14185
25935
84877
94095
23237
499
53076
24171
85784
86058
51538
73398
50264
1698
79451
23409
39583
30668
48308
58618
78460
3096
90826
21261
11300
61567
28159
69514
35198
79933
57803
11875
82459
66529
13422
1071
35708
64674
49843
7456
40638
11752
60097
21102
94576
24627
64667
41670
61381
11164
16655
8002
85453
31063
80804
71630
84902
12905
2836
69524
71048
43164
50657
84301
61869
7588
53988
23229
28415
3973
27216
69617
58236
92019
65133
35376
1933
84574
17721
49715
43644
21512
18713
48355
75147
35988
4925
81637
36594
44116
68505
73060
14264
31583
19975
90899
93243
22349
24546
13013
68098
18777
48230
1707
17655
76330
66963
60217
85946
25597
72249
8534
58809
88747
6749
27831
48244
93011
73337
26055
78908
51291
62673
15772
38691
87264
8169
14608
38023
16304
67917
66283
18241
86496
71033
50210
38802
76679
85463
65982
32972
598
2862
70443
89558
34074
46839
13075
88178
27848
26267
43767
82785
74939
21393
75465
39230
13789
31356
23393
68831
82744
1480
40714
30663
52288
20517
51752
42729
87247
78252
19145
23752
16916
48902
72205
5521
64761
32660
6419
1138
19399
31841
43401
9452
50920
3780
89423
14347
29737
88306
63049
49382
13034
16856
59208
42378
963
52774
19107
18521
18485
51599
7999
48471
65539
82692
56568
13221
66675
58272
78315
94679
58652
32094
346
72777
49965
92055
17234
92798
19408
77112
55029
35464
46930
78137
63903
13460
20575
70832
19743
46692
64222
18571
14884
92488
30487
24124
25545
16239
24413
94142
59678
11383
51524
67534
38453
36468
46943
91910
84582
31917
40574
25443
17175
5682
81683
82917
78852
68425
65847
11735
63367
18760
54550
63556
8412
61285
26396
50690
57107
79290
40434
71755
38114
91388
21513
8549
80423
55522
83706
47452
64015
52938
59863
55805
89886
91495
52010
25939
93299
5383
76928
84495
16079
71969
22673
12144
70874
49332
15334
7082
76866
18330
13551
14034
8234
73339
84129
75359
16931
13334
13569
76605
7089
16546
12600
85756
10180
19731
12618
9989
83616
73280
42580
52092
41756
20593
7946
88312
76996
54527
24522
86872
1691
34043
90888
21776
6137
82320
63295
48057
57677
74948
53841
27718
78895
56273
65963
74874
37141
64803
44176
86839
27199
54634
50865
53530
68153
29294
10581
54283
90165
36546
6115
74832
22082
5130
45265
55360
63117
61606
80063
51005
11994
46785
90926
63107
13151
70355
40918
49925
64325
30281
51968
48966
55020
65407
51145
12109
13482
15212
29024
28490
85416
25371
12765
34038
30002
92682
82277
56119
82168
40595
49254
10032
29613
21688
9419
62047
70483
23739
73684
55023
28129
94235
44342
9950
43435
23203
44122
13753
56764
67645
93453
88644
27195
12228
84428
71726
49119
4231
46041
70280
43191
29657
10030
70998
20587
80861
51893
10982
2409
23958
64625
61214
92181
72573
18717
54842
18296
12076
8879
83443
79595
62831
45073
50075
94400
46258
10412
4116
9277
69957
71928
4328
53294
94821
81421
10491
8479
54772
34967
7901
71083
93096
81810
51588
11747
45201
68458
31383
41430
32404
16324
50757
84393
11301
88951
15523
85492
53185
20505
8508
91361
63033
43784
22122
377
68026
68533
22491
9061
33650
81606
10152
31630
50381
35377
5407
27409
22085
28120
8888
89019
8464
70998
48524
43124
66691
64812
89809
24659
66877
47160
17178
36519
82534
92314
63843
62228
33150
84124
13643
21874
90594
36870
8314
14838
15057
39132
57634
92395
56580
4564
31762
85985
53236
61439
55580
92088
92542
972
19584
60337
27505
37699
81250
36185
61560
1613
67103
58899
84771
86805
49773
22289
46168
2595
90400
63247
695
85925
73952
7292
3259
6034
22440
44581
6308
52165
55338
19072
13377
33930
53381
87778
1242
72584
37720
7821
50908
54019
87177
92482
94190
63253
53854
40495
69129
39304
42389
13141
86676
38914
22959
38960
51253
68454
23831
82508
92795
62443
15760
3208
51888
56515
25388
80578
44260
22346
8217
62927
69429
83649
65885
38685
60891
59758
42099
76927
40519
62866
82870
85340
26516
33622
74778
2636
21014
15099
64554
79000
86582
22493
70683
85965
66343
87755
74112
51125
47859
55581
71447
60106
73591
63266
17576
6343
82478
80486
25830
87325
21608
31084
63070
8247
29307
29677
37261
20123
15370
15781
9494
91270
61057
80135
81880
31194
26267
42933
16533
11766
39659
72374
33327
74186
3190
91579
71182
20086
46666
94255
2565
2886
46544
83275
68698
50236
2060
24020
47259
43474
6701
79946
69502
72154
41336
22693
33129
66724
3063
87262
63497
91915
94567
40663
63374
79980
93151
83064
39786
5932
55676
37495
10162
1390
43034
11131
83117
14157
68812
52837
81370
26924
87468
46852
9655
28520
69519
50980
46796
80542
72431
52977
69773
25206
45460
9398
12550
76971
9181
24028
38025
10454
63088
89777
71411
44775
18969
72976
59092
29024
77519
8494
91213
73501
54154
21152
27068
68179
9137
64198
83635
78396
16728
35868
73479
10429
73230
74629
20492
15940
45868
43500
57126
23409
87818
82001
80866
4583
31668
68493
71051
63815
72641
31258
89536
89890
25916
27313
33618
58505
90747
80857
8068
89227
27357
3465
86923
61562
77361
74154
11485
71642
8633
48596
26302
85687
11781
83924
48477
29658
51828
50366
46733
11975
66590
85485
75039
3134
7997
57676
72813
11125
74137
77488
1553
2142
15218
4020
62876
40770
46816
64280
48051
26354
2711
81472
84076
78445
75623
89740
9110
33603
67559
13281
88950
44108
59977
76011
37486
47078
49441
64765
5216
874
84255
39319
54544
8266
76724
26202
62151
71729
40640
67308
4932
1358
2754
42107
57853
74031
60018
62607
64275
54910
74728
28072
91731
11234
43023
55888
185
90645
62332
18991
60191
41925
20640
93626
13964
41554
77333
45111
9303
46851
11446
22616
74986
40245
16758
20505
34236
65665
2618
79104
12039
30488
91435
78520
24280
5837
81580
58921
13292
80728
2218
57631
69031
33707
87873
165
73728
31778
62547
21183
29769
76324
33203
1577
34003
38256
66960
46360
94478
60398
92997
37914
93733
87804
24093
93012
27560
85769
30388
23416
46115
19337
38176
51233
48052
9534
37638
62933
7146
11351
10881
50949
20945
22272
61110
47428
19729
69397
31003
94202
69734
77588
56342
47228
67915
34486
6937
84665
81808
85002
21762
31683
3202
53479
39057
90480
41593
23147
32747
51581
34245
58500
8484
90686
3345
17970
35217
19908
52514
49184
42779
84667
59153
44293
12448
4999
5572
31539
23019
63203
39371
20884
54628
44925
10653
73339
42618
79673
54171
27014
84668
36585
68148
85638
24791
39086
25304
63536
68841
83917
33817
10964
53949
80585
69659
62543
28872
65104
69068
66719
7280
55165
83605
35538
82756
14290
31625
27795
49477
51888
2533
27723
59236
37181
565
34080
57934
75240
18560
45316
82626
28475
49569
11533
32964
4429
90327
55412
26673
45948
8686
33004
42986
77356
76212
9586
92814
74486
63128
59179
57128
31288
7276
94902
17760
63053
41731
69366
54021
25521
10629
75404
32848
6866
37224
89096
15588
16830
83049
78489
38561
35902
86968
83865
3775
54564
21441
57430
59864
60030
50543
77118
32015
3878
82603
59930
72788
65677
26762
86173
83873
22252
54956
88906
43207
38031
8185
66208
50217
53734
79550
70691
94090
36201
79701
4687
40539
27152
92523
47035
91180
88652
81130
84344
87196
48646
10111
70069
364
84641
11462
60177
34445
87502
42713
54987
25322
13733
39744
35729
55232
7330
4690
89108
42801
57844
32945
70060
4320
78589
30364
78973
67656
52622
10381
28054
2013
76203
87603
11841
51259
36046
67651
80860
32837
41499
44271
41612
66366
56031
36584
688
20076
58870
63952
17673
23338
33360
38064
44796
59468
86367
4472
85088
17581
82351
40893
83515
78813
38762
58284
57668
93695
93047
20781
91276
82694
80758
40027
90815
54991
24587
82199
76336
14849
31597
28036
10390
84817
9762
61438
51057
94682
21913
60212
92656
5178
30211
69076
5651
20328
75718
54981
21216
15314
86720
79776
34157
35763
91525
85896
68624
91560
65212
15816
44766
94571
70044
92043
80142
91345
78663
1239
28162
30671
91320
86923
14105
34874
21510
70872
35579
33579
33813
78803
59
20017
51773
18624
76458
80160
21825
15050
68213
59103
66495
30999
58885
29127
45911
70537
7607
30960
60801
75239
73888
22462
86287
30618
76415
48848
94860
84227
71879
49425
2489
59178
94879
85271
60282
70729
48367
52313
25065
49199
1881
90734
79838
33408
25434
76528
48425
3017
10612
12024
67622
62570
86833
3859
26828
14301
67838
737
72002
30298
8169
37422
7758
63453
77337
57114
25812
3663
48857
8315
21287
73936
22496
94154
44871
72119
85472
36043
84935
53920
15080
42029
48737
94220
65553
33314
66073
46511
87817
22729
80131
55346
10959
16607
4633
25456
43005
28332
30429
27494
93123
59489
31864
74052
47413
25855
72452
48216
7147
61402
88684
729
40481
46693
35086
46945
28338
85591
63066
17492
45302
46932
85978
11885
37853
82118
90230
46856
54439
50154
52235
30402
80089
50887
52799
87900
68870
86048
6979
39239
81752
81987
69653
72153
7265
42802
24210
80101
2619
31735
32788
69529
81607
72837
82397
56481
30086
41401
39497
53425
87026
32247
68897
17463
54096
41425
62273
9031
41597
82771
64655
73608
59890
51513
88806
9820
54349
67713
94991
78188
83917
75109
74163
71666
52490
10001
72640
41256
70958
16244
20389
58566
70380
64337
36699
16593
69892
91412
59098
38231
64743
81298
85933
80495
14045
39569
12699
93148
19401
38006
26275
20243
54974
20054
26523
21298
55713
11412
16197
56640
52522
41153
61543
40932
85744
10722
81541
21845
92623
39827
10949
41472
20201
58681
36623
23728
9910
45246
50271
85576
77001
73029
25896
66956
76314
24189
29183
59870
26473
1946
12745
52828
42477
74870
86282
92414
71649
35879
47211
