76156
85825
51525
59501
33844
85437
76568
18797
13990
64877
52978
69389
55856
63625
21855
22025
43266
51619
89756
90175
58972
62033
41596
47604
88941
20030
13043
39271
24334
79452
95191
60053
79357
35121
47015
43960
27541
75283
50948
36068
63754
73448
62500
24096
22738
27878
25253
13829
27399
81092
37286
86118
36961
87915
90377
34324
53337
74621
62069
64429
68753
91640
6649
82497
28031
6751
76530
54520
26383
89030
45613
93499
37224
40359
47040
90182
30783
9558
63834
94230
66287
67381
71659
82749
79067
36677
46886
93231
18554
86090
22396
87895
93281
41529
49810
1748
21494
29120
60546
35594
89160
42051
98799
79254
37748
66303
13553
48385
60683
4684
5817
3672
96247
34244
74991
66054
95796
71250
72879
89047
79779
79472
84905
25338
24121
22578
4680
4977
4103
14697
58730
55600
18483
20069
93814
15088
47611
31482
43429
60215
40481
11389
98934
89350
93850
41795
47309
82159
52225
39182
91150
63504
10625
87325
59491
19248
47199
23487
60230
37917
78854
12724
82056
85752
23820
50840
41415
19774
54081
74373
77646
56107
32567
71700
31942
33597
1005
33639
922
29738
54134
29614
28761
11191
2503
21668
30957
67255
80806
78621
84728
28060
43286
59878
38046
62733
32078
94705
59277
7891
83737
85948
77937
35761
33208
73069
41036
39713
7140
20740
72874
51597
97920
3741
22323
72904
46730
33936
94650
35578
73426
1623
87810
41881
44051
61395
38913
21915
67823
92539
5668
17613
43456
55875
76345
25406
68640
86285
38700
38789
38609
15438
60865
49395
11033
75367
97752
46919
53718
94486
26295
19509
67895
66497
39377
60546
33434
8663
96348
17878
25930
89651
72865
72670
40913
78478
57084
10716
28643
20015
13442
23054
20787
24785
91019
44240
70550
87297
13269
80639
52781
82867
13144
25980
48849
12416
85048
61280
45943
81174
81797
71538
67579
17892
44766
11034
63856
95728
46548
44425
44965
34087
86259
55671
41964
19561
40467
61209
56212
81334
84621
39053
61206
12993
29144
74619
30340
37879
92500
40178
42909
21884
87734
21563
35446
47123
33609
55358
39899
67647
37222
30992
84698
69810
38002
45414
50048
37257
43078
64544
68997
44547
70204
53565
14347
56517
3557
44430
97204
86291
19487
17722
60993
508
88780
25526
14767
30019
54526
17606
47075
4677
20742
38037
17038
65972
93867
64437
49852
85503
19464
35139
58415
50955
80295
18690
30456
26083
91049
62314
68245
62607
52679
61981
24510
13300
3819
49990
11010
56752
40495
9910
65815
52640
26903
80468
58646
83880
92971
86816
78284
83638
22260
25637
49084
52723
34808
22425
40362
21607
353
90322
54468
97456
87951
68990
35313
1518
25190
54263
78827
31551
30850
11969
27784
24082
49479
12609
4612
55026
41581
69004
32651
21897
73152
86762
91978
40830
38189
71773
55237
18684
16361
82289
45123
34977
18604
57394
8325
88792
84650
62045
18686
58947
55282
32508
26093
92376
3920
9561
32397
4255
12309
20693
3773
85693
24758
95030
98603
25712
18586
33003
93036
44008
82820
79318
90215
31190
9337
48221
26559
55356
31107
29372
13415
28736
97180
39442
77480
91510
66871
15670
15541
69202
91255
24783
81008
33447
74731
68445
16605
48046
34265
4767
72788
18222
85064
85810
82060
53140
91554
59730
19027
41351
35717
23992
92314
9035
72227
91288
24693
2977
4087
28942
87400
58719
71888
20629
98797
48865
19307
44243
39195
53427
45504
42485
15032
59249
28815
79178
83006
71398
18667
86582
63908
19533
1404
28982
92067
84752
8091
83210
52321
14002
98886
71500
65139
39499
31211
83284
43138
30424
2953
65013
89760
94196
4826
15408
8925
3583
54197
98699
78562
16808
77025
93485
81302
50746
16091
54608
26038
40097
91672
96676
33047
32768
75814
56284
71856
44513
13148
94367
24739
4816
54587
4286
59250
26692
81364
6133
16438
12762
24472
96383
55922
36183
48711
90570
81366
26162
6768
23732
83720
68925
29623
40809
31068
57190
19260
31210
17380
92302
52104
9524
98923
22669
3347
19858
62028
27471
67457
47607
38816
48927
40563
40652
72779
15647
1393
80322
32
18633
67205
41693
3043
20933
55242
40278
79044
52576
58116
72859
82380
17893
39074
33676
95343
63290
43958
75749
55321
40082
55485
8179
42294
15210
82425
4373
37954
22875
43211
29569
38223
47755
85510
68087
956
42575
10352
23838
27986
90441
15082
38273
10842
62458
8950
83110
37730
10909
66927
72315
25623
11672
98940
54029
77205
49015
8151
9110
97473
91631
25306
14802
23783
32099
97225
94791
33383
28071
52370
77398
53499
69255
21193
3402
46988
60658
44840
98236
31345
92601
11572
30224
30497
51750
79083
40920
52568
98914
18801
32163
15126
6663
41681
93970
86885
72103
56824
48815
3057
20415
51542
2514
46954
90748
59470
69425
63788
32608
9581
34411
42688
69993
1415
45065
67227
20719
44020
57761
28604
48839
65842
60449
3939
44024
31228
54597
91869
30713
89656
3413
72364
89558
22551
33813
34667
72453
53437
34594
66456
14649
82264
88270
65442
9195
85693
96225
41985
53327
32838
47188
18620
64002
48855
63650
50766
74270
84456
53614
85562
6383
42117
15011
20310
71565
35097
41316
28900
92047
43634
92609
93522
56440
34549
55226
55331
4089
16306
19219
88375
93131
49202
55420
5453
76943
43253
12620
76625
68971
19656
39746
65313
38723
2483
21695
90489
73554
22753
21403
35430
16620
71480
38042
87312
54042
1809
14667
28856
87080
39633
56013
67961
87630
44150
83271
92003
37417
58797
89698
76746
34758
62960
98324
2221
60618
20981
10220
14938
20073
34833
56309
67383
82929
52133
64762
77356
69082
70294
19780
77053
63628
87912
80603
40115
61069
67925
90998
46785
45710
22958
79224
77235
84832
30188
18586
49139
42280
36057
19039
6014
41485
40848
7399
90091
74346
18563
24291
8668
13260
25026
26082
48133
24457
14601
43703
40385
59091
64123
78152
22283
61784
88651
61730
25930
40207
81641
10526
85334
68369
90465
44578
13591
77458
78959
12669
71206
16843
13702
51635
84138
91589
12281
38513
40924
18683
34073
38774
54167
89636
53652
96495
27206
41564
3167
41621
17634
85359
6218
72996
67459
8281
28250
77346
39723
23860
28492
46194
88386
88439
29276
48629
81556
67264
4333
52533
41471
55726
50051
73021
97265
62229
34053
32959
26246
46646
64143
86531
7238
33467
49355
16361
38533
34852
33215
88404
33149
11705
78522
65827
66814
69276
13047
41349
77341
4217
81396
62897
76618
9846
32261
55319
43867
46449
98169
52590
6094
13490
96415
68826
9716
95559
75473
17393
76585
22062
28333
1139
67248
88610
23733
8468
74052
33852
97997
34568
67065
48877
82274
90377
30104
78998
25121
8472
7705
6261
44237
39086
97723
13804
66210
92421
5567
9351
27535
71080
97715
84970
12465
7819
27978
87389
74305
29472
20792
41781
54432
26096
7467
61680
98153
29459
48702
55724
63764
3396
22743
28764
94731
16691
75696
77000
4822
25152
37731
43640
79585
52505
72646
48950
77549
53504
31542
30077
97067
47524
40711
27225
9100
61883
16313
68196
62471
7385
68751
66114
43450
95279
56289
2859
19225
93810
72618
34786
78245
37823
67436
44222
82043
79625
94518
61148
25813
13622
51863
26087
26566
23868
6741
76038
36759
27459
24910
86184
84911
46423
54496
50942
20431
56317
89284
17868
34651
21543
29500
65534
24556
5278
41085
1700
64810
56187
43816
58193
29103
2962
79795
43526
65871
71131
70565
83638
30331
54566
36358
12557
6421
62243
74172
67386
41086
74483
34010
7710
10571
83486
62675
69600
68182
34322
14676
51598
2409
83604
47424
2890
19981
91327
90901
8974
75696
30678
17179
47294
25933
65351
13293
90681
19718
32151
50784
3163
6508
36516
38744
97034
78623
66746
63218
94899
88561
1365
20196
68249
23364
27024
13873
67745
30732
50016
45201
31908
70983
95089
66212
39330
16081
32338
43639
7655
62917
54743
40447
62549
34189
25243
11474
43623
19202
56040
14918
39732
20575
72405
13905
46264
53672
25003
58535
3491
49768
92155
67138
17876
73080
32519
64772
17958
45707
21860
14096
30972
33542
35713
16550
91972
59973
92534
79037
45030
26376
5188
60922
29440
39901
80245
60007
53023
24671
30024
34136
10900
38709
58251
16398
19896
7909
72949
52406
39573
13934
8775
84172
78987
13957
29526
77704
29572
86407
60169
12251
78205
53638
91393
32651
24785
6503
59289
78442
82523
65088
94619
98909
34720
59278
64661
53704
10926
48748
76550
84239
37621
62032
45897
95119
69481
26991
36805
64106
78961
44601
81342
34362
33711
91583
92036
59909
79820
72665
59525
50422
41927
41932
84338
89900
38370
39928
45171
31004
91178
14984
41000
19050
1329
21235
56997
78005
27961
78815
84328
21224
56079
25053
16146
3068
62737
63543
18080
23315
52237
80118
25894
33199
64608
23689
61663
87977
38056
27111
85251
19566
19095
80541
30205
70108
91068
37563
7279
18042
42535
1481
33388
18413
19897
29360
62682
97623
37302
13627
65403
68361
37848
27483
47438
43353
40537
97137
22135
54263
2693
71503
97303
63234
22665
91992
81921
35536
90532
12990
46323
698
98696
4658
44013
26045
22741
13061
54441
77517
67139
58821
89438
80364
9257
63732
4787
91832
16871
88923
80661
67475
84492
58355
85813
6540
85725
53404
52953
62267
84123
25598
85605
60361
34911
87317
97294
35381
84581
43362
63619
21884
50347
16747
80752
24632
58492
68557
80824
12865
85349
51112
81494
78969
20770
36265
30920
2256
76262
55213
89129
34456
97926
7616
67434
61899
48369
32086
98940
90841
49823
6289
65108
86782
12850
30993
42163
18360
38645
73297
1041
17454
5367
34742
81934
18803
56004
71307
14589
84226
27937
61663
18509
28020
74889
61512
15756
3717
55697
44737
81226
21316
68837
22727
90064
58609
49685
10225
148
23081
30231
41646
31266
73508
21218
56112
84456
63816
67868
29942
36670
22046
77193
83567
62368
84226
76232
55130
33497
58297
74484
45043
22118
95051
19100
17888
34156
56279
14791
37353
32966
91558
89576
72150
7296
59255
1465
21306
72921
21594
65823
24989
49208
96080
58586
83096
71823
56223
51015
75649
10300
91356
81308
21527
33841
65393
93192
72711
54386
11998
2228
64700
17487
11291
23546
87030
26085
80588
95432
38281
17741
61277
58921
97374
55472
3861
18353
18783
82229
38863
2394
45603
67209
33426
46688
79473
42098
3579
82877
79594
28192
29745
29009
7991
7904
94878
82202
11073
35495
2045
60716
23304
9887
39318
54678
65939
3689
45287
14545
93198
89407
77869
22221
42050
43108
51400
90825
17534
89387
20572
2103
4803
68577
67643
90594
43293
36160
79976
69445
35621
19352
9967
80273
13131
65268
79433
48706
75273
65271
43211
92111
73011
1161
93837
78036
79587
65394
89096
48629
56648
72305
89753
24434
519
4113
76106
85058
66066
29673
44376
38629
10980
71070
64751
76882
19831
36776
62497
72353
71716
45462
51005
41134
27257
50510
23692
10922
75569
14701
45312
70888
84806
31495
21309
26105
83265
88628
55449
12517
18634
82520
73368
52071
84395
25469
39567
1019
24878
37406
28114
78622
3319
63106
6274
45778
40581
22571
27678
84125
92338
23571
18666
43893
78465
50811
61605
3162
83911
80167
46748
41631
75946
33944
83980
11391
97982
66559
61133
47624
54830
75275
54185
85695
35400
44672
30660
79280
4209
54908
76286
56343
26320
15279
73395
89152
52583
11350
3588
71455
79411
96524
69703
35013
63868
67366
87705
17169
81328
51241
1643
41518
30987
58371
80906
64502
81281
16746
26280
64699
92435
58309
92945
91197
87120
83381
21648
9678
75539
98783
66247
26190
55826
10521
16502
6363
24367
94190
38842
4256
50951
57256
15055
87417
67503
72665
33896
1296
17279
77846
88715
93072
78535
37609
49474
93964
9317
7241
42851
63066
36609
97712
61162
94273
79024
29441
39580
60860
37564
62291
46692
29754
88061
44639
72051
93187
1384
10834
86576
6050
1693
8231
21807
94378
3247
73236
46062
21014
92957
4271
76514
61208
67565
82030
27920
59805
42360
86856
75847
54932
27041
88010
2899
86529
64119
69602
50725
12411
63921
50353
33669
3438
20577
63609
86194
64093
31585
69876
22656
22104
35450
50100
79632
69445
52948
69148
28053
23894
45400
46970
40042
26280
8425
50583
14162
48459
48656
11101
10759
21642
13183
58668
92548
34529
56861
25624
57638
39558
3552
24539
1765
73550
64409
63802
73472
1997
91465
52679
67358
37384
54202
57051
94265
69035
53344
51965
29341
6266
87462
47828
30143
84462
58612
19789
22112
45239
80262
54585
43225
33152
26657
64941
30952
62603
82654
95767
63376
75130
68825
39291
69327
1487
43355
78088
1048
42657
24842
42097
26817
43676
44683
411
59696
68579
40718
32264
67102
87492
64952
92790
73229
65768
46574
18880
44758
5421
75445
70862
92043
56018
32398
19307
75963
30103
11982
38955
42371
84431
44100
9375
35762
32515
55180
24407
25165
14180
86297
17226
95001
28316
27599
83285
17736
58089
40845
39318
91778
471
13297
76347
73204
62329
50558
63244
29062
39748
14033
51850
27447
40344
34025
58690
26259
56132
73557
87482
26564
17229
86799
38103
13078
22122
93174
24617
57748
18575
78537
67475
57633
38108
7447
7091
713
9802
83436
7978
1230
20337
10654
69600
90390
69625
46038
12791
78041
35411
57793
10170
90480
88770
32294
80523
15497
20276
11482
97726
25175
17791
12943
28685
30518
74498
3235
32952
12661
42505
50933
8960
33300
5820
35442
97649
22957
47493
59725
14562
25255
56156
93446
97162
68333
52713
85513
26713
845
42252
63103
88320
39012
83012
33426
81782
60462
851
27913
68216
92396
54187
90572
91251
49854
84551
58425
42737
75816
63736
18804
9918
94018
97075
86206
51990
30494
86675
75196
670
61214
27792
52817
64603
78678
31659
6414
65970
41813
57028
725
93909
66089
20251
45365
66823
48192
8928
60735
72325
22235
42447
58895
35216
25997
40371
13382
69435
11169
12726
44060
96245
44289
82178
91627
4788
71107
18599
69951
38335
78430
27106
94226
77765
30794
14830
55284
89751
69990
79873
83847
60639
84715
38822
56248
49148
88965
71346
17977
62019
52729
73477
86340
3763
32914
54215
34322
16085
70670
51853
70874
10415
81109
34991
19949
96403
38754
97183
34629
63552
122
98471
91918
69597
50978
72695
38533
4277
2141
24898
70101
96996
71458
63661
82680
22316
74500
49443
84099
92708
65043
77648
80306
59670
71656
8208
46938
61523
15797
82786
56597
59646
65115
63102
56984
13754
80853
2808
33553
31120
68266
59153
42212
59601
48696
46065
10005
44068
37507
6587
57495
93700
23206
70988
97483
32825
40536
18009
82757
68674
73687
48804
89616
58612
40627
47074
78017
59946
23864
95085
46280
92625
1295
56817
15571
56150
64559
86821
70902
18462
50285
59944
85861
32201
10898
5758
15546
21692
13003
79653
16721
96954
64964
55600
98768
6391
7230
13815
57380
43681
4176
97937
87399
27027
84177
30719
15302
88927
64651
21774
16767
77807
80163
64017
25831
36063
82341
801
13953
34875
69573
40202
5011
65017
3984
10227
94579
66291
8449
24913
27903
87683
12839
81008
55921
70683
92124
96192
25361
29392
40592
21016
96812
7098
67379
76129
12523
98955
65762
71297
75166
94657
78377
86939
62359
78706
3095
7008
22756
63035
43143
91900
87644
86301
79171
95927
2626
92644
57331
64814
71639
26829
15002
69557
32410
12700
67489
27228
88611
51295
13005
13779
48117
75067
22988
80659
67857
41809
33125
18099
28015
21580
53933
97939
19632
23601
59822
68385
41615
96435
57066
64062
46045
48483
71837
27003
92724
20505
10496
55277
15251
37441
98242
78075
2776
88476
19353
58072
18637
54042
91598
85497
57497
42489
22839
27132
78942
23981
36110
26354
77810
77868
85558
35020
40239
56317
88997
60822
23622
68580
80461
72346
87001
97756
21893
41187
18165
45322
63149
75228
98894
74737
97855
13909
89740
84080
90496
23385
78748
97164
9277
32319
97929
88595
18675
33643
50289
32614
12879
76209
95860
3314
23596
46173
98279
60524
61226
10993
34327
7470
58651
54828
86209
523
92122
32540
50551
98658
39293
8832
88412
34474
75889
84772
77808
48515
52036
80329
43279
69372
83493
61664
61619
68863
42487
60731
34370
48101
17813
26281
7579
37655
71432
71516
80970
49002
42916
42385
28291
46406
83897
51
74851
17036
77988
71020
58785
10625
97397
68145
37540
64603
66236
3992
32310
30854
73517
75321
50078
80556
89090
2198
30724
1847
75352
63440
52149
22724
80153
82328
57494
19830
68016
35727
92885
62300
2852
33371
87154
7440
22524
60070
74189
24541
18224
22828
51962
38876
79160
7953
20863
71195
26406
28508
61950
55699
17598
33692
39125
88316
36406
20270
98123
46271
59592
78392
9669
10448
57100
17573
50014
70845
11386
54085
54582
94528
35334
1537
88889
21629
36428
59384
64632
54104
71059
73552
90933
17686
46670
78788
86807
70630
64533
96182
6686
49685
98698
77674
76712
54874
80047
60983
93138
33108
63685
85379
38722
33734
26048
57577
5169
77564
2086
77618
89126
17934
6366
44197
84086
72206
73189
82716
91911
59278
11795
68661
25947
86067
8181
56337
97859
6200
15827
35637
44241
27041
80569
44698
36351
54453
25659
12651
92101
42486
18522
76818
42085
17225
31643
40312
95955
85132
82871
34800
2481
49529
22821
29758
75303
93862
85514
7345
60023
91957
23339
75753
10671
14479
8210
82119
88519
38992
65036
48017
28602
28287
24931
95286
74825
87981
5287
23932
88307
2631
54975
63427
3217
59665
97053
24493
56349
65713
55824
40845
54491
92205
85323
19442
57152
46219
72578
56718
36663
69243
8501
90127
86995
12106
79805
91305
97246
70718
60292
7485
59871
3313
90809
74467
38098
19636
29576
71223
96818
9441
89352
93883
722
62717
45670
4481
69537
20920
5840
68251
80347
7282
91948
82841
89900
55700
40253
23534
88543
54120
12407
77064
33077
94575
71466
24082
88057
87461
94787
56112
4944
56122
58921
36141
77439
7663
38450
52364
60260
94451
22590
57498
79614
64106
87987
77364
945
15161
2103
14795
21705
8816
88837
16216
7336
87004
95262
44533
6706
71464
78368
52810
22261
86335
17949
8657
32919
6945
84114
89063
85384
26512
24840
47095
93902
70509
60744
49892
21038
56084
97838
34930
24360
40169
29224
54970
89068
72837
74352
65081
60817
95025
45301
14875
92229
47221
83704
69561
23686
59078
49882
93348
40054
15218
55483
41845
58373
86585
26701
75908
39872
92626
37783
12768
2520
56727
29725
55729
42990
47374
10461
76280
17690
44212
74524
24703
83178
11648
4231
72794
35407
28242
39958
61898
79908
22670
46738
98874
5408
10361
59528
63320
84354
25639
65357
83922
26396
54502
80529
67921
86376
84738
49728
88975
328
14414
43451
61313
60802
11244
87742
90552
11071
29017
64106
27298
49469
96664
78562
58848
93754
51225
23083
88948
39665
74710
21285
84458
47801
18090
84998
18887
15593
98118
51430
93978
82728
30073
18205
1709
4008
82188
9336
52759
29971
74575
33874
69674
60613
97147
50615
41045
40353
80733
45404
68317
50664
25100
21466
65045
37099
14087
76434
27038
18706
82886
76706
10260
2286
49259
20285
6144
18208
10220
90353
58403
72653
83137
75882
30734
53680
73116
39428
54187
96303
72146
23686
7631
48219
51988
8265
57334
97630
50642
57583
73611
21553
20437
69809
58963
82541
31743
56441
2437
40679
7354
89774
24064
60625
16121
62590
62137
85115
91367
20430
25423
86617
60050
47076
7813
50110
66803
1701
15339
77966
31894
83883
27225
72409
88080
84526
33730
46339
43617
91428
47608
40168
23152
90235
53010
6157
9285
28186
40359
94345
1519
51224
56837
91523
98123
69636
58731
86629
95565
90707
98047
57414
70958
42505
38205
32534
58995
3310
61508
29322
8254
61626
7734
34703
85123
38571
70021
84755
32000
21122
83749
75839
12953
17726
38633
38624
35568
59585
82077
56869
93070
58047
39622
30763
57096
49964
26241
78196
53313
48285
87623
53495
83024
6782
72779
9649
91622
22515
3132
54872
89590
30195
9134
74511
42777
16798
33559
89542
83693
39831
59841
50409
73329
84188
24491
94625
74832
47354
83116
63864
2255
17310
57717
70006
16901
91726
62337
19240
41462
84958
70221
59344
28459
63031
69046
96087
50946
1545
16411
13647
13166
35137
64136
59174
96203
67302
54427
81316
4200
88782
64575
71709
68977
4925
63859
39626
24815
79149
90487
97330
84495
13089
80394
77870
30388
48235
5370
8091
13065
90662
39073
576
81111
35517
4168
26558
639
74106
2571
40040
97893
77323
72920
13912
11194
47943
95334
43529
22956
78359
21542
25483
44844
26743
28224
47064
42563
91123
76605
3269
86746
64190
97932
88189
69533
64262
64956
78727
34402
49532
45221
42256
20588
67647
32931
7291
62207
89088
29424
60109
85415
52104
10684
96685
78058
2149
46899
67832
93190
33764
83388
14947
69944
92976
32426
63657
29226
13904
20897
83605
66760
63239
19742
92649
27224
16149
31963
91372
62291
7763
15702
17219
27828
54068
61029
33838
80372
18422
23104
89147
91312
32480
18738
60088
67208
88078
36533
57409
74724
7167
59034
29962
41773
87608
98346
55687
11061
27889
76332
56495
14268
90628
61603
5446
87424
66735
66787
62729
85784
57807
5521
2093
87085
72788
26324
63192
77845
81092
40939
30977
5318
34031
81163
32796
9316
62682
73005
10725
96687
44671
16275
22526
46716
9657
63397
52636
15893
277
16949
91083
57936
12724
28362
52593
92505
81445
81285
30296
97413
43975
58622
1629
28580
58716
45001
22686
82170
65425
74819
53057
42506
83403
28083
62975
22551
72291
98311
54679
8785
85402
39156
4982
27112
37743
7985
78829
65584
58557
43721
52691
82418
24010
63395
79441
76442
51850
45240
22316
17954
46987
3512
4149
40475
38952
75225
37589
64602
88089
77829
87084
21775
62394
6926
98480
40806
90247
23361
84867
73335
22769
48317
97469
7992
83562
90166
30392
45349
69021
26498
37107
70793
68681
48863
75590
52668
85988
49991
26820
7601
38404
80906
33703
84347
54297
58079
46581
40627
15598
990
31799
74497
96678
8756
38587
11132
16043
20627
81831
19743
30569
98037
12062
47923
8578
91142
83760
48507
26962
59372
88553
91712
16435
69524
58923
89353
38291
3081
91999
21854
12184
75891
26983
28777
82374
52274
471
57258
4368
58134
96682
56390
47538
87549
66601
14043
37855
47359
40150
20291
5134
52562
16327
84290
69727
92525
8982
81797
58324
16259
54764
94961
3499
16110
74893
70541
94167
18708
28391
62398
86797
21363
59893
75381
70853
42413
60273
41318
74359
60584
52101
29560
67924
89293
81658
14828
4455
90962
47962
76980
3176
70798
65367
88089
83080
90945
79975
20600
38724
86086
14703
62819
24744
44509
50164
55272
91428
65849
1320
68640
5924
28315
49090
31766
3121
74745
96446
9961
30269
66783
52452
54920
25187
85384
57277
39906
92037
55033
79751
75807
53392
16010
22873
69454
79722
75098
12970
11963
10804
17902
83133
96724
51362
35381
77302
57897
5415
55851
24352
53886
83101
55800
41295
76551
81306
78869
17352
85695
71430
54762
56505
95044
61409
72478
96555
42826
40217
82148
81924
86890
9233
57487
55785
23415
13406
4138
46528
69046
9035
89551
4443
14079
35660
85985
31057
32484
64503
92087
86214
96141
40454
17408
11539
84189
17409
63894
96376
26604
21153
26009
11614
91242
16232
56089
78929
9637
78067
894
1403
73703
74649
50903
93108
64664
48109
21062
38764
8547
44327
23493
82403
69391
60266
21311
83863
23948
8350
81277
62077
4064
61757
46731
22244
32502
53419
55295
96610
65201
61254
56637
38194
88466
55941
74618
57757
10252
73149
53299
52477
14432
62303
46688
85657
53466
19605
68899
87586
80319
7619
54263
29533
60882
33794
18111
88697
19185
20751
42277
47536
20744
5395
2875
78890
92002
50995
27449
5332
49320
19040
67243
51728
51688
85169
97894
70750
5594
74524
43976
65752
78497
3908
89537
56548
24133
29595
60386
21458
32961
87169
71336
31981
26094
60837
53708
9767
67539
13184
2058
48244
66407
35857
27492
18544
93301
56674
24739
14397
95651
92562
14746
9797
57183
29980
70166
46054
51917
24941
22590
23843
98090
3691
1979
54687
1654
87736
46139
22964
62970
91790
70457
61826
91206
23397
73329
24291
53741
8207
62850
34762
84656
916
76804
77700
11691
46849
37371
2024
4600
67260
98816
33552
89526
7746
6602
68497
12221
186
46566
59894
71601
60674
93264
38864
52529
51127
82525
60387
43827
92738
68423
65930
9246
78757
48460
52403
22867
24846
31195
84380
14968
61618
18131
12772
17770
13611
74762
90583
15759
30420
6727
2954
71862
95025
95134
37460
33699
1379
53773
42253
22059
89977
96127
14448
15848
47010
41724
63380
19505
5047
96850
79089
38010
83630
35453
12605
1083
38824
61511
48174
85127
3564
47316
7769
17371
64909
82404
13394
45177
4422
83221
3429
24593
16462
28389
14120
69315
85463
15801
33907
28763
8704
69725
54832
29961
41850
74137
45149
42612
62383
95564
45753
9546
62974
86455
1346
59022
33988
79632
86516
22775
18940
94994
42566
43153
8871
77781
26759
44779
77687
89264
66950
58484
53565
21063
63223
72618
39146
4058
54449
43369
2371
72477
14468
10124
39245
21189
85208
22834
36304
51462
42584
89584
4800
29278
14301
82408
7279
71324
88072
41259
88702
52299
22607
19624
63722
13253
37193
39513
59211
1118
40804
14526
87831
51358
3771
91824
47470
71786
7030
35172
69830
70904
17185
1609
86711
86173
86351
66464
40969
3886
94327
13848
86393
59591
92444
75779
38827
69490
91378
44873
80985
10343
59996
54911
69449
82292
56451
16091
18788
44754
59809
59622
64275
74373
93756
22350
21573
39517
3373
22239
43147
40557
11800
51182
79316
5512
88358
18458
68132
47051
80982
65983
13223
36898
31763
57176
56396
20355
55655
37616
70556
21321
77501
35942
10570
61118
38619
64147
16772
39577
30230
84408
24671
28887
73296
44544
90666
2113
2580
31920
52233
96586
10522
77271
5089
32508
62718
24646
70227
36174
96603
61005
83458
87979
13861
68366
95342
4369
84188
84826
13067
91317
11188
64655
46163
24512
86098
72131
79584
87912
27089
14704
69598
59382
93865
96316
34781
17375
63937
86115
87244
72785
61052
1507
36216
82140
73631
2044
2293
55986
91538
88410
18220
7180
58229
53265
76890
515
39938
32019
94617
70640
81736
44024
53207
20280
57392
3067
46228
68576
27504
59869
8658
68905
42572
82969
24269
62855
50917
67963
76793
19700
53370
19469
47707
65740
20763
36528
77152
76780
19620
38995
27225
38676
93574
15195
81256
45278
98801
85736
34076
243
94326
54535
47761
24273
44458
82417
68795
3058
55404
20223
336
59171
19823
77896
72701
39919
94226
57866
38913
7720
59197
42560
45334
89506
31583
26342
84933
11732
22802
72902
55201
25163
42608
20381
3012
13469
83735
47160
52822
12047
44983
12045
43965
51500
77677
88215
73302
93138
33256
11521
1632
4754
47280
38326
28145
59796
45126
64675
42131
7637
85927
80298
65150
15990
3890
20876
61481
41802
41641
59121
44875
259
80748
40359
29556
6682
98112
3469
22809
20681
327
1139
79827
3999
13833
42696
7137
54911
91529
90752
58876
59061
89690
69744
30016
98343
31688
17966
71035
21723
63131
84090
81046
96635
5165
84067
5024
46281
8501
34895
1594
42409
17388
61451
40701
17226
21805
92891
4311
40344
34250
65415
47293
27465
59529
59115
59635
12393
76573
36697
16758
37613
14625
33444
84722
37617
92503
55540
63679
62046
3223
59521
97494
56084
15843
1733
83098
20215
50607
62139
6802
60521
96830
54958
55747
97820
37135
4928
72921
57826
56926
88656
33950
88387
57255
55318
87036
4938
57790
45014
90724
73036
44994
65494
9081
75174
96288
92598
28822
80491
49307
89435
83620
11351
34561
80968
75344
78154
1104
93434
78537
38036
84648
77166
62519
42233
31642
53010
44447
35850
50782
30933
47867
89048
48515
47395
48582
96101
26542
45440
86925
24041
30373
9712
95049
18974
90262
25633
441
30008
88985
60039
41165
84708
44836
34146
31141
62356
58765
98301
25327
65789
83114
11309
53768
54197
39668
20740
39738
27052
87138
75113
77475
34422
37722
20110
87894
98009
80154
43014
81451
57610
27509
77688
35401
75630
75321
88813
54460
53664
22237
73610
95866
5726
7351
44146
15775
36912
91243
64076
35656
19855
41752
2180
80588
45957
82261
70824
82183
94662
87001
42137
96944
16018
81352
58420
12794
92183
969
420
90632
51111
49092
7870
55617
77123
30977
14289
388
34212
55780
24424
69309
19529
24740
71525
67476
23802
49147
47355
30743
97320
50999
44528
32414
38230
20487
25693
57676
15360
39498
32780
38629
76879
42448
40429
8491
72991
284
29869
25291
92269
89289
73027
19860
35063
95730
55656
12279
24922
17238
89275
6162
67362
78528
32318
46383
38362
52356
40768
25834
82048
44894
32752
35999
96908
39028
15610
20505
84133
87444
72937
26832
94736
82696
10690
16210
28646
8741
77545
52154
58520
32508
66099
16917
12114
44647
32863
13473
36977
43701
60577
25640
68434
17561
19403
32738
61433
66445
11882
12618
54090
44700
32995
88183
86520
82148
35409
19850
79824
17994
62277
14791
47145
94056
54736
54068
96946
57978
83575
39406
28959
38558
66987
7779
21306
20321
96851
10323
98362
5814
60161
7744
85091
90465
10647
98060
93274
87698
66364
17993
65938
46373
39990
58843
85432
41966
25925
59346
35287
52043
17682
54788
79529
34737
78859
44951
87139
51368
16348
49684
244
93419
53426
93495
87282
13647
36911
20603
81921
94373
10854
87418
15072
88578
46466
84594
5929
73347
12903
5236
76429
62166
66724
61061
40634
11412
13548
98191
37195
37259
93936
75514
45706
69248
59418
90044
57212
54401
87017
16168
9305
37337
69412
57426
77462
12452
57060
61128
81673
28874
27986
15021
34536
47593
48866
24887
34415
11954
2443
22096
87980
6798
70004
92217
54617
98
53813
27474
97181
35429
32383
4855
86527
76850
31393
54677
26944
80425
14872
43874
50619
20095
47394
4009
38804
33878
66943
2757
91171
5640
57764
48253
85204
66781
90461
52262
26012
46548
9367
55614
70657
91269
59143
28612
91102
39245
17506
79078
15154
23643
10842
13274
64052
49591
88106
6614
42173
44026
87735
38971
33458
75665
73226
50115
4261
8571
76102
13403
22503
3930
75778
48412
17692
68494
7316
28540
35698
46364
16411
91505
89711
1462
19151
74077
60623
36965
54367
91293
38431
26953
68510
94260
24041
19153
15083
73301
55692
29477
24011
1366
51863
35040
72045
2439
52330
7732
47946
70289
4864
2430
1607
47923
22269
38984
29657
56992
69592
19325
73812
76725
24686
72879
24664
95070
97323
83460
2320
22176
637
75383
37632
42817
90863
86251
61122
53700
85086
12346
78117
90032
88868
66588
28804
46152
83318
12643
8294
73365
7532
43427
82302
96888
29525
30455
5113
39428
57637
80543
33536
90911
964
19165
45801
74265
78755
5142
65022
56638
62942
58062
59522
59398
4881
88260
25755
27811
18736
97037
56497
76234
6639
57068
49265
76378
63378
55119
57486
72586
22842
82324
70429
53823
88581
73491
21283
92715
74176
21349
70221
13377
10052
36314
68091
94509
51979
24985
54403
61969
60493
96376
75646
2745
12563
39027
44153
51456
30783
62585
49177
2492
65766
11890
19451
67844
78828
31868
87856
65257
18002
73877
11018
89514
95749
30771
19758
67050
46134
14471
44718
31485
48066
81064
3785
62248
66334
3316
50817
97501
37105
89217
51040
72030
61030
23674
66896
60025
32756
82965
57486
48113
26500
95625
23634
76157
302
85877
74518
22898
84023
72275
23608
55132
56699
35443
76702
47697
74964
42388
70885
65094
64749
31373
54398
30203
38469
53722
47078
12010
74491
55586
71576
69382
90842
59733
82665
40501
96329
64043
863
83199
78826
10144
91367
36577
51716
39819
75698
27842
68144
98533
74059
5135
89333
87247
54287
81625
240
9645
79314
64652
92011
14567
57138
97891
87744
90549
54386
3895
43795
75906
59221
62431
9898
43050
97989
23793
18945
33317
86303
62726
19870
71245
37813
84419
14854
14420
58432
60299
69282
70351
41583
34595
26538
6271
56736
93926
35579
66950
26602
42382
68896
91838
48989
24772
60971
84773
55447
19863
2638
88253
94395
14560
6859
95880
57968
28198
97508
50776
92387
82525
4055
91772
89042
13650
97226
88767
97063
74585
20503
83875
37804
81791
76876
98987
5881
44476
84634
29174
9496
80088
28687
64143
78905
16214
79594
44928
3367
55958
96315
34359
57366
97524
60580
13361
80687
83141
80760
56899
88993
37082
92223
76904
61710
16302
59555
4445
98399
33129
18394
80072
95773
61671
37520
366
56869
92179
27056
21723
35015
32820
54886
64844
51692
47346
29564
87937
31289
47985
32424
70391
4796
70316
55319
64714
30626
42502
48912
40015
94018
10801
24615
60871
31074
29761
18868
32983
1948
65506
87599
71973
96492
89822
81051
52173
1233
37860
44372
57657
63893
40202
16550
63087
16947
77683
23796
23628
67084
78627
52441
95166
33622
98375
46742
62975
82290
20665
36049
11502
67352
56705
21406
21080
51249
52224
73029
92628
78001
33206
33135
60275
71455
6051
14206
53630
71802
58218
97169
6810
85657
90698
27960
69342
26183
57990
56634
23653
78162
86588
56113
79279
12007
51475
21671
19074
75003
18517
4703
3134
77248
4436
50706
35237
49058
62601
52612
77985
43229
97975
15746
43256
23389
2022
38203
69403
89625
47636
36360
45508
73925
22078
62329
30557
16931
37644
34478
42894
59118
41290
56854
80590
4674
46330
95456
43707
57443
7383
93036
9044
61208
79029
86316
62259
60356
37356
3340
68368
30473
75180
34339
20233
48777
16290
24421
57862
16634
28888
2063
10472
91805
92138
96727
50594
47260
84933
17101
78423
13221
98258
64177
39963
11632
87128
56730
91078
79657
80784
48856
26051
57905
74146
32184
18318
43880
94372
53729
53676
71839
34523
24111
40173
70485
22618
90964
12028
37304
22319
94190
44207
56478
40293
50033
85753
30607
20804
82025
5845
62016
13549
56955
64990
27839
69705
54761
54513
1838
62722
41297
26644
23278
21449
7738
7488
93370
5653
14586
64449
90052
62901
92670
44638
73224
15277
79542
74140
92131
43645
6308
78213
15223
6904
63202
46814
68894
93399
21085
4070
95416
2597
27769
11761
17948
15390
29098
42277
11335
78800
3517
74692
65875
72980
63545
74920
67887
88710
23605
19726
44967
90327
44775
8992
94880
12908
2806
41422
4074
67903
81941
6495
89074
30907
54621
61161
87707
20638
57150
49024
28481
687
24321
34811
76322
56758
38780
19330
62304
98187
28811
70484
7135
20990
78495
96429
37648
23413
5150
26132
35760
84821
32888
54450
54808
12168
81737
47054
11121
35165
17383
19934
65387
12477
13026
9160
67795
85960
54346
67607
77095
28984
23010
94033
23199
62894
53912
71925
24090
75481
63893
32938
4058
30989
56279
23034
76877
74519
25840
38677
32401
1223
87547
89986
50891
80214
73267
10536
75859
14983
64704
77467
61488
48314
5903
47819
75980
94067
6284
71998
36067
34977
81671
66261
52990
6987
38888
93387
92118
38213
90808
74226
6943
52496
67510
44352
65555
45375
31762
56279
52175
30869
83833
71819
77582
15613
75342
39964
5360
59713
77681
94035
75679
89076
82383
1344
97158
16331
25334
60218
82383
40973
6483
83256
49855
54036
97642
57549
97535
9172
91801
78777
91002
49120
19698
30985
85766
86204
5123
63857
55761
68132
8019
28632
66753
78819
28827
95433
48776
78409
63454
98290
81211
28716
91487
72317
28245
32751
3462
41060
24972
96136
52078
43473
27152
67674
7910
26043
62403
46107
67850
9453
40522
35400
81301
58329
95351
82701
9101
67658
12007
81153
18651
88303
36039
22789
13766
14747
89038
69549
39083
97753
53070
383
19531
67388
80989
62913
67177
67517
59603
66351
21694
97974
27543
27098
12795
47331
16234
67436
28362
52760
48071
8751
21666
31677
83414
91685
66549
76767
4604
98402
36175
82952
12873
43638
33229
1846
56933
72999
30008
72833
33975
35948
59581
56430
89724
96908
29930
65273
11937
17324
16871
1759
79725
82743
17086
66617
79381
86512
94928
54325
48925
30531
71894
72710
83560
34345
94865
8899
6181
47186
36678
68493
34646
44909
97505
74010
13829
56211
95309
49679
74678
24994
40566
89811
36739
36677
18331
34598
41056
46585
93955
87528
74804
4674
14555
11790
27552
58891
49985
79423
91999
7405
62976
67884
59658
38335
85576
58366
54151
27547
59209
11650
96765
42785
36532
64423
40167
92517
62158
61673
42962
94540
17018
38949
43781
29148
94882
95204
22780
39569
786
27149
85353
95987
61505
32923
54056
26541
39412
24686
37837
85185
85081
92813
65484
90518
43213
73097
87492
1188
22562
71844
54137
11566
19025
50512
70044
90918
30455
12885
33714
62590
21159
31130
90214
25098
53709
55045
68179
11556
10042
1797
35962
64391
21353
30988
30533
2141
57700
59675
70382
34756
91444
13485
28358
14283
10459
64437
39222
78394
40792
85188
11899
65247
60782
96082
11386
17461
92161
77910
36688
73655
69566
29168
25788
41811
13478
87060
52604
21577
90775
94825
86921
42754
55615
15783
6616
41726
37470
24584
24989
75437
25990
2069
69966
20479
18106
12457
5313
59800
1512
37458
66691
75267
61668
40995
55702
38471
37923
12543
91791
23695
47017
67233
73681
86898
8215
62271
97865
75107
1956
9092
56615
42364
35647
45500
141
3123
23558
63506
40271
6463
75527
11142
73952
91379
86840
68314
24477
78912
32116
55971
55551
29178
23429
37861
24499
9777
26937
45455
7742
82623
82747
1534
93503
46577
66574
66446
28877
57383
3832
81610
71081
47221
46609
18452
25610
17388
5974
52369
80195
65355
84038
3604
34811
63462
38729
27986
77569
9105
25600
54293
2034
26614
74829
16898
43673
3562
87728
52486
641
70925
73138
64765
42146
46848
50114
31811
53517
72321
32330
355
44270
76266
31357
15436
26189
69689
33439
74300
51545
24192
8833
75525
6162
44251
911
62492
85057
86073
10704
82704
70462
70148
33498
88407
32774
66811
7271
7212
7255
83503
88800
26661
71889
18875
9620
87945
69490
11196
91060
66671
31582
77672
55399
55977
92306
72227
9501
7383
42323
31708
38330
70056
46400
1118
23346
39324
58769
26618
64771
47405
68946
65778
5251
69427
16199
72952
15583
47886
19030
97909
14693
46198
90996
49398
34390
92903
17893
63729
39147
8889
58108
32429
15939
98579
20010
29095
28471
32495
39063
32705
22619
23137
14162
25285
21241
33121
30519
39063
98242
82960
25628
90504
90380
91111
42151
81063
88771
21226
25200
19474
53013
97932
95830
47050
53327
7556
41145
80212
18733
33261
14212
17436
39410
39508
79925
41852
95324
78674
43146
5395
6522
92993
9737
65761
92558
96492
7548
94805
14265
68527
77143
70505
91503
55173
92623
59334
24448
13640
67985
47841
63648
61826
10580
45647
54812
64986
6549
25421
87793
54227
54629
63575
14739
72991
44825
35754
18334
2129
33325
15614
20765
67824
31237
50515
2629
2471
57194
93164
42397
37817
22870
31529
85348
73738
57388
56246
67534
33880
85774
69249
15844
35896
72101
5777
86592
84350
76007
13882
34298
89436
21600
45821
92082
57859
80455
36875
29131
98712
4635
81154
58815
44389
3195
54217
30332
51056
21503
96117
49027
2473
84150
32454
91578
85389
98412
3692
44877
95880
55528
96779
40845
96967
71640
36629
14052
83875
53249
58246
86524
34018
55334
89091
15060
97551
51220
87852
79374
16202
64153
66912
66792
12562
72103
17920
14485
52998
32584
77612
62911
28171
31839
56553
89699
57296
24929
76980
26504
51789
95414
27600
94309
77386
23536
93643
89815
73116
2703
45919
60677
60082
4806
58372
41824
29821
71157
77946
78657
7790
69756
31212
77897
44178
9641
7193
44119
80608
13071
77260
41818
92620
13123
34596
35219
46484
90131
67197
31437
97415
38510
37253
42076
96493
68250
98715
17439
16296
47190
47625
21948
18586
69564
57442
71303
24026
40946
91062
42006
25774
8398
25059
81348
40604
93612
40654
80808
46851
22213
13551
24641
76468
49229
69011
51849
46374
95729
22506
85002
97295
81884
43840
89033
96262
95853
47689
92310
30925
9270
25629
57173
49429
12139
8188
67260
41513
74052
11211
97793
4692
18969
85196
49512
25391
22522
35276
84374
98819
43464
88109
98901
71996
25171
25756
6892
51710
72513
47477
78841
84657
89552
93394
85086
78472
8160
38323
96886
49120
24824
18727
12730
52124
83171
33104
55909
54533
64591
42637
31184
40286
3506
31209
20442
32821
67577
43688
26488
86365
63774
9442
17261
33577
37741
89880
49910
9700
59275
63860
90477
33108
31636
89877
26495
76068
77711
78591
89252
95976
32456
83289
15443
44980
30163
8808
47815
8749
1543
50833
52107
12985
19503
69708
26189
97426
19568
34588
11481
97085
48951
33274
46429
40777
57155
75385
30052
70907
39434
98549
19354
51239
9515
95405
13883
65968
84351
26407
86376
97456
48556
26954
15759
93620
45959
51671
32501
48015
49822
78305
20523
58655
55808
71459
44731
2956
83306
49673
82373
476
38718
10406
15810
75331
26617
38084
76988
39984
27034
43307
72832
90459
23170
59336
52969
46747
65325
85591
66042
75068
1979
42492
27096
34445
31002
37914
36754
13647
43444
48102
89646
95354
26897
80398
3313
20962
27665
80923
33042
33446
56720
20142
8219
82073
69206
24711
86557
36873
76914
59592
71872
41645
36274
65152
28100
36924
32154
14267
79454
34128
6070
32271
4522
36378
42590
57161
63114
59399
96661
16166
41904
36927
53566
3438
54366
29270
2316
14082
55687
5356
29523
37174
45817
30311
88784
33297
74786
88840
81514
4778
81676
41651
98124
9245
36639
61624
13057
31803
38353
11990
88578
25360
11116
44951
13422
77741
40556
22703
23527
64709
98211
62
71517
27077
83563
95237
2889
74789
94200
69077
87272
90747
71104
26130
64650
36327
79783
44263
37822
1536
10891
10828
91332
95765
85673
87602
57142
31832
922
24790
45532
65341
65333
52228
92282
26657
81210
66755
5561
83470
93160
23582
31799
44610
69132
85739
25507
53630
36560
94708
90481
72380
29115
68067
93566
26802
97538
47691
65993
5868
70147
51105
15118
31662
54217
91290
9896
11614
43961
46845
71571
53792
51232
31825
73739
74547
93575
21593
3396
74433
51108
76516
33911
78004
17438
80210
34069
14363
43308
96791
60755
86540
51435
13636
34754
61579
267
73963
21986
48345
51060
67664
2579
97808
71290
70856
77928
53578
15986
47289
30576
79986
61688
52576
66418
42002
48527
53978
27420
46347
10244
6250
30096
18115
98847
10529
97500
16433
64998
49116
15621
10124
6136
67767
2495
5817
98907
30496
94674
81947
88939
57830
39661
23797
97248
41071
22240
53131
6818
52993
5625
22175
72172
12000
33573
85015
5658
52182
41424
19747
83584
97553
81283
32676
84088
96023
15249
96144
94151
68644
73646
30586
45693
86460
63636
11031
67504
7116
65444
65443
83820
39914
1845
43578
76873
64125
73668
36042
54976
60158
79809
14846
5987
77870
34985
51037
75569
68754
49069
52105
70794
30306
77639
43036
53037
38239
93428
17723
3188
6466
43362
83391
69104
57729
28551
72497
20095
33036
531
92322
80382
48934
69052
91309
40476
87927
70412
33468
43174
71150
9649
65638
41048
50628
5192
93091
40118
93764
72631
57766
59272
47158
58190
18761
96219
14290
97985
52479
93474
82410
44437
73130
88824
56345
68108
91053
60616
45759
24791
31995
27707
43030
23215
60766
4541
46415
11087
9092
90037
91038
96674
13060
4303
75668
71357
33174
82104
73866
88528
69017
76013
72211
74374
84486
56001
36099
33222
33545
97449
54388
70206
40599
71381
7287
46147
12947
63581
42767
38096
86051
48133
96841
27024
12024
81071
54247
29873
8707
51780
59532
74735
30498
84062
63403
78354
42993
189
68640
60910
41406
22108
36952
41397
95157
86271
78684
87851
86338
37363
11319
25445
83829
42146
6545
79062
21798
66378
11893
18640
96482
24777
56581
78140
8039
25328
3637
84014
72625
95200
87781
37279
2511
92853
56743
18536
52895
15358
25329
41521
76990
22005
21077
15763
30276
24257
88315
34592
42284
49446
64728
17789
49281
92254
26767
15448
47227
59318
21222
41476
54921
18303
73388
35198
61817
95352
30919
93380
9611
83933
69562
81057
64723
50333
76083
24975
98653
25405
30034
69129
59163
26181
39965
5740
26522
33084
78280
54322
41563
62006
98066
61858
27781
49406
58436
43151
60871
17632
80402
46731
52283
33832
82643
44336
72351
79153
15798
11860
42141
51435
74690
31774
73049
1316
5800
92425
82675
58753
20788
27252
46642
22266
73477
74331
86561
66312
34046
96238
79694
85923
72285
95059
29509
54796
87137
75626
66923
45099
19257
76438
75438
47222
62896
91563
67626
70063
12068
53744
92518
32577
19317
46611
36093
9007
72011
83939
43169
68889
9832
58622
22162
54980
27140
65015
92035
8836
97575
83899
36166
95488
84530
16313
76758
93442
91623
11644
73489
14450
94134
61430
89945
44847
88513
30098
47960
11793
25471
96270
46521
59957
53245
7715
37478
17726
11051
78627
38763
75901
54874
61102
28913
97348
8179
53137
89199
10636
22963
83748
2115
46009
76762
46493
1726
77479
18667
78470
45486
40380
8590
76416
71589
18794
85033
21515
4726
92958
74613
88339
5680
65786
38733
11512
30403
38795
5041
77922
57871
80544
63808
98079
91691
71552
17644
34139
23539
8638
96183
13555
69348
47452
69636
66606
74401
24945
22176
72672
2807
2841
54672
8964
2597
3639
31676
69213
69437
29945
41232
37345
24096
37032
23499
1035
11318
79355
77672
79499
64827
96047
3170
62364
55581
89101
58349
15178
26801
77072
30591
70606
68989
24633
35006
57944
80248
73121
82835
5896
11110
35706
29819
52840
27608
44130
33615
18266
62072
91909
39273
11185
7978
16687
72703
37622
68309
60211
84916
67602
49105
13394
78649
5579
47067
4691
28643
11125
64124
49563
98022
92030
32472
69978
55856
25229
42289
13522
77048
68408
43252
95012
36676
36721
55467
43825
52978
57205
22929
61993
36575
41521
3757
16572
49947
71929
66214
40515
48069
78774
85957
25266
3602
56570
60039
25916
97649
82299
43441
94387
81850
29747
23862
81898
15701
66792
8724
14377
77840
31052
25277
47429
98488
11323
50345
59729
72239
75332
17249
17069
13814
98335
44014
30793
83538
71873
41136
89366
2931
20103
32355
98297
39898
58820
11203
98069
11072
52256
68072
57180
90675
360
27604
76097
6123
28036
95154
84613
66739
52746
54009
23925
3836
81156
81797
51036
7243
59503
19367
98538
51858
4379
43114
68921
47627
60986
41286
3567
68609
26799
46635
10549
10857
52637
97355
67675
97094
56153
25242
59013
36115
12269
96913
63422
89792
62761
19901
32648
7415
54000
27983
51733
14073
22172
38428
10726
95754
74791
57365
53893
93939
74936
56617
75032
12198
79462
4341
67413
81731
82892
78542
50548
92201
33849
84206
55206
48241
94747
4282
39536
58868
78727
60028
9196
30901
20743
75132
93844
32545
56600
38225
60667
87795
55951
78598
82394
60540
1112
92551
83340
77408
77523
41242
82311
8475
65923
46523
40760
43138
83924
34632
46065
92398
13441
4083
6897
43490
85263
19390
19528
17782
12569
86656
36389
36773
19248
61909
2975
81129
4351
4933
63796
10663
74417
64595
26049
71884
81303
85245
67559
92662
71682
64859
82686
15991
36993
30024
51089
30140
93048
26566
96877
9381
69797
25974
38895
91677
3984
24564
77265
6648
37918
7345
68225
43188
73850
63899
95143
73440
465
73583
28112
88594
87944
22383
43628
53733
24644
96494
32152
24695
70446
69423
21104
13352
58905
18182
92741
78382
85409
85486
66119
31502
59706
16194
29823
81381
74498
94207
16660
44468
3212
9526
40488
10362
73698
78184
15885
77283
38270
59282
13026
56302
53797
65311
7364
64205
98841
1973
95915
39581
29441
7663
74450
53765
88519
85930
11626
67820
19493
23964
12372
71315
36501
60798
69561
71697
20828
95554
28344
66629
22658
37519
65290
17942
60641
87193
95182
22607
45632
50174
56548
60342
57403
54827
47280
69859
19112
38125
28510
20190
21880
34476
38500
47777
31992
50914
63808
24853
32811
69713
44774
14488
68982
20730
36718
24379
6519
34369
50793
44786
71499
16094
89422
8013
32587
96407
1749
47524
29042
53824
88390
82887
10221
27693
21247
44467
35520
75142
98873
52888
11897
15593
73150
91735
10891
80998
4177
82121
54962
34523
15673
30083
31669
5088
72227
19774
5285
56725
20467
89234
60568
35815
76760
61379
49610
4329
29289
67411
62666
10671
98568
3167
26852
12150
49777
30950
85976
97040
12118
23268
910
3683
94339
61589
13443
31249
9289
86588
69045
63570
85073
70739
64832
8829
29294
1589
81234
41710
33295
37599
33521
31737
80408
15702
16543
11420
8621
62770
34063
59043
51714
90255
48191
89989
42442
45700
90129
56204
47082
11564
66048
19266
96240
89386
40027
57310
98501
31274
15993
83086
74637
5235
3202
22143
4527
78744
438
26456
28629
2518
78828
7172
98002
26839
2073
74189
52562
23404
44875
3446
36747
25954
65944
54337
79606
93756
39856
38464
22218
61606
90564
40839
42301
36457
54393
41445
22176
19946
66477
87188
70246
90830
24901
86558
82712
32328
32712
2831
23984
5018
86148
8658
38584
46266
46339
80732
81559
95955
23081
46812
14663
8621
40621
34100
84534
13423
37746
6697
6254
31529
78624
78581
8691
4134
19100
55942
4537
97110
72841
24888
12776
28769
67689
1277
96117
35311
77268
36005
30174
39053
25435
32504
96289
50115
21514
75200
33081
25384
63312
12276
28319
71366
48020
39711
4313
45843
63509
3392
98433
40964
93350
75074
76429
38238
47405
88515
65918
44663
54615
85753
1783
23230
16970
50960
29836
65107
97797
86953
82116
51593
23480
35749
88485
96680
79292
70895
3467
83863
84110
74151
74524
10079
56597
21658
84859
37123
20981
1151
49518
95212
59288
10836
84223
37768
37825
8783
69588
51642
50292
86106
57819
63149
89293
83805
2997
37105
39171
88167
48709
71641
86945
65087
55118
40963
23881
34204
70038
35334
2837
86677
66323
88026
67332
15091
97233
27417
17853
68554
43021
95620
21042
6222
17280
85320
66220
47179
54043
84199
59735
21740
63628
6474
1610
37213
31251
39132
70366
54156
17859
25698
51040
95194
55960
75847
89389
70352
1721
60180
95417
82420
58818
81260
44276
58387
32074
32918
18713
18400
88291
24140
1075
62995
2283
53056
86111
75861
56470
32270
28049
51823
630
24644
42388
87082
62928
39157
31161
89561
18476
35886
29234
46666
19521
91896
71156
10796
40082
4332
51215
97771
21969
27756
65172
68446
21767
32822
74554
7466
96261
49348
76460
10919
1689
42910
86026
72
57689
52026
82211
24768
44965
38297
71852
14984
67540
80154
39407
96765
44054
25668
74147
43822
81665
60213
78564
98067
45763
70112
2751
68768
95354
74627
26901
24497
6011
24414
46137
95025
60213
25575
58119
48339
49009
36371
22410
39537
82513
83951
66674
51218
6770
53965
83209
17157
75671
33849
18857
91004
1891
81611
72068
46029
23626
96671
66390
97266
2085
82016
44083
93416
54049
13283
66169
66644
5651
50631
62393
88489
14610
78747
21696
70999
18280
27688
53604
34269
59694
38149
55502
3823
68404
3834
13171
90378
13346
39020
1925
10588
82517
37566
51636
55401
26017
72737
20605
8361
17312
90634
90421
43213
7708
29906
11221
49776
88303
23827
78121
18138
55876
51805
52414
50198
78945
74657
14920
94230
31892
52157
39101
5637
29183
72030
87250
47002
95009
66092
62664
65204
32210
62551
51218
67961
27587
30799
20789
98841
59792
95401
92596
68159
80355
77613
40743
46263
7679
98428
62568
31242
43421
23263
7563
68575
40574
38771
97399
41693
96181
32937
55708
1507
35112
17490
49027
18920
93155
42239
2196
6374
14321
63078
93529
41448
38905
82408
12133
92517
79945
26176
96207
20997
72873
39670
649
37080
77062
84914
1048
21470
47841
34388
79367
19809
91003
98879
93556
42086
12704
40598
28591
32899
30990
29102
64843
67642
28520
12540
33066
12499
56339
11216
91065
41096
17220
44158
5573
87706
48163
31685
31168
13730
673
95761
26308
80121
65914
11051
50723
87168
96430
17144
57136
52796
67082
4622
80222
8201
65557
83435
75708
9455
24914
78872
68641
86106
32482
75491
4905
64595
58795
67610
54564
79324
73472
44011
48719
33505
39774
45129
43866
66602
10745
11232
30365
79117
83257
56553
35168
45616
70532
84834
25301
50628
21097
57229
24916
22621
43262
69256
39019
83206
6159
72556
56992
17265
46460
84863
84668
14076
81437
90821
22654
43951
69500
96899
7041
2698
64952
44860
26867
92180
16393
42748
20827
75141
14845
14586
91173
85989
77942
71890
40470
95558
8053
85760
96807
7420
7751
38001
57336
12622
89426
7515
22794
1180
50245
5717
10176
21575
95090
72593
42435
56008
42824
25214
53681
93160
14105
21427
87770
86351
47740
40949
5758
89393
55264
68577
89798
30154
86759
81189
22365
52762
88618
61872
70451
84788
98502
38754
5151
85104
95875
6998
71029
18808
42613
43717
3387
43984
16161
91372
81348
98623
54438
56973
34848
63594
24741
69507
80080
51903
51158
50270
98681
98790
47360
98831
82877
80340
72437
82686
93168
4033
94136
37911
71213
56962
45204
82035
41502
16073
47754
69770
38002
6320
20206
21005
66950
71068
10631
10074
16051
75102
21081
77634
47239
66277
25577
92060
54859
62039
13076
36772
12096
37519
8044
31390
86367
44216
83456
79428
88140
52359
57855
71328
4454
87806
65265
91427
1830
34709
92778
92147
87049
38699
35708
56019
93891
83715
91608
21820
20626
95458
67680
51337
19476
63908
79148
22833
44886
69710
85167
62414
32699
67598
43741
96146
35853
32846
61539
79129
61074
52752
82163
55281
24558
78019
63659
96678
92017
69700
49089
67618
28917
75016
29317
2297
18263
73949
84075
73371
78479
18081
64147
6931
21549
74730
54071
73028
78754
19116
31545
57428
56256
58457
88206
29112
23991
18450
5082
83934
25086
51372
24753
4930
93106
28150
12583
85360
16037
34991
82550
1512
7494
83060
66602
76232
49280
72207
34042
72787
94122
66539
47812
3375
25212
16300
73013
57349
14248
17299
67669
27689
61332
22343
71083
80361
76651
83583
26586
78218
37706
16140
45671
14957
32566
27580
90934
40681
63207
68273
37768
54642
88409
68768
84955
7920
55816
90836
29494
1274
78805
19123
14648
78785
68961
50065
11540
26217
1492
60808
68906
45354
10027
33305
53269
79949
54372
46020
66220
38922
40079
92340
36040
79614
63299
84078
37729
91889
39993
17967
61765
54109
62097
16701
54126
81267
69464
91558
33935
20992
69427
15445
28987
6253
94394
1123
14218
64268
48811
45241
20096
27550
29162
38356
19835
60193
45587
10042
17866
65103
98628
55632
421
67274
83913
11710
27581
51739
50869
34226
91672
68274
66121
34161
37856
31871
94085
26300
7722
54055
8409
11591
86142
28450
47358
20989
17384
98769
60077
18983
23313
85086
22947
49499
59402
84691
89785
39337
91991
44724
53644
68161
77492
28193
86469
63752
13703
23451
31895
19034
72913
85808
52919
12233
33626
75802
60861
93155
87224
39385
10559
52674
33948
41777
52276
76492
39313
11942
35148
93779
75953
54132
9345
66407
64542
73251
97281
13687
67762
41367
22987
85767
48172
73389
78620
40972
45504
72938
68741
54418
28401
30198
71851
3166
24989
18269
54682
44015
12261
45566
46799
65791
128
44013
1217
88712
36139
43803
58450
84442
84895
69597
81440
92321
24006
41194
70210
19339
51539
40277
75065
78198
27534
78507
25878
43456
61185
19062
39218
79793
2635
16456
33301
98882
95974
41372
9662
70073
54502
62262
89028
9244
18360
85122
38343
39083
4948
60513
4878
62530
90513
2057
13646
98924
10260
68004
48515
34339
32869
56992
36702
94980
13286
12751
35563
71336
54344
35324
21414
37172
13995
28974
54066
32554
21562
2882
62253
95200
56881
21424
70091
33958
94197
15840
4446
14806
7382
58781
20111
46748
71555
54567
28283
40485
83170
38583
2013
13044
658
84419
3180
74486
58879
26337
66209
83007
84825
31016
78847
84782
88514
18434
2903
86779
4234
12879
23678
85265
36969
83907
88782
59279
11824
26142
55710
5208
21748
88860
60423
94466
57232
11139
37804
82948
15917
75234
8860
90688
80377
56194
88328
19688
43634
57084
80275
41372
54085
57089
74435
42218
12752
27577
28435
3551
24560
54931
35266
92137
18727
74659
61852
91343
22245
72217
50666
51144
33610
35246
24400
55328
590
8866
76636
84329
71621
28601
42926
1278
48170
88748
19304
28715
10767
18963
459
49408
28598
73832
26067
37364
88272
42895
43184
52646
11863
47705
23131
94727
67409
14464
72681
25316
13612
52205
79519
57119
95984
41029
92130
30620
21614
65634
64409
53449
93243
39397
33898
25599
74144
65817
73893
90366
18498
71364
36433
75821
56937
31167
18585
70246
96135
40036
11459
46799
19254
16078
67533
64925
78502
28412
89508
97971
64467
7656
9658
9961
67191
93956
68587
20000
72649
40604
69452
4497
83545
11766
53337
95669
93214
28262
938
91703
5503
35542
81217
98246
83738
19539
31018
32471
25508
18227
39367
76479
93422
91626
46191
94301
62896
92971
76835
66614
5052
83579
21293
33642
58586
1874
62621
91884
42244
44099
87241
79432
77909
96211
30928
97284
56522
86870
30523
44393
76197
94036
86968
85083
5130
60291
45797
50923
34345
73998
58245
95174
70487
10555
94850
84598
13352
77611
14416
87870
19501
98698
19938
89931
81493
61390
61739
87814
15700
38388
8866
93646
81597
24806
64459
90811
43293
10856
1526
86037
53614
36306
59607
82459
97804
32888
76145
85199
28544
38109
9823
150
32846
82151
64833
20542
36477
27563
12415
53104
90290
59393
36117
75516
81921
79210
37731
25812
63946
57830
73632
57537
72492
13634
45163
94569
65992
40014
89797
69427
54869
41789
95694
20777
80851
32893
93162
22027
95350
56439
17000
37285
929
54096
14431
58974
79756
67126
9725
61241
56404
36470
4702
38569
30166
10954
40245
60270
80640
14113
19562
64716
4723
95358
53664
8026
44824
60858
6778
40880
21342
33172
48529
63297
7757
29775
21764
60344
88515
62709
24285
53815
29873
60567
73004
3155
48097
77318
49050
4931
74878
29428
61428
93839
17223
53076
57482
30038
48985
72200
87099
66351
85272
8256
43967
59049
10682
30360
11673
94318
77089
96355
22054
66162
68299
10644
50198
59554
58784
21947
662
90199
6671
95124
5176
52049
37340
15107
81512
62856
70634
57444
85643
29742
75681
19303
54486
8337
66396
58368
4280
76164
84395
95140
27053
37077
47896
42184
94849
35985
11943
82756
60037
49604
77582
6333
91608
70437
35855
23784
5477
3893
70359
79017
44669
83880
94220
75139
82785
79260
17047
47635
4983
22454
33715
25661
80518
79285
40666
6304
98191
32862
58283
72885
4770
38254
60297
74258
56138
89094
90299
14438
81918
26200
11755
80501
58997
90152
14390
41746
95053
11750
63423
16020
65432
80224
17120
66185
85068
74805
12134
12200
19630
4428
54407
28147
80178
11826
83915
11009
17505
59418
19308
73721
67999
6686
84612
67098
34647
58564
53706
84912
72038
72965
61752
74104
78625
38303
29787
13965
17676
21177
80136
25395
65265
35854
6192
70993
77864
26219
60536
4836
26681
78339
88727
89030
81675
69155
48364
28397
45704
61623
59508
24727
79095
2770
54053
19851
31253
75829
49466
8859
25426
48535
66220
62471
23852
45746
31289
69643
89010
56518
17955
96216
45782
12407
8471
28359
23215
24458
85593
61889
69650
65733
83441
66341
31237
48043
70588
25969
40457
30479
12137
24657
50961
22288
81941
91830
78499
8859
23398
47437
29625
16079
47257
17408
26644
17849
91737
4082
52431
95935
66397
89484
2763
28418
10500
41773
48396
16188
76855
46590
37855
49993
62931
27635
80838
56555
81641
10005
6554
27765
98316
43236
46940
15457
14039
98490
96464
31133
34728
77747
79150
28983
71333
97720
14846
83513
40009
32763
82151
66985
82099
69941
20429
86351
2300
72827
48509
16009
58891
39759
82358
58084
24398
25859
90565
79760
20639
41696
98212
58102
58321
22444
33569
49190
16637
19682
95023
29728
15205
95500
10915
43012
71012
7283
3749
54310
2217
46823
89153
29073
97238
46450
19297
49124
77505
51574
70977
76713
42782
97943
83598
50370
17543
14203
18084
58487
46193
15670
14706
20522
28284
55027
45284
20644
98535
28652
48653
72472
98861
44450
74311
15469
22736
86168
57841
13921
36472
8162
26667
47624
67336
37011
58617
34988
4750
41060
2298
63110
95661
75808
12140
85115
49297
39012
17845
68259
82910
67404
82896
5482
83916
21928
97139
74225
7723
48974
48945
42447
54136
71082
55888
54472
47185
52440
64889
58504
33971
23577
89328
95857
82013
19819
42247
36055
10976
83235
46211
35437
6949
66975
50914
78753
32187
4494
60632
62882
51084
63264
84661
70570
11403
27274
62252
11142
87757
47721
6994
56578
8185
58624
81761
40809
26508
32685
40281
64562
7997
38101
9042
58727
94978
16384
50200
76959
13878
71855
93123
81067
65648
43930
91361
14126
78232
5654
82867
41941
1184
47219
88241
39350
54772
38892
87971
12236
35432
88112
40957
36248
35229
30277
96701
59684
8800
59308
57260
85722
95895
28287
68335
75409
31649
3247
79162
6039
7536
23355
57088
33858
60949
25498
29968
72648
77657
67505
4543
41958
45396
29648
73095
23093
88716
34175
1257
86025
23699
68951
37788
65348
50356
36971
27361
53408
87100
23316
45370
31313
54770
26492
5751
16288
33578
66194
7861
58780
50860
47188
16308
51418
43163
24611
81803
53558
78293
52040
96466
36274
11110
41372
60395
73579
92225
2445
23365
30627
41516
2821
42319
85424
63967
80789
19486
49484
4809
44662
77979
30518
96799
64520
24364
70341
97154
94835
25349
9949
52644
44987
46339
55466
6918
50433
83573
16577
11209
40660
29095
72270
14551
3454
94036
4824
51333
66730
43927
7137
28112
29804
34390
69426
67712
98049
64172
95795
50302
18653
20746
79631
37989
52300
70753
95182
69832
10024
88742
48924
79272
64009
86658
19374
2984
52490
6245
69141
97775
94216
14535
26556
6441
65142
79042
73508
28355
52435
46055
77670
38937
39805
21316
19376
65861
61679
59991
40857
66734
85326
13058
52374
27867
36801
18739
47903
27322
72791
67094
34012
4090
1394
10665
86920
7873
24785
45420
33832
17875
30211
94539
60741
1200
92519
15217
60964
36864
44985
83682
71255
36709
91815
51070
91341
47485
15953
6797
48996
355
85303
75195
52143
14337
43644
69426
6834
45244
59400
902
92194
42732
88868
7321
84666
89311
85007
77292
60280
72113
38749
87558
97038
11393
18718
63132
41364
58115
63741
34525
64474
1661
19639
58353
76899
37625
45203
41550
56550
68902
81553
24446
15574
67731
86267
9272
15041
45418
54408
96401
89654
28828
20127
43311
28671
17998
7689
22914
96894
83480
51151
48991
61252
24190
43858
9418
58749
61437
67066
46752
58191
87339
84574
1319
9688
91987
2962
56410
639
2252
71983
29508
42947
52086
27212
49144
14441
54832
68330
61883
82017
85776
23109
80815
22495
55328
60806
72948
63711
7849
53701
81701
16001
85359
21740
50621
14405
21825
7151
86020
69688
72123
19752
52002
39580
91130
47247
97790
91077
33507
19774
51491
83592
35952
82650
61312
17198
76336
14285
23226
97262
85106
31985
5121
2241
18238
25575
82044
85183
24608
26109
82585
53751
98066
5198
46773
