23735
25712
25053
30920
82677
88962
15390
1792
58095
82544
69457
16800
7168
42164
52409
35850
88728
24452
31521
37137
58800
4772
15051
6356
35297
15245
5879
48646
91740
77310
88071
19830
82580
32230
86903
26464
89920
88723
21762
2887
40508
78147
65911
10181
18663
38532
38298
55872
17368
2762
6775
73627
77921
17093
23338
2030
20974
67371
40138
32203
86343
11369
24860
91167
48568
88914
66795
20184
63393
65937
86596
77129
41834
68521
10832
65055
80551
82895
48387
83695
66969
74240
77026
32311
82156
84885
33169
16461
24341
46199
12906
10016
30188
52944
87242
67065
47887
80544
23053
51493
74399
74632
57218
54266
48355
7727
51073
28251
23570
84567
91920
86346
87663
58723
52501
26185
19653
83399
20110
89878
52425
69324
66532
23584
70655
30199
3254
91546
72733
68796
5474
56427
91332
2116
77958
55990
60756
43784
58101
25613
80247
40473
70589
33510
65950
60078
54436
29655
79007
47873
10371
38851
65400
63335
18163
40617
85070
22201
83740
68173
17102
57091
84389
3197
26684
71489
66709
27018
46930
12577
59168
27193
3576
30281
32381
2733
42538
35550
86684
59643
79999
75238
31341
14626
72989
3091
44483
26300
27138
53716
5832
85830
92782
68417
18810
16736
69324
30186
11699
20449
12791
10661
76254
2178
48321
56483
74445
27773
71999
21582
65312
79666
30632
20185
89528
85
72444
85580
53433
90168
40690
71274
89542
11209
80889
65841
15646
1463
77696
78197
81356
64582
61929
57633
91356
58973
89463
44259
75513
87672
2233
8819
1428
45279
26655
75648
56983
47866
19377
16711
63296
727
36103
61113
60993
20466
7251
62111
53292
59160
23115
48196
25099
40183
46482
72920
60141
7477
14198
16653
7341
45628
91284
39472
42869
85951
87567
62853
60384
77052
43384
51215
64476
26150
77688
35091
71062
18757
45984
61535
69168
43468
92945
46525
50813
90015
74744
58302
21062
73887
38905
47461
86117
38476
80020
77753
90461
43014
68701
80870
65645
70071
24541
29656
82362
16152
68231
65309
78953
19591
28213
4950
34110
12578
25504
59026
73654
36307
82878
36520
77241
35511
67501
27670
76660
20428
42574
20251
6579
84279
37069
189
47787
86360
55453
65143
33100
37395
89720
31763
3350
52651
49388
32784
33059
66644
88729
4968
69538
43429
5343
9777
80836
86921
80517
67262
28167
36433
23180
26961
18544
34143
41058
5911
48629
35801
57690
84792
80112
25128
10184
18161
77688
39493
61810
58576
46770
19263
50530
26939
91557
61379
63161
15446
37746
63840
51214
38911
7634
32021
35131
62095
50569
48946
54488
67392
34609
33416
35505
70245
8458
68606
77234
27963
81948
55361
28228
43170
8247
24111
82471
40471
27130
80359
69879
25738
18560
67833
24363
67110
4120
82894
44888
14066
46083
90579
58852
54604
14257
7528
52510
82949
9292
22791
64955
28284
91142
73227
1044
44363
25367
64335
16387
25936
41086
44463
54308
68801
55920
68839
32289
4080
81159
67823
8245
68894
14458
63295
10338
52071
69450
44293
80813
17177
17180
63720
6623
89082
7154
951
18775
88758
51461
25115
28387
86466
36125
39270
24686
18024
2888
40287
49187
88799
7537
71516
5311
50733
3664
30114
48277
17348
78080
68131
58771
36767
85493
84684
90473
75144
38868
47906
31186
56783
21909
65441
37371
91016
5859
34969
68064
16058
70188
74573
41390
14352
24931
44633
86595
28422
35035
59023
20305
81433
63438
62446
48658
16251
6964
66952
74822
53305
79463
62239
55135
71971
17171
53995
55357
64824
25347
48266
4422
29868
22278
70060
35093
76999
8969
80114
83435
54658
5246
45539
34075
28528
59434
29139
86255
48095
86140
76608
15305
66643
32000
13785
49220
45749
54828
17038
89672
51525
69746
45823
47659
60977
65076
69930
21677
62248
56382
8771
59717
24151
25813
12466
88143
89223
44350
12996
88887
26706
82121
16687
25990
3776
13707
5623
29195
36386
83987
22733
15062
71666
69748
80306
70829
55149
20497
48992
56249
88598
85704
14081
45867
79881
6461
65383
26704
24488
311
71695
34188
40005
57607
59322
81499
13093
82668
77730
36658
52853
11420
74949
82619
7476
53653
54489
43263
85029
37538
10909
7614
35359
16641
28887
31731
32898
58241
81671
30451
29384
82584
41919
83683
55006
18338
16997
61993
9902
49863
24775
90323
11435
33475
1506
24620
38783
92121
69151
74461
4748
75993
81131
28744
19117
16886
48065
47839
43193
37285
36798
36275
10180
15311
15736
57161
59609
43031
34404
56407
79687
63903
8530
31692
5479
38829
23712
66773
33728
91851
37432
7579
80199
58660
21878
6690
22526
46586
18803
71445
14271
11717
2031
75501
92286
75166
44854
71600
66456
92409
43650
91846
15756
51473
26944
66255
86965
81493
90362
61313
90089
12056
48344
4269
47625
67119
85804
84520
65276
38323
57617
52008
62978
44622
56231
16372
80259
61226
59078
65566
36010
19493
75235
7757
62881
2817
12492
11074
61570
59128
17420
72748
10591
2044
69084
28119
5526
79756
82855
17991
33853
25747
17855
71499
23326
42691
75713
90437
86503
17951
66530
12910
12856
54517
14269
68669
61738
84226
48058
84968
56417
48312
55588
35099
53045
707
76039
40445
24291
21969
23531
7299
53475
60487
34938
55756
35797
67984
78786
48467
39853
40056
72360
14051
67592
75463
47098
57949
78338
4338
85518
22668
16214
82659
52196
14546
35657
73472
20652
45331
18379
40657
49878
43103
22763
88123
29269
13294
36542
64202
14414
50923
52811
32283
10283
74051
79942
76735
15998
29719
54207
67259
9316
83276
54670
9236
43512
29052
27054
76697
58801
10190
72179
16193
31330
87040
62593
25554
1051
21580
32050
66715
22961
43081
30244
7994
33367
47832
19741
53463
73815
48247
63251
53618
49985
82691
33941
38296
40502
8734
73703
18392
77505
17640
26230
63331
29299
27209
65729
45554
5962
58716
18063
3042
58134
7224
33499
84490
32360
15864
17625
50893
8951
45810
75028
57203
3119
53
61637
58906
36160
67107
86002
35465
32913
34726
13176
21653
54447
44447
15943
50117
3134
47569
74089
7792
1994
73852
30694
14799
81498
10974
3415
32276
4778
11308
76756
89593
69244
55030
29532
19718
43138
4064
53337
3170
81507
6452
67750
27946
41856
71517
58910
22480
45401
65783
9147
90531
50344
63082
9591
48716
39674
20509
74610
77201
17693
8120
83968
69962
23723
2889
38934
5976
53466
39320
66473
83709
55405
72950
35820
88359
69546
45496
61244
84807
752
54962
20297
90814
41077
52934
24419
80198
6562
21523
19286
78134
62476
5842
86372
39808
69672
70476
33278
69084
7738
85128
80023
90536
12225
5377
35060
9311
9426
48779
68355
39373
49984
78302
34168
91557
86477
26459
47278
30833
89224
64171
3048
4937
67115
68543
16476
18696
72455
56082
38056
31415
17110
32739
81533
91788
4829
15567
46820
2006
10804
85819
12753
183
44076
56751
40787
66036
65716
80589
11836
28313
73015
36617
48788
19109
4581
46675
77300
2501
84700
80463
83537
15141
5876
65798
83256
46144
16444
30349
39296
13168
13116
37891
62816
84377
92368
84337
19598
34416
69789
65346
54265
12858
4619
25913
8684
50247
79551
59617
18144
36605
48436
90639
11468
26544
61262
55300
24644
6159
56066
70856
79211
29026
19029
80352
87709
36775
82640
15712
20950
74188
68573
32707
6057
37415
90336
19439
44478
48826
66005
78822
29980
7722
85042
74766
80406
88766
59448
77002
65764
67300
36844
36730
34737
45759
16708
37702
62421
53213
49920
66640
25598
85733
34263
33086
45136
16629
59787
16151
50038
42306
32658
32997
51715
27553
86378
73272
70602
60210
8879
82412
26798
26492
83324
89041
21159
31659
42341
38304
12642
79902
76324
56349
32035
52381
72064
91279
9961
66176
35742
77853
57271
61619
2219
26483
75971
49422
48839
2121
44996
1552
41959
82693
86509
57459
43040
86903
65608
72290
26459
65618
73017
74047
27033
34995
87352
14474
5244
46553
57762
73812
83911
25629
49669
46402
68475
4963
85134
86972
80424
57638
12825
11357
90636
85617
89444
31285
78123
35938
29233
83825
48947
64921
54342
63132
26298
48878
80762
82991
72862
6329
89166
26309
18385
37187
25269
44482
5375
51242
77577
6801
14070
75809
50740
21235
88665
49205
29353
81069
47793
24548
19213
70971
88432
31649
85020
28817
77291
40474
7596
33049
48627
33643
20904
84638
36616
42123
56298
90463
36475
14371
75505
36959
78774
62207
18674
20673
54339
1877
92142
49504
74118
56035
45448
66725
15351
76581
17641
74986
60224
53755
16778
32155
51071
3681
23677
9636
59944
7689
92113
27045
52563
48179
78256
22635
50573
37980
2142
76040
58798
13940
25296
35842
12462
29769
12319
38065
91820
69594
64584
79626
42013
6254
19425
59793
84909
79034
6441
61787
6894
14593
58133
7961
41690
59277
59187
28056
81406
43868
8180
14630
2789
35943
9427
73727
84557
83372
81357
83181
82475
86843
33564
75214
23974
65893
508
17415
2610
304
57632
83615
32892
45191
39346
75590
83045
74710
21822
16276
17925
90476
87905
49934
33421
42953
9211
19882
2800
40135
4878
88340
19343
75092
29914
30002
52600
46805
77647
38242
46906
7863
81446
77011
7944
47359
57109
79080
86047
77418
16821
7121
67814
39438
74633
17716
45673
56111
78532
30609
11578
33797
29455
89419
63165
9251
37631
58330
47365
9547
85023
41101
67160
10900
8479
48116
4372
62277
2697
62316
23285
48060
11571
77676
59293
81679
6806
49556
72182
5108
54362
50374
47823
42332
36420
51948
55504
83401
78621
21601
64139
14425
72120
31500
29625
77547
17943
86430
43334
69726
11562
10685
63619
63712
20246
14337
47966
72028
52838
1891
16136
15533
50073
74382
53947
30671
76616
14877
37549
213
67073
64412
79045
4524
27772
8499
59369
40191
63130
73237
14234
31588
12805
26231
41829
3627
55425
47451
85430
70455
25405
32948
24163
10197
27261
63828
1242
46090
72351
24514
5112
81321
86911
14399
11687
19953
74866
91871
91515
18980
59452
16741
31018
45684
70534
58014
58078
76513
92407
59256
64112
49734
71654
28348
16666
66033
32705
66726
53072
23592
55613
60517
82724
19145
23427
37702
12998
76786
86571
79299
15380
81159
57784
37497
10731
88106
55384
19727
31682
86989
51166
60730
87815
86531
43685
81597
12929
53916
61603
63766
35642
8951
38823
41316
68062
38738
409
44332
82756
46533
83293
40219
16808
74596
46980
81278
50370
82771
25503
40829
33175
70988
80392
71582
29961
18235
13719
71197
89078
23651
89877
92273
81626
81338
70329
90162
67282
42007
26573
18455
86367
47532
9860
60700
49458
43678
41498
46880
36738
14233
92471
9756
77135
83793
43002
8448
41066
48555
37943
65344
25211
89106
53060
22675
23550
32373
66974
74668
56331
77029
24122
59793
249
51749
76194
84721
51887
65330
45983
34347
54271
26778
4742
67169
1023
3489
47568
20035
47676
23142
31809
9240
73229
76636
4661
26360
11729
36356
48802
26924
68175
8976
79038
6487
29376
3330
34222
1678
6691
57523
77831
36506
87973
39656
14069
91287
85962
67879
36502
86316
14548
15415
51306
2307
60295
68661
76394
86515
26495
84971
78145
23272
39583
82187
9195
70909
64887
20617
61729
47343
1273
30910
25238
9274
18024
92601
12762
50842
37989
52464
27688
54424
45519
6284
13861
64644
46934
18402
70144
14353
67397
41174
11960
4076
25658
12210
53327
34262
88386
24972
45113
45809
37846
54766
59296
15791
56388
11247
67568
42246
85604
8647
12162
33944
28376
57711
11391
28559
23470
42543
92011
58262
32381
28145
84955
76314
1394
84986
71700
63511
92078
52193
45546
91127
72349
66592
23921
5157
38966
71424
92436
37248
65618
87353
50312
61219
17371
86478
1035
55833
86394
2111
1566
3230
5197
32184
14205
63888
91
10943
64047
25316
87933
42779
73206
59525
91844
5727
72125
47408
6817
12054
29209
79451
36420
73113
76165
71331
56492
69844
46406
39989
76783
81750
68551
20828
36536
36911
50562
67513
14571
75644
46452
8833
87293
4390
63404
75840
59228
90272
42416
6683
25504
69927
14435
36043
5942
8268
13679
79510
89207
16589
9211
47935
18937
57746
593
60837
12929
32818
65903
86498
18004
3886
57303
58466
86905
25333
49293
48059
61788
85135
19597
63451
53289
53022
62335
77725
29579
21341
24648
8814
73785
70476
18518
8036
72771
70732
25439
53189
63207
51829
70631
9517
68018
27512
38740
10058
76933
30054
51007
42434
89358
77159
90458
75460
70608
53462
64416
52436
11872
5473
87254
27047
19732
58631
59692
24254
5082
4571
44735
26072
29699
35749
37798
20808
86066
79975
74463
14462
76221
15668
57806
36761
36967
86604
64281
35690
31103
46269
49083
52116
84784
61380
5707
33735
54054
19745
72544
29731
44802
39368
46771
62722
3786
91476
31241
11246
81824
37150
89908
7250
24173
61723
57509
38821
19154
79947
21120
9960
11667
84086
65931
7729
18097
56777
73180
90432
5738
32494
5823
56191
79350
48034
68041
81542
81473
63407
22739
4476
73336
79362
73966
20914
30426
56359
55544
6689
61357
89976
29185
13908
19017
90820
9405
64024
22749
22517
37245
83863
73948
786
91844
39020
69459
32850
70803
33561
46482
50602
64729
32109
18245
22606
31667
52913
57598
73820
37868
20561
51433
55318
49241
41432
67460
23797
79899
65148
90240
26947
72298
11928
32912
72273
2755
52184
65797
15287
71990
57511
40387
86194
59206
805
50644
83391
65917
11229
75487
55238
16668
60042
49797
87561
20876
32513
26848
27468
47580
6001
12040
60391
54327
19239
16402
62879
86777
16862
7767
56307
64070
70708
54663
17561
16311
73056
15729
33960
14450
11800
82280
27121
92124
2054
63979
75399
84070
44202
10481
46453
52586
59443
63638
17630
67776
53175
35319
83168
29297
15515
74758
29730
63359
50980
68667
57228
64215
68387
85127
70302
1124
9302
70269
67129
90657
81868
47672
26417
83699
40521
26731
39676
63417
70999
33377
73076
51920
85821
20810
87800
58775
48785
3214
53041
32884
85266
12057
57104
80802
60145
29611
8429
67192
27757
13531
1946
66638
76165
87391
55973
35926
50880
57138
36237
13893
55304
31915
68836
89949
59829
36790
89643
32264
56718
92802
30651
46347
13915
31862
52735
16725
44582
57792
79792
3810
3639
48212
61272
60128
34679
17909
39007
84181
92284
18003
79268
44995
87699
49361
49715
65186
79699
46873
30733
32328
33814
41927
40445
58039
91779
15919
57687
5771
61358
64428
65379
41918
32250
44270
85799
56834
12533
10774
55826
32427
5129
76265
52989
9630
61082
84047
28324
11722
37747
77823
38554
21690
57211
30001
60243
6859
15693
40895
32914
29960
68390
52056
59835
79776
82216
82923
22179
30857
18091
64485
56651
723
75946
84232
7452
43339
56987
52536
91020
17858
53728
92362
39854
89522
57195
63339
10600
42829
43127
4170
46334
22785
51233
5731
29020
67348
82029
26081
77568
3320
88261
64871
41126
6915
23636
91780
4557
15517
3433
2353
12782
18343
80559
41791
49021
75757
69233
69410
5417
85511
22619
66820
28909
64698
292
83599
26129
75397
12071
22035
53050
8531
72504
28304
86773
40421
64403
70569
79684
46577
40001
43997
60495
58843
13804
41083
61772
66206
52746
889
50825
11230
19502
11865
30821
24629
19321
64169
69478
12953
69184
62165
52102
86103
71575
67875
76239
12806
81827
74971
44893
91626
4165
58737
54875
15275
82923
433
45085
7185
56944
37405
13996
91790
82892
54046
22449
58409
43406
60076
27681
62554
30461
29564
26990
66951
37214
15469
7062
24690
48880
80015
89628
21844
59131
3985
85461
33475
51975
51109
28173
67059
36161
1050
11696
5748
27128
17269
40660
47079
18934
2886
86075
92390
84746
38386
38639
88127
5922
6682
10646
65253
84541
28743
86341
84620
60351
77209
42593
61799
55622
24531
52160
44935
32897
37452
45414
23129
69784
46516
3636
5429
44398
74096
42779
44399
36755
66701
36653
22900
10382
49989
75300
69211
16008
42241
34733
83973
53299
30556
89340
73346
79058
25631
34795
53226
41242
24966
56421
70412
6358
17614
57164
50703
1728
10425
33226
43434
92395
4120
22101
11834
66806
62875
26228
67960
1387
2072
16854
86964
57701
49238
1946
42354
29935
90165
41464
51119
62602
42613
2614
38944
16599
47863
52119
39519
47570
47755
63519
66572
58167
25999
60993
33172
15855
49336
77649
26376
38042
60032
71421
36220
21784
36461
49862
31394
76347
58010
89005
62858
48268
31300
34496
71161
38566
86771
28659
35756
78384
5603
1131
87887
18355
59942
29695
88406
69659
31567
40055
21726
76835
14022
75046
72097
44857
79867
72316
43317
78384
90929
35348
11584
23885
79680
73333
13530
71617
18414
59059
64559
86540
92844
69077
41736
4947
23225
37617
26612
44720
29861
40004
36056
86304
55580
90438
29720
25915
47885
22281
4488
71228
11157
4482
51980
90695
27349
56681
14657
39074
11949
22563
87454
17196
29883
81967
54682
81219
61708
85789
56155
3610
44798
19097
90680
61342
42432
70351
90004
55642
26478
40033
19224
27809
49108
91140
22595
9216
54271
92233
83632
32230
19467
71767
90341
71803
67508
1877
31267
79118
92484
92821
37679
37307
4885
63452
14636
64569
39452
18270
6098
48778
61555
51351
42407
22003
9002
73684
27152
54523
29713
18648
18493
82977
7651
8179
82694
26750
63834
52636
24622
60369
9252
76343
53354
61177
26551
39297
61702
88141
87350
62840
83269
78415
39080
11312
61018
74288
29617
50008
73592
28245
2183
83547
30866
18118
29411
31203
75032
52695
55218
56039
64670
80192
18192
92125
67307
33095
19640
90107
86843
30854
20361
7319
449
43494
48952
65367
76245
56978
41806
48051
15510
58705
89639
5486
15188
61723
37031
3651
29852
73628
31976
72843
68305
75279
14100
70493
77331
71402
18387
36991
35887
74663
40954
63905
15579
79858
59664
33537
46748
26102
35998
32384
59806
64067
22859
62444
9999
20746
297
8087
38792
27321
50775
38556
64793
36089
48076
71665
80640
23708
54477
53736
17958
49757
10659
29496
54070
87288
35596
10313
35563
13224
39052
22237
26957
11687
52168
16705
58215
86584
4022
70531
28736
39856
37652
11373
90035
24403
83588
4271
45590
10235
1169
48867
89332
15564
24858
8258
54495
41554
78199
19084
90694
37420
22644
26597
66030
90762
71025
55842
29664
44473
51075
69571
35415
65095
30939
24787
44364
92785
79273
73018
79672
87299
13397
74420
2285
57775
23985
71513
16265
11342
7134
7381
40272
31965
68930
80851
49973
27999
92891
4035
41525
36704
20395
11259
26449
58489
21815
56281
66934
90767
11110
38366
76378
58734
60634
9965
60532
61084
68750
90083
64480
81896
91869
84833
13183
42544
43866
89765
22759
41954
60626
32959
14108
64226
64282
65879
12874
59851
59013
86347
88030
44593
76798
52766
75200
81306
66319
46061
79663
51637
3124
84955
41009
4346
3991
68700
88957
92393
85809
82214
8688
72671
58681
25251
31344
8987
86132
92203
92520
14935
3017
25647
22016
10218
12751
29904
89927
2570
38646
50294
11992
50375
70583
68508
11848
63842
15001
78057
84248
39964
23289
44962
67602
91819
74885
24242
74324
78735
39517
18803
48276
12443
40302
73430
68367
76335
50229
42743
30299
92019
74492
84108
61173
82621
50236
52556
73415
92523
32743
1620
90698
23116
62496
64620
32564
10945
71682
18329
83981
57434
41473
33316
76644
1314
51369
3703
61777
16244
33610
71095
32199
18863
13772
91468
64040
18853
7437
1694
31316
946
87612
3810
64616
79479
83801
90282
82487
91413
51819
67443
17088
32023
87893
68408
7043
88793
48870
9219
25857
81861
32939
54476
75095
80916
92996
25354
66934
47129
29296
87934
10739
35353
83293
38919
23342
64095
21824
24815
87889
74164
71397
63973
55639
38443
89420
25700
12990
60603
58416
70001
85802
51405
90069
48890
90944
70405
30181
14153
4076
87998
35127
43071
92079
11342
77678
51998
6192
55481
63713
67183
39541
82265
51124
42434
34503
68170
36394
60868
40
81020
67468
22035
76010
59986
53667
89605
765
29295
90510
46126
43468
16824
90688
83447
92908
92076
14314
66316
1674
67024
29496
19486
25288
5416
82859
20183
4156
47736
81243
77741
82710
57224
36510
62365
36115
45622
66881
75097
15386
57021
77041
24468
24451
16771
42951
12849
59239
36600
35742
58588
73224
19498
58650
33376
39477
16822
27567
4640
73626
3336
37147
6593
68530
38844
19769
21684
50466
58238
27867
28802
78732
65139
85107
63799
69076
13674
82526
32105
4355
54645
50949
9850
48157
41745
3498
62673
1793
78141
43003
17200
14341
74368
44278
45846
83123
4963
59154
3643
4723
21429
64565
30516
70998
82965
29183
92957
16541
78402
68466
67595
15996
38535
70717
75148
87199
61354
25419
73637
53055
8571
20237
56195
35072
50642
1313
86478
5826
76953
32284
80911
29355
36569
23803
29715
63893
55032
75786
19335
52089
35327
18416
73195
13831
8938
34783
19171
42169
12745
32355
4920
47827
9356
1607
4358
36433
19235
30390
91454
77406
77138
38724
76428
2443
88148
36426
31227
2708
65815
65736
78172
14267
48525
32954
39157
9912
22827
24666
10942
4302
48185
91486
71878
57586
88666
44869
23093
88170
70014
48123
92315
70368
81691
6550
44685
28802
74571
45381
7712
81048
35630
7796
69205
62009
21271
41662
3125
39897
24005
9424
54086
33379
85040
3838
35268
8751
55731
45780
74563
88721
56913
8459
34847
34246
92231
74822
42335
81803
66609
17016
81254
77556
81337
26851
90521
51117
4491
58247
78311
49673
75772
28782
52642
75132
6776
9016
54188
83167
16810
60920
85868
79152
8950
47298
27224
37603
40083
92983
51229
1234
33828
65815
90649
15484
48565
39993
56698
53525
7387
9450
18471
10729
60748
64479
62732
10110
6318
21337
90283
46965
24939
10141
67797
28772
80634
17612
86033
69356
35641
61518
79491
28562
56854
53678
58326
73669
49853
75330
31916
50955
52380
52193
50673
42479
72722
48993
32544
87227
64102
58364
7317
44414
76411
86070
58978
78722
25537
83614
26421
21596
92751
92590
84318
65353
38844
84177
63439
1642
81150
8985
81132
68652
4225
51217
56345
40318
7233
27485
17595
776
43883
6629
51119
10092
25669
36776
86886
71228
38358
85482
7434
7656
25840
9940
62402
47737
16274
37245
74361
18151
34690
48058
68149
31276
36088
61663
92468
54283
60901
2706
60048
77656
90786
11512
92547
8870
22701
3062
36846
53719
66279
76790
12291
58971
62121
8300
75898
87856
82572
40300
24344
15225
92231
63371
15580
79511
12147
85782
77564
90865
37011
25946
57508
33529
66271
59601
15478
72501
42088
42589
2885
16559
75166
87077
77195
84665
86844
22234
84259
36536
1893
83052
22169
18180
16256
60814
8477
81729
3215
69954
11558
66293
66134
2002
19219
66486
8526
30268
25109
85567
89657
92793
29880
89271
35704
3235
85272
88399
6511
82145
31904
32350
88922
52200
51726
87987
82242
81303
50315
50885
49424
2423
83950
40450
50250
29437
74200
46586
74131
55726
76090
36256
37980
57094
58554
32333
27208
71044
71157
79696
6006
92486
41574
6910
11983
36052
13237
63770
82136
19931
51706
76601
43329
34449
24097
85556
36427
20904
60680
82027
17313
79186
57818
26907
87941
81623
5936
3636
20068
37757
18702
15073
42867
60116
47001
11188
71008
67340
69752
60069
51822
72310
9000
87935
7144
51181
55273
53248
26774
86231
4110
38819
72253
41963
29554
70924
11737
66873
7037
52447
13574
30832
34871
74237
82900
44344
37723
76724
78521
12061
53772
91289
9872
87524
88310
51109
35623
51069
47027
30473
25822
91989
52590
85584
19443
53983
14268
62744
55355
51583
79214
9411
59027
46835
6339
67312
58564
30174
22227
91914
33589
43402
6078
68506
56338
64976
31554
69933
13139
26879
44020
32380
92423
15056
29766
16428
37335
46170
7342
92002
2375
59014
61399
88269
90471
29425
25104
13967
296
29529
24403
60425
51977
83750
22617
60106
51241
33087
69392
53468
81351
35294
26558
22260
8966
30481
5479
53532
37860
36590
50450
42390
41954
40570
50547
23615
12869
14454
38273
70621
4426
53982
15559
2863
84729
7551
65736
25848
4448
79941
81635
51039
33825
57190
86567
46950
29974
50063
39719
86708
74128
64656
65710
82137
77294
46286
90126
87750
31859
37566
39738
17503
53568
15977
24292
2686
91545
83016
44697
62685
86380
44781
57920
40656
50131
57083
41897
27636
80323
70092
45042
20832
17285
46445
54661
56935
52673
79375
14709
34366
52419
36549
54271
26304
76654
7685
6142
29844
85180
77149
67174
135
79328
53756
14674
74916
36602
70778
24074
7069
73969
52060
62508
6788
47376
21592
5634
74138
74823
74393
86308
13987
84106
1840
22740
88404
26790
74415
67040
42955
31511
36091
9229
23946
9952
75918
75870
35247
89682
78893
8492
41762
46573
85941
5095
23691
41196
21661
21595
82416
44218
86408
30054
15545
35331
49425
58565
512
2366
55763
63967
13912
64806
17844
21081
91297
25816
75358
30720
84740
10111
73946
59533
34073
34114
13897
21114
16275
63551
40680
83843
64021
31208
14735
8848
9100
28556
49606
16238
25984
24377
37148
14158
55271
62605
33142
61941
33536
37620
62065
77986
78169
12060
47604
3943
56510
75460
8220
46255
75847
3619
71501
87893
38860
69213
44138
90181
60895
83879
25562
30380
36334
63652
42503
46873
87820
11384
54692
19303
72403
41769
25802
24411
1289
28510
37199
67080
27020
33280
72516
16938
70818
76853
58329
52575
92137
72819
41783
81169
23488
54953
14609
5265
62192
23945
37696
27070
75939
20898
89858
87098
19423
53690
27062
62397
90847
46225
92415
79771
72759
45201
73235
68008
33753
17393
8070
63948
69089
40672
12760
36394
76505
7830
6967
43834
37554
47286
63810
2814
20024
3072
32484
43738
46080
8380
26505
32700
72009
8265
84176
81979
48428
59723
68981
68901
18633
14474
48914
51496
37455
42479
17665
89961
67424
66834
70737
75115
23311
51838
19754
56184
72519
53622
32574
49899
64641
15697
77951
8197
60537
2097
12359
13798
73958
53914
53999
43276
1692
29133
27616
1679
44880
56868
32752
61605
44087
31888
58161
28648
89083
57014
49964
16677
49251
74520
35749
36129
39342
45703
11915
44540
45044
15247
21574
28351
19953
28323
20245
30529
68831
69775
15068
24573
3455
47788
78071
29944
10779
64181
87157
23510
75195
92457
13363
76524
15026
78546
47035
83088
24052
92634
51106
1596
21406
59301
47555
46802
43538
63561
84643
65953
26486
15569
61338
10462
57544
15978
50658
80318
18392
89565
15240
70927
77082
67683
42900
80318
26982
44567
60494
22131
14294
37508
79463
92130
91835
78343
60313
18034
61548
9568
66700
57536
53477
6074
21822
69518
86640
20226
1302
17604
67202
53236
39902
60424
3900
312
72690
46922
73748
10724
233
7712
11568
41251
60047
85617
17527
60395
61956
50957
36596
32084
9941
70649
42728
17085
38277
3433
43018
90936
54239
92949
33853
90741
74499
65334
24918
29701
42443
78970
71305
79933
91736
20882
25919
5922
36470
14189
48206
16035
40689
846
6421
89266
8826
13489
76794
12949
26666
25139
2907
31057
37009
52382
40965
326
2475
53539
48812
24181
9729
37122
44567
12293
66807
65614
73743
21221
12399
40180
16892
25741
61538
13425
88948
79341
39246
81755
48025
60175
78240
55888
19214
28744
75719
36339
3878
5953
29915
20997
90576
48404
92464
38391
55459
21578
90419
60702
41658
85753
23975
69031
52844
61235
75900
58154
86260
24170
45158
56156
50935
66847
73917
1660
90823
82849
42822
28527
33315
67259
14965
16134
12624
21574
60549
37149
37705
11398
87062
42415
20862
69561
49170
42869
75932
20257
12348
77973
25169
55955
90733
20895
84402
51576
36461
32819
5635
33497
53058
70598
46074
46239
83943
39268
49920
80336
39236
54455
18869
26030
34766
11021
63191
88073
79004
10487
10566
10925
61493
58422
79480
88342
24816
7001
71476
89967
57554
14489
54581
79315
80502
7861
66445
53571
59124
81009
48059
60533
14417
79289
42467
81158
43374
77484
66720
73670
15296
20188
41600
12169
12635
273
54828
45070
57971
85341
5370
88081
32513
45434
79850
91627
86431
42096
66201
8553
38584
15043
22741
14330
56823
70176
22566
62217
36378
57968
54373
58307
92034
68030
39676
83586
45002
79962
32457
31368
15002
87352
30657
28943
24111
75474
75805
35245
2048
30114
92427
19446
87712
43020
41723
62921
9387
73232
21812
15420
12550
71045
55123
36172
79632
24209
82767
85828
85127
31813
48460
81198
27176
43877
20451
56304
10335
83814
85338
74758
46271
85480
6093
70430
80246
53754
74792
3424
7496
27308
27991
51619
87055
86824
47493
82637
25388
7170
2293
22419
19516
40543
84713
84950
2994
34833
18645
8599
2741
17792
67918
82529
92429
70509
66652
1844
25344
71712
2889
90874
79835
67633
9325
53962
58303
85963
73896
22187
45434
33300
87538
47394
13167
28962
87219
36980
84067
85336
64474
81919
24317
55013
3140
82658
62329
50485
73316
26869
27632
43513
8713
65420
65416
31066
26296
52277
56124
90371
24790
65920
41168
884
18946
92014
60907
42667
17318
81186
24416
92597
4008
12861
3179
16026
28425
3318
20221
20566
54889
74134
92364
83379
236
26440
89123
59316
43557
60303
54433
59789
68918
67699
47824
44654
55065
14779
47636
52758
33374
8558
81653
16340
57986
72597
83611
51193
78120
34680
43838
26489
43566
38592
70191
56577
25239
68564
9815
62490
46320
73358
41682
21643
40242
49677
32470
15765
76371
11277
12862
49767
54496
30339
35878
68930
12803
74530
67978
2879
42565
5812
74343
64277
74305
67506
46166
4231
28805
7852
57464
63721
32581
76436
26939
87611
60190
28540
3680
35078
14684
7800
55909
20451
64440
52518
61742
32371
77201
69122
60939
72545
17789
38646
8341
32788
12325
80687
21123
50664
23195
70986
39796
3588
61720
78453
63152
31631
2790
36419
4560
47804
40927
79271
1238
91900
24673
91642
89649
42370
51870
33831
38057
60081
62068
55899
6340
54322
81589
7730
78587
5218
75916
10876
89309
43040
55045
12223
75157
15332
60807
52046
56042
27755
71666
47351
58139
31407
73199
59843
17773
13628
41048
20750
38066
52597
2156
28542
72144
41972
12255
44984
50707
48248
28284
42909
41752
26633
45360
42972
45647
17263
10069
85466
14251
9720
15687
9852
72674
71113
32726
9301
46076
56780
45097
84651
54410
26383
48219
48523
65588
17421
87853
79389
72766
26486
13888
11378
65736
2266
44013
60545
68161
6643
19147
38514
39535
27271
771
29682
11854
44588
72651
24916
52691
32623
10302
69257
2851
51261
32373
35446
60909
37090
88092
82700
6376
18752
66611
4557
27042
66423
47079
24498
44759
60643
64397
90858
8450
54627
59154
83452
32011
55022
70682
80365
84245
25640
92539
21509
91066
38122
65797
12500
12046
62783
7336
75811
9597
79266
84546
36788
83418
26021
20788
92171
77477
7117
32367
45622
64183
60433
20472
47744
33061
23577
55926
69307
84951
27164
86396
71067
86188
68369
5295
88696
1284
40143
63869
71172
27273
62960
19944
53139
24475
59760
87854
8415
18983
2795
29382
68291
6523
75828
82641
48776
16192
87299
64731
17203
57757
83246
39805
70087
59036
49504
59424
69951
22291
34926
87319
91780
87521
13150
32409
85844
17674
80083
42226
76188
37145
37475
56014
75476
6602
2769
61089
22640
20617
32470
3286
85704
32330
75531
75081
10477
5822
66249
69771
16531
87974
19418
67274
13318
24559
52392
51946
41037
16811
84234
36036
66148
8096
63784
12450
10501
57607
66660
70164
21518
26747
31776
59450
86005
72627
91230
62758
46312
36854
26938
14564
77994
89794
5900
38762
92400
69809
91866
59318
40473
18425
73978
67849
27587
57671
13989
50454
19147
16511
89640
58486
9452
58210
86547
88275
56057
70644
2228
20711
64253
52584
77622
75968
24191
33595
5866
23162
47020
11682
56536
34786
565
76233
65471
2691
61199
34753
80632
78446
45025
76749
38705
22234
52591
2514
18405
42646
88037
23936
25936
14727
26656
79825
63497
69707
48063
68188
15984
39744
42519
39822
11430
24857
86875
37071
50036
15510
50578
91364
5732
46952
17243
2638
76204
43678
81915
43847
46633
49254
31511
68436
81983
50779
59093
1971
47463
81487
65741
84514
46857
48574
2293
44561
70105
11544
64977
78510
24446
6064
29570
70932
80861
89869
36517
65854
45980
36340
39852
8413
23891
21048
38258
44388
89357
36976
91160
83860
20531
72939
92365
58201
75138
46818
49122
53064
7987
13449
84770
7099
23808
88396
22696
65251
39455
40875
16924
30705
73950
80058
54310
66073
43126
51663
31963
67875
61733
57680
58044
53799
70075
22864
55283
86588
90134
65182
4841
30037
73385
92771
20051
91698
37959
20694
46027
17166
83694
4237
49283
68594
4862
49210
66260
54941
23120
5383
19748
15358
27091
86792
89494
13304
39738
60844
21724
1616
63770
8031
92983
40078
5135
56607
45303
89366
33702
60921
15238
68402
197
42408
3294
62558
77543
58473
63723
17927
14060
2733
72403
34616
4037
65068
29730
38475
39668
71859
60258
92825
56337
23833
7464
32934
2322
25244
15682
64532
88018
91347
30996
35706
48362
91439
68361
24472
23038
46467
48135
33706
50326
18837
20211
51463
29700
26136
91812
7428
35117
6367
30924
11218
49360
78512
31480
62921
55412
12851
42928
82767
89767
24142
65250
24962
61568
5766
88649
38981
72878
21980
49115
50634
30842
46873
5825
23524
6646
69848
57655
20664
58065
2190
73595
12888
17491
49064
16322
17275
62098
34050
91526
23845
68896
15415
86948
90686
11139
78930
43641
18265
28484
57960
6085
69155
35339
25303
39632
68430
76599
12495
87744
24490
75860
44476
84613
83687
27165
11853
48476
37177
81625
8188
5975
25991
83905
79834
22437
31306
43711
19495
46286
47655
65107
69450
59703
17090
79135
71667
81628
26655
28042
10603
45603
6733
38698
5540
88069
81346
26698
79875
30688
86117
20283
75998
67127
88540
75575
9571
62467
89994
90465
87311
91474
77260
10367
31760
7790
45937
14577
25728
4081
25012
5532
55470
8260
36103
90079
70202
18879
718
45551
62869
11250
86717
3158
83451
78170
16366
53838
37134
90920
23947
34707
13504
45627
39084
47110
3389
69846
54726
17893
43026
28996
92561
35824
69462
4415
37004
5791
73811
49336
78350
53808
9121
57272
755
63052
67048
44141
21130
23449
35687
7577
30032
40210
49406
47853
22931
87258
61908
10106
69156
3471
63830
64664
74457
39531
82045
80951
79478
4871
72835
58682
7928
13936
84625
49565
12485
92299
51008
42323
41844
26084
41738
9778
18405
53474
6196
36210
41140
1751
44771
65256
65175
47243
22607
75185
34689
33776
56760
51913
84314
13697
45364
18172
82005
26875
42355
24044
4327
62397
91487
12177
32295
3828
69723
11518
18806
3927
51494
88608
58587
9314
29828
85970
69203
78277
7266
20555
5764
14436
66699
92361
2149
44218
38724
15199
60020
50294
12609
72818
76083
30960
4866
7265
32264
26861
71013
64930
61399
76997
85377
53986
45462
20174
41796
90469
12844
42458
63898
44427
10567
81083
79618
53803
89450
79030
15399
4569
86815
413
15744
68602
67134
13767
76484
66897
27482
53466
11414
22603
32996
73233
57328
29356
88823
27152
2711
13436
8783
57388
54531
25956
20222
55512
39857
79098
15557
26937
73711
25429
81107
56515
82876
64826
81021
78069
6914
22820
37570
64480
80
6042
40898
7997
30152
44371
61770
40587
3681
81821
91927
78664
38514
81690
18437
76567
66188
21532
50826
22536
25715
73151
89692
15973
59849
2356
33483
73376
89143
31391
75644
50354
9984
52870
70395
3694
68652
12930
64509
89268
86702
34650
9735
1554
76890
18418
22839
58197
68175
39635
549
62349
32052
2771
20941
71198
29755
19565
89243
17931
44311
58924
77547
11069
11395
74098
56725
48385
20312
80837
30202
85327
58698
23448
7093
28286
33296
35703
68089
62030
5406
26899
54794
16213
15216
48262
13170
48219
46550
79425
29420
91449
26583
30745
33125
56604
17363
44361
5091
69928
60817
52144
40949
54783
24457
57355
17421
3729
68623
17621
52814
28901
9756
82946
35022
8453
78075
71699
48169
77423
42869
65476
34447
12440
20330
7954
66803
24204
4709
37072
60137
408
77514
58784
87388
35817
32198
64382
44569
8285
16539
84592
34139
1366
75655
5746
8860
6599
83200
68687
54892
67039
20406
31993
25801
78355
83468
77241
27756
43776
15773
58410
24027
42606
55591
40296
73409
84336
76447
57558
56718
33167
82961
85765
34684
56518
26673
62841
14767
48665
61875
44268
2152
19727
1019
75622
61479
60862
89034
41132
72850
41101
11775
77925
2254
17228
56437
74196
49968
81568
71014
39080
27409
75716
64620
41439
28396
27081
21751
60256
49101
49957
83385
80968
47696
19794
84818
61389
54915
11893
75208
61158
25921
23991
41070
43635
12068
59248
31008
74273
84143
303
34753
50646
15349
61094
15809
52986
38320
28162
56062
83070
82826
82929
44797
45911
14873
20044
31269
34818
82835
82276
21057
16684
18743
19368
55776
21561
47163
2348
21083
50450
88847
45502
82066
65044
92046
39498
53995
26331
82492
90230
84432
9246
71864
40495
5971
89363
51927
84546
53041
64555
5962
8735
86361
33384
84238
18079
12400
82051
14326
9238
9530
15411
52287
85867
47542
54976
39288
23573
43022
9813
4307
70800
7298
2483
7508
9925
21360
90066
50638
17567
89058
27082
30180
10826
59933
89304
8395
35782
54617
10885
84881
75905
44809
8440
31825
86178
41585
47828
62151
29153
37647
76852
81186
26053
41512
88402
22411
19790
52200
46927
20297
16840
21692
62013
12150
33593
67720
67048
25145
5817
70872
58938
91512
68792
35133
14134
30882
68119
71927
16581
73263
86756
68137
27460
50357
13752
85790
17607
50984
53301
36565
78910
88916
31105
47171
91173
56722
79696
76110
30602
86037
25862
57474
38696
42576
61977
64810
29216
1846
38644
89844
56479
54541
43096
45617
8906
80471
77094
80551
82158
62087
54656
60637
69292
23477
69461
88827
90857
86110
13835
86780
8060
3595
43902
21697
69193
64035
39559
70355
86338
62880
56536
32084
15421
54643
5171
61530
35465
67509
42266
54865
28386
73420
88114
47236
75404
82462
72817
86912
78868
80908
12126
25517
60745
91414
63359
18906
91514
53647
84053
69676
43577
3581
49437
49962
50717
64975
57496
43032
14029
70403
34121
78
49528
35499
45566
20805
41634
54379
65328
85326
48785
26466
49829
12702
13518
63875
45709
60217
40606
64767
23001
19786
23208
58584
37671
83172
30017
37868
84554
61024
32747
83540
92783
91796
60532
86393
65178
65260
61195
52274
74751
17304
84029
14571
75324
28282
70613
75366
12123
71586
37947
50887
88518
41584
47939
29614
77659
13404
85910
21182
44687
45645
91390
39973
1903
46245
81386
56096
2289
31694
2921
52221
74433
796
78028
9020
38791
20013
7716
8882
80150
33329
72987
30075
32880
66354
68070
88947
54108
40984
24935
42106
80258
92468
84178
81170
36389
54807
39437
44206
4039
24054
17546
30352
66051
74444
27001
45503
38899
36884
3974
25844
27761
78233
25747
33679
31939
14853
85054
65611
70104
80962
66018
76482
14966
31448
81979
86174
51710
15764
29067
19934
64072
55865
88706
11737
29208
19725
63146
23194
34786
61635
8784
57415
11849
36344
25430
61472
75459
7644
46038
61481
76264
54039
51081
36100
51553
30926
82006
87590
60910
23921
42054
61476
81496
92274
39715
35730
22021
39171
16617
64775
78945
2756
87277
20025
28625
64577
3298
38280
8971
33492
10402
15450
56506
33780
88153
58395
91830
71737
66790
70694
31328
87442
52059
62076
88275
27789
899
53663
86453
22674
51139
34396
22564
16109
13521
36516
53230
30879
87857
25005
4809
31240
77039
8265
62578
17707
18174
8171
71273
12021
57767
80721
84424
58907
13981
13330
19988
49511
82053
22342
25805
51950
1652
6140
41416
24794
38832
27796
37243
76055
70256
38306
72936
70340
56680
1091
81843
30105
35292
15328
62830
10143
65013
33748
49268
12999
21194
54835
57913
26531
30390
43185
82304
40843
74823
35291
55391
33806
91447
12990
79109
33542
53107
73139
11196
15037
72337
4852
22434
13881
79158
59422
41585
29658
52069
42394
8349
63188
16060
47354
90766
70126
56857
77404
60627
55957
55361
22470
92807
4541
37489
89806
7944
6198
86750
44020
7249
20791
88774
65536
58762
23249
50009
11417
38750
84634
3562
83361
658
56965
30160
7346
16525
68747
25642
78828
13098
31144
30303
58335
64890
7380
37226
17984
91071
48996
38300
53026
68203
70004
80684
91394
29936
91820
77097
3622
90809
11540
70033
66138
14372
63613
70802
75425
52627
21470
8293
53941
1000
7543
1170
76036
9630
89230
92046
12255
28702
6372
18898
80463
19007
40346
39078
43694
56351
19109
49722
47984
81934
74316
30092
49668
66986
79130
10461
13283
88180
18060
27782
33443
74273
25832
11929
25520
66269
57392
79538
1568
43474
46882
82516
74801
12943
62669
89608
31314
43836
82754
38280
13291
63609
52364
18305
43649
89061
69246
11047
63490
88028
46192
71834
74097
61082
78853
63918
16831
9813
73732
74641
66934
40239
50521
7894
33507
19648
6280
25230
14640
75098
36597
91894
18603
33582
19546
12235
9670
40460
66270
62218
46011
76527
54831
9140
89676
61247
78220
19303
3733
4176
80241
32328
89543
85656
54943
77571
7737
83414
8055
35909
43668
91950
57491
16713
28292
47153
19218
27215
35879
26273
87662
75515
3755
5297
10284
43601
73784
78067
77703
4782
76910
67940
45129
87393
91844
63802
50391
69641
5103
13773
87607
36312
2004
92835
39745
49509
38738
25662
4383
31503
50063
25280
46314
43189
45725
58335
22243
58691
69016
33547
45427
59647
80439
87099
1368
39850
57500
83168
37828
1170
43418
63426
62291
35603
39994
34262
11857
13870
55858
10961
89541
52130
57794
72878
81862
29158
54805
14507
7913
26968
11465
48418
58372
5104
85946
49235
27482
77374
51649
59679
45492
86363
30332
15279
56920
14411
28291
92763
37552
63991
75230
54974
34409
1457
84166
46118
67350
70048
50423
60002
4769
32884
75798
10213
24862
35691
76397
28807
10364
32690
16448
51098
67689
38967
72955
11241
73425
69003
10434
82997
71226
66005
80356
28297
51758
66265
20645
78813
43390
83960
22863
27977
42056
69145
89740
46727
87717
43973
43043
11626
63290
11968
42524
5158
54856
69364
44954
89941
72298
41991
89156
1032
31619
8908
64159
66239
41353
83967
84876
20919
3266
50746
50625
56930
20321
66501
27775
8701
18205
49570
87872
80162
44238
54390
36698
11134
42917
6492
7341
39973
33912
40188
92468
75121
36382
76024
37731
76250
34357
8278
79838
23871
57773
3930
75434
79506
69280
68899
59899
23074
24081
22694
19464
76258
49375
15664
41382
47567
34420
52516
392
59782
56206
87636
47656
71244
90225
10125
20861
58391
45206
74971
82472
56554
2877
56443
63532
58206
87130
32368
77947
34811
1007
58124
18639
7094
89758
73944
22428
89060
60105
54976
69303
90293
70496
66501
42570
28428
78822
40382
50855
24538
49345
62953
86438
40923
41820
72482
72741
74520
16371
17550
78971
88763
84234
36186
1978
73266
81809
54644
81359
81058
43952
81139
84518
26188
38171
84891
78478
10797
84027
69568
18207
69384
29497
42908
61748
85798
32095
76051
44392
69798
45245
16035
57249
75175
77613
58034
3260
24290
33596
69599
1923
67052
14013
5562
33666
67465
54579
26608
2346
80565
64602
9959
57735
50419
44563
55912
43405
48888
72531
57682
48786
90362
5990
56690
9167
50211
79805
68464
7352
27281
59394
16758
16398
49471
3075
59074
35646
89630
14379
34474
61184
73213
13368
22263
53797
70713
15698
8833
78581
2757
38938
73154
69357
81122
530
59608
77266
81897
59822
87346
16556
5581
83439
84171
90026
85591
36760
80908
72086
32473
51975
82404
89132
48052
68762
74307
62396
43724
82610
70132
48026
39432
36513
61025
44126
7672
78612
944
52749
71800
82349
52442
65284
35625
2639
83284
84267
24295
49150
62975
40246
92773
6059
36707
60611
24419
7450
53920
74825
91802
36616
63204
58950
59366
58812
3857
86618
33354
68520
83718
9093
1218
50636
22917
12770
61169
65255
76269
60311
25283
40803
58510
81290
54933
348
35953
40849
72969
34829
48642
78262
78589
26279
42182
30093
87219
36534
66447
64948
22451
82523
51806
35942
59948
57711
25119
59011
14929
55187
38968
35672
47648
91937
39564
83118
89319
68910
6196
14482
74839
57463
63797
88088
36891
81628
30461
3381
3753
84997
64990
32032
28174
59064
18709
49875
11385
90148
62636
87916
52941
56342
32595
35835
27898
49765
7590
26639
89046
40204
32280
41529
73612
36347
31453
43212
50910
12010
63556
71288
967
87356
19172
45018
13961
51875
15638
38689
10781
40158
6504
33664
90914
63908
10665
33091
50180
42299
1152
54527
19885
36306
81383
84795
16154
10639
84165
34869
10948
75358
24874
80322
29455
55166
45435
71190
73903
41649
72845
20788
29493
72769
31926
86707
83650
18410
10295
4661
90123
4887
67493
81428
58922
21845
55719
71643
24301
44742
34834
67735
62360
37203
13096
76289
41533
10697
82712
89041
31028
8814
43270
14383
40085
81920
87739
31921
81538
81499
9959
74420
19466
64285
48307
35657
82728
19656
75755
19847
13970
31859
20288
81990
90141
13861
17012
91887
84246
26631
23798
69165
30771
66221
62670
21455
88776
80289
15795
49030
7278
12051
57967
92022
31718
49273
11748
66386
18827
48135
90240
25808
20861
82316
61571
24566
62961
66792
8145
14688
71958
4413
92483
36680
78354
78050
28880
73392
33395
50198
56793
35310
67490
65351
25930
39285
5786
44471
53965
80164
53143
84383
37216
79157
90649
75875
33718
47052
1871
20946
84820
89042
60000
64744
45321
54757
44236
10273
17040
22461
26321
35628
42627
80510
57635
62410
56653
60317
24395
81274
3041
48857
57623
48691
3321
39528
38602
77997
9183
80963
2522
70036
21439
62222
32552
15474
65869
41736
8645
25519
86123
77019
73879
26184
39467
11809
56219
34081
27483
47796
37292
45400
32158
39751
10665
52696
66182
49254
55205
75038
18800
77022
37008
34884
47144
80179
26227
61672
39211
67357
71665
90256
8660
49478
82537
30620
49534
8402
53783
27415
38616
51563
48554
74915
17702
4305
30192
90057
62748
54186
13334
35866
31294
45515
57148
49613
68794
21211
15829
76718
84831
17400
27156
8430
45127
81265
45849
3941
57848
38015
41003
50521
71808
16097
48312
48809
54710
74363
87296
21858
43070
8537
24664
78053
42788
47701
32514
24796
40402
21075
22169
43215
27948
58078
62586
83432
39881
18769
67046
78038
67492
73628
23684
68034
43856
30400
44875
20636
78850
48785
24997
37776
40312
55911
48816
82019
54152
29601
72846
31996
48171
76615
64820
67361
46440
13906
82639
5391
6100
8090
78170
36197
35847
52059
62756
11366
1779
30653
27103
83649
25790
59175
1227
37783
40566
71536
28377
39936
75588
30377
40852
44242
43577
3986
47513
23759
80629
51791
69143
40809
13822
40087
35625
62269
26461
23545
3633
4922
30717
46180
27343
44356
68405
84921
59326
6153
74837
17687
58536
59567
8821
5963
24456
70617
35888
87297
15421
23820
5199
20251
25662
55042
37851
73813
29000
31346
75890
43171
15861
79809
24530
84504
83567
77673
68724
27556
19187
60420
14944
32480
17960
79534
73230
16873
82374
91133
15653
87543
14547
39374
444
84433
69872
41236
48997
19592
19219
54287
38642
67460
67726
31503
88871
53094
12660
74340
37711
91203
45852
4628
49595
40097
30158
87087
76173
62153
84490
76003
6755
6258
54240
39799
21870
57734
48489
32246
13330
62611
58213
28578
25216
37008
35558
66841
42143
64193
44130
32041
88786
79401
20046
86828
68507
55260
55381
67960
33196
39974
86264
32150
76902
36211
23167
38780
89258
39460
2686
51633
52493
61035
55162
92021
12474
36627
39587
75907
86455
73974
86692
17083
86776
83133
81877
51880
16266
50614
54658
24443
25256
36421
43532
41290
42570
45073
59765
3585
25260
79793
1113
67603
15811
18219
3776
82597
36689
73289
40311
3471
18289
90441
31039
2080
92775
23104
90285
28845
42782
12058
28368
15285
72773
38056
92394
67068
21084
54414
59797
14738
3208
3736
27711
48136
70942
73800
34968
35454
23772
14175
33248
23108
84579
56766
91054
39003
70313
35647
28371
85678
73531
73517
68948
5298
62871
34788
14550
63480
26319
76247
62092
61259
17522
60421
43068
91227
55660
39422
10992
6524
68038
41463
72609
54259
27144
24544
52117
70367
25683
43415
6185
37520
13387
85427
9138
15614
14089
42574
32204
7464
18559
55871
81278
55072
70157
88460
79917
67448
44416
44913
19668
75459
48498
47991
56349
63690
82589
74500
87490
86201
91800
76850
83500
92342
72796
89247
35005
42525
53001
72065
65233
46955
52201
50883
54214
80277
23822
43833
36940
81611
16807
26228
27655
36951
55133
66354
22210
61244
67156
333
37430
32957
74750
90350
41057
3668
84745
81158
36865
80731
46409
89281
90623
25162
19960
20439
90904
55646
78065
4880
33662
43698
90164
55252
41182
67076
80659
41764
18955
53222
24395
720
28936
36984
49463
43550
67138
73583
18615
9964
7739
90596
30565
36042
38715
19435
32112
36511
43569
86742
65057
72646
39944
89942
8819
7420
56165
34206
88000
39057
65068
82715
32486
90641
54265
18348
4952
25062
28852
1234
63481
45884
88887
90460
47691
59480
78769
29058
92589
2326
20789
34859
49972
89101
87204
71725
86200
29737
50782
43464
15071
72454
75464
72784
3615
4155
1552
32686
42453
83170
92516
46793
27643
50315
50824
58998
46085
5440
28038
47265
17628
40576
64863
64815
40460
5131
2368
70546
19008
57375
25800
49288
325
69821
19861
25016
69244
59083
59679
44529
67641
16383
52796
9857
33313
70716
23403
65544
24544
51124
49108
88151
4808
6571
92188
37743
91542
87211
43830
52818
42758
17018
76933
91824
70030
28100
49662
20927
47728
1965
14890
56827
14946
28407
31610
78950
62527
88173
10035
24620
54200
53874
16160
19133
49477
63801
61143
27272
56781
37570
57628
44616
31926
91381
60369
45957
87942
86006
81279
31322
76816
75461
68894
23127
51746
40816
71944
32819
54218
35672
148
50607
48777
49597
76327
40785
84256
2215
62221
83748
13871
61322
73316
14656
83645
68828
13689
66356
24193
2767
9212
34621
8038
25070
21583
85064
84854
45725
5916
2780
20046
71577
74788
64285
32214
66625
4187
52295
91996
42440
36033
36920
5966
9920
60476
70247
48349
66573
25065
59495
42218
21491
6081
56794
27920
48956
26784
65572
73641
67146
26049
83077
60557
69597
45980
61786
10173
14522
61258
26210
63525
31361
23432
86192
12911
68521
39814
72393
37685
49562
52252
89411
47422
84342
47010
3735
41250
17797
2037
20813
17449
35779
1658
55251
7461
25352
71123
7258
18440
66429
80206
43710
42663
82518
74397
24095
44326
78000
78584
8224
86006
40896
88470
37724
45657
81165
78963
4120
74350
90307
63979
58416
15880
57773
14997
89450
9705
51606
56963
36753
43811
72540
33581
26751
57151
62282
89741
53283
80343
80089
20317
9715
24493
6394
71596
52685
25551
31082
75672
28168
70770
11922
51358
46730
24195
59738
14501
51101
43133
18818
49008
6659
70508
35533
77393
50498
54256
24970
34691
92199
9981
3792
90985
65587
69215
17397
5946
77076
82411
36507
86685
68435
14673
26048
84233
67797
84478
13736
36797
1416
43653
45233
9831
66468
71077
20179
54032
84035
63406
62138
54068
43750
57933
37569
40719
82046
51040
66733
85555
92436
55403
87699
6654
82149
56352
24439
66105
28102
24604
3346
83171
88552
17870
63879
76499
90439
50652
19146
19973
52845
43038
77645
70803
51070
41451
80689
40421
29351
258
60013
7220
62256
16169
22142
30872
82452
45681
10339
25817
85049
15227
53524
37842
64
33227
73751
20905
19786
15043
79750
67467
1388
26819
41368
40461
32033
4179
14810
82870
75787
65355
48818
51864
54494
74322
36840
45917
1249
59810
30234
22502
76265
5837
8194
46646
17372
72137
36318
46869
24975
74782
87075
65440
29685
5793
44623
60934
58348
21033
36274
32966
83789
19486
81208
33188
83184
63081
2062
6202
31850
38974
23686
84187
85108
59807
29272
38419
39945
85747
22095
87434
59332
18411
14862
78951
30347
58196
90237
11897
3332
5840
324
1345
34042
64511
87642
14475
88420
91724
51186
51571
30098
86010
40571
50557
29469
64733
48075
17004
36066
56396
23359
4996
18219
54948
39409
77516
78082
60249
15039
10498
85619
22917
4148
13250
80325
75515
35061
19090
38316
68829
13298
71093
66934
8289
35454
17615
66655
21458
65453
84855
64972
63475
37410
58624
64577
64726
77434
53402
30423
6211
4640
3991
30734
53812
33390
52487
3034
70861
13133
41780
3989
40801
80753
20666
80921
29647
70651
66558
21408
18291
3780
59143
10106
16849
2139
42210
40818
29645
34516
7431
8390
64526
582
75353
69000
30281
82830
31147
50046
21513
9845
35374
36227
17723
29915
27767
41439
83496
44902
46789
74338
29492
66547
39040
82504
34460
12392
53757
8298
87789
76627
14046
47081
75358
20235
51214
34439
14727
63889
82546
91308
48891
1842
84635
25410
66897
59276
20361
90141
17409
68266
17665
70618
8825
29870
27990
53595
63783
27034
59558
69389
633
21011
71299
37150
24440
19899
50058
83118
78635
83058
56584
88425
55160
12935
7752
24701
69301
15560
31650
35775
63461
11276
20862
6333
55326
54201
52557
53831
2750
73712
45856
56422
42334
441
81642
14145
71959
9419
53728
80897
18409
41988
92889
86968
235
63658
23281
18802
74444
19988
80535
5383
60232
128
77526
75485
57614
45705
69857
49030
46246
89012
39936
63755
30832
19527
72391
25789
7480
51103
5925
11163
60797
83917
55106
4893
55576
89157
59593
52900
49546
81986
4725
25004
56566
24017
84464
55151
61758
21136
61678
76614
75114
29187
26569
30015
8331
71467
71758
6190
78941
55235
60236
13017
83243
41448
84429
90405
9700
6316
5724
55126
30699
90064
47494
33551
90692
64812
90046
49510
13938
14332
72129
6787
66278
70544
33368
29509
14074
14560
48627
13281
59172
69762
63570
85744
9654
71618
24695
29203
59290
38628
9799
39862
9306
40425
22752
4150
49101
51980
86749
14024
20350
56368
8268
22312
20783
57728
59960
6299
60131
92258
76474
90777
79128
56521
15882
12786
33507
3077
59548
54068
56158
22585
86486
45838
3612
33041
19046
85356
23438
81502
59528
38856
85150
58752
25028
13705
34648
85319
72662
371
56952
55357
85623
80075
49998
89283
33729
6068
63366
35743
4272
1123
67452
25879
92324
21147
20453
9581
2339
54118
75497
67222
88171
22481
14117
70104
53005
54443
21941
79040
28973
33706
34942
64366
15238
90074
66736
90045
81283
50594
70275
49323
68055
37900
11993
71009
12270
1049
36745
54327
17325
59575
86940
59408
33676
73321
57232
22573
34596
70753
14610
24976
19274
33516
67856
39239
8411
28234
41229
18027
73227
72968
50549
78309
84750
9564
61928
75516
4575
15629
26308
65125
446
7116
91650
47287
12356
84666
22323
68625
78059
12776
83644
14579
86993
45893
27212
65774
25283
58152
16894
41433
23949
50082
11809
46849
38639
85102
58573
23859
43772
21656
26905
80145
77812
67752
10920
5088
92393
16818
57457
56394
7519
36491
30877
28164
11029
52521
92412
24422
36608
15127
85256
56162
72726
73668
39411
60379
40239
73215
3629
4571
14456
39545
15085
15977
71930
86103
15984
21518
44351
24331
28464
70466
81188
71182
86892
51240
47834
88204
79461
69115
7359
68547
43552
75819
59146
76185
45343
81191
46995
79634
70875
65760
54176
76971
79588
41224
20276
62166
86568
31990
50073
40178
69306
49455
30991
48502
67146
21987
75565
33810
52171
18457
6012
32209
90425
72247
49228
29111
409
57354
46933
30380
39891
80590
86247
9474
40794
61274
47221
37984
52244
26932
19020
72739
89180
14421
45298
75238
30261
49792
38834
81862
51601
72332
31684
86973
43592
67251
19136
60913
86412
3974
80051
50799
48313
9760
46194
12377
30146
45564
80259
76234
28390
59251
90276
32394
49410
76438
73067
79331
24888
30828
25180
71774
74925
89528
80601
27130
39776
57083
65883
24426
29797
41761
19951
61898
73818
18851
820
19854
60857
24008
66641
5639
43380
56240
31236
74371
13415
11543
68900
60663
36559
92683
50904
14260
19593
35666
64552
84460
35613
64226
23569
79271
29288
26334
19975
36038
713
83482
30738
34787
42051
78356
65203
84891
8657
60815
70080
47658
26241
40877
67995
53145
15407
74440
36449
43398
73338
46365
72246
59280
67643
1301
20077
52020
38225
23369
47933
28105
69946
27986
67640
34190
55132
64987
73957
89939
47578
80955
87573
28410
66802
41387
13658
40395
20931
73352
90611
59622
56883
7197
38293
8193
5398
75560
77548
90406
41604
23311
74927
28871
53553
33431
53025
33121
60832
76465
73811
53706
41073
17297
4942
31777
67231
3197
14343
26905
55159
58182
2596
81553
59730
19822
33939
34539
73987
65094
74657
12519
51756
47154
24415
89875
31763
39620
61913
12753
13354
86946
66577
59197
89908
87293
19088
53977
35995
85071
53268
32087
12687
63160
45245
51227
28649
13244
48170
85771
53589
34748
44433
53459
34606
70448
65483
63865
60059
19502
45477
58642
45623
46930
8643
21607
49055
25691
39575
88336
41636
25653
86263
12331
83928
6935
87181
17448
19069
3211
49632
51948
2521
78686
27599
38384
50286
80180
4950
19806
2438
15273
24305
22200
59443
9278
7525
1412
92476
990
88950
89328
72644
33451
88419
67534
66237
81578
46830
20492
91298
23848
65863
5627
29378
66367
86200
45833
4199
84010
87971
56221
11382
65521
14064
22559
89466
32920
42251
82761
8921
29050
49386
3582
88832
40486
65091
28062
27026
74275
61108
65691
22395
87654
5989
19515
80100
58124
79063
34978
87687
14854
50248
86739
16569
49009
81670
6802
82311
76374
70513
69898
13769
48789
83574
7078
72732
73256
11717
8230
30036
3239
1364
25664
88942
65344
38084
42760
34651
83553
83361
22574
64488
42404
64368
67451
87754
70333
71913
47183
25792
10059
42059
61129
23297
65617
19366
3524
14300
82391
86084
71451
45886
27098
68081
86025
42989
7692
17698
78527
46083
83041
82122
71411
63159
15520
30590
31121
85390
80331
53298
78945
20399
21475
30093
76348
83403
89082
28784
31468
60835
63190
68012
55968
156
87655
61200
65840
37373
15206
70346
16979
62809
28633
90853
12107
91232
34575
38752
57082
71608
69413
62528
34355
70544
84962
62267
65871
87181
24437
84765
46234
83502
68793
13193
31137
37138
86675
18437
87515
64506
63824
28751
79777
78904
1213
15454
30131
73790
51596
21681
78697
29748
43247
31004
16474
86657
41541
69850
57941
16762
50870
71532
1058
18937
38837
8438
87875
11597
64793
76979
28428
1063
19551
55287
10460
74085
33728
62722
4799
70567
52603
52789
19330
54846
65071
11989
42539
82436
34926
11556
46962
1119
85609
67854
15823
92288
68492
35977
5073
22792
77454
18774
1696
36729
84176
87933
2753
9898
34791
24493
13140
36085
32392
31584
13994
49075
49287
83660
33728
14559
17923
43374
92579
9271
3281
54122
18575
89806
17588
34677
48240
63031
62566
13011
52636
55316
3870
27085
33811
52941
46558
85842
50571
16341
76271
2950
60221
63733
66051
67176
15310
86300
90399
36461
76891
20854
88371
81722
42868
62648
35520
8206
11571
36670
45941
8614
26698
71588
52509
89514
67334
7049
87096
72645
38155
33402
37668
19459
44189
53195
35552
36467
56705
63255
41766
60451
44518
18096
21003
21162
28788
59746
64484
30472
63727
92402
38638
