1693
77
3347
3143
3978
3833
3968
1441
3510
4542
3720
2431
1337
2688
1208
2094
2108
867
3613
4850
1249
2848
4193
1095
2974
2775
1447
1488
4134
753
4654
4969
4711
3408
2786
3059
2379
4541
904
100
2054
4438
3391
3985
894
4498
3652
1201
2721
402
2230
3678
360
1318
4297
107
2864
641
2638
2125
2281
4467
3559
4759
1608
4497
3543
2174
4599
746
4344
1517
1557
616
2806
294
480
65
2425
4526
3757
2098
3465
2148
1530
2367
4786
4254
1716
2401
990
2047
1234
1204
4713
721
4074
1324
4016
1603
4673
2676
2891
4823
4150
3970
1778
4995
3304
1674
1819
4233
1174
4934
2721
4957
3685
1471
88
4875
468
4834
4725
2051
731
3530
667
4898
1338
4342
4664
3974
4182
2230
2726
4565
1590
3775
4213
3411
1100
2001
4109
894
3310
2386
4674
4527
3748
3825
2848
2480
813
1336
4518
2492
4314
1087
391
1967
908
1969
3611
548
2337
2653
3588
4557
4657
4012
3564
842
15
889
1044
649
514
1282
1863
1854
516
2170
350
3551
794
2064
956
3543
4026
583
2777
1645
1715
1443
572
2424
1262
4493
282
2089
946
3259
43
1533
805
3935
1435
678
2798
3682
2806
1829
4503
2629
2373
2821
1473
1268
1973
1375
199
128
822
1262
4317
4007
553
2790
4641
4137
451
2838
1399
3922
78
3943
3794
391
759
1568
3446
4959
4690
1048
4907
927
1233
2959
788
2578
4372
3040
1510
276
1818
207
3084
1809
2221
2035
3319
806
580
729
1698
3267
370
2109
2187
4100
4155
2461
1190
4083
4111
3732
4428
2028
423
1071
3768
1061
4389
1999
1186
4431
1192
4940
861
85
4828
531
3987
712
24
3484
1056
3668
3113
1138
3795
1587
3732
4567
1449
4988
4281
2020
2556
2856
2859
2218
3049
2825
4107
4104
1471
550
3861
1281
4795
2935
1442
4409
3345
618
1508
2196
3980
1544
2304
555
2471
2768
2790
988
732
1613
1628
4788
2137
3974
1248
2980
3699
1682
3388
2749
4778
3549
2596
3754
3156
3316
2203
361
349
3977
1539
637
1724
99
1212
4483
2953
4630
1364
2606
3339
1730
4684
2601
4390
4755
3067
17
929
2660
3467
1909
2685
2536
4849
1666
210
1751
4299
599
2580
4169
1218
66
362
4282
1743
1974
1367
3482
730
946
1505
271
3029
3606
1391
1970
3191
2052
4816
3803
660
1441
1503
2114
3226
2655
1682
3315
206
4264
697
853
2501
953
3555
71
2815
121
4948
2871
2597
4148
1220
209
2859
848
3241
2000
601
3611
2500
1172
3091
3935
1745
4328
480
1739
4904
3342
4408
1160
2552
1538
391
2485
3291
992
2374
3663
253
2371
4016
3144
3646
1050
850
650
4167
2817
980
3529
2929
906
4284
3826
2697
1437
2226
1364
2503
4099
1085
2882
4318
2203
2756
3585
2606
304
722
492
1949
1623
2392
1082
3164
1648
2478
121
