8950
4868
2669
12646
10986
8896
12060
6386
5353
11731
416
10265
7372
1760
10108
15681
12762
15382
10439
11592
2305
14535
2426
8915
975
15126
16687
8614
9310
11459
1259
2785
11446
13421
204
15683
8621
4107
3654
4533
10745
2774
1326
8205
14166
8702
9162
1245
339
7759
3752
6080
3023
11543
90
14449
5081
10391
3659
3168
269
4596
9644
5642
2474
1970
15031
8140
14848
13404
1357
4227
175
13874
16931
15635
4810
15
14630
14041
1907
13845
4423
2007
8880
1312
4114
7133
16523
2764
10128
6446
7279
1779
4597
12598
6718
12047
3276
11789
4583
3184
1078
8032
14469
6115
3665
11485
4779
9072
981
2441
10996
11566
11066
1569
13519
861
14509
13585
111
16615
6473
10771
10792
6052
11738
2727
7293
15784
7638
10499
4287
15515
15076
4768
12352
14598
12374
14650
8398
1133
5858
3545
13451
2829
2323
3424
4976
9586
9088
8898
5042
11845
3986
3580
6005
6730
3129
818
11412
3546
7944
4082
1339
11017
8188
8527
11084
5085
2852
11251
4469
6577
2842
14989
7979
830
12312
14226
7848
7661
3486
2275
3999
1427
1688
13955
896
3137
9803
6684
13351
9831
1344
7077
12807
1821
11289
14681
4412
10022
6969
3006
8238
6369
4680
1689
6122
13413
5076
15067
8594
3184
14467
1874
9820
228
15133
3999
272
1911
14398
5543
15746
3261
13721
15200
8744
8956
10192
5426
3590
4740
10687
13303
2965
945
3465
12496
7738
9846
16011
11262
4970
4264
6684
3794
2667
2460
8238
15993
14622
15214
854
13304
1025
1999
5806
15503
393
5641
14541
12909
6868
13427
2724
7609
9124
8684
8505
11384
5544
10933
10064
6279
8428
15496
7829
10974
5657
4055
15983
13703
1232
4042
7502
3507
5743
7313
13757
4184
11870
3882
13323
6768
7059
7655
1235
3176
14985
12567
15787
12427
15239
7247
9665
12595
13053
7613
3705
12836
12346
369
10244
4285
12513
6216
16067
2867
8129
16463
14425
3988
16883
5208
1030
3261
14407
5724
10063
16793
15047
13301
9435
2838
16149
6655
8793
3693
7984
11235
3061
11822
11666
2166
9801
4102
14229
5924
12216
10134
9051
1669
1670
8865
3373
9722
715
7097
15987
13735
15502
10703
7266
6748
4110
4389
4748
11065
16652
16938
11042
11493
16508
11153
724
12227
11123
9030
7896
7250
6082
1303
11193
5632
2384
10914
4095
5986
3302
7153
4180
6194
4963
13814
735
16350
7288
7884
2353
241
14302
941
10765
15464
9019
9962
5461
3235
10324
9906
5479
2253
12516
12681
11078
10610
315
3284
7941
4053
1666
15303
16094
11635
14682
10427
4201
13567
16060
6967
8456
12539
15147
3562
2247
12359
15526
8803
11057
1938
13609
12461
7317
4738
10611
16722
2344
1705
11419
4722
7668
11678
2083
12136
9581
6189
4055
11601
8044
837
13295
2386
14349
11715
8071
9294
6267
14176
12319
12441
11844
14700
14831
7755
16127
2461
2179
2052
7929
3568
10492
15960
486
11386
15574
7904
2445
12340
4822
7989
12333
897
612
3593
14323
15598
1670
8388
13150
16677
14501
14064
3137
10157
5640
393
8751
9489
9974
13516
6814
11739
9794
15219
1473
14429
16967
3467
1
5636
9586
6066
7911
12466
2239
12744
8696
4406
1668
13553
5938
5906
9170
5715
16758
1025
5593
16643
43
14947
12235
5878
9602
16878
15137
11431
2953
1651
10673
12716
10775
1762
1481
11069
16878
8738
15166
3738
11294
4545
9949
7448
13517
11389
13130
11512
16229
8421
8607
12283
12566
12614
6716
16366
13483
15974
3485
3342
16529
4655
3073
7049
784
5328
2054
6033
9382
5606
13338
365
8345
9026
14661
15565
7347
6375
7226
4186
14851
15515
10476
8007
3357
1800
8285
10752
1275
11685
5906
13342
5500
7709
6258
11373
9491
5788
1173
11242
13044
8226
9346
3371
1311
309
6992
12037
5030
7319
14486
4300
2915
15057
12470
10603
9395
11178
11075
16104
7319
8777
684
9699
11577
2363
4441
14643
9515
14249
16338
15725
15986
5705
12551
106
8466
8255
5554
16531
8316
5687
11713
16388
5907
3042
14559
1338
2484
8907
12834
14834
16562
15221
9191
928
4729
11203
425
10808
13475
1763
9657
8453
2319
6328
1064
7324
5247
1714
6367
12596
1816
7116
8775
12220
6509
9730
4021
1424
8788
10293
15781
3658
16858
6853
6511
16745
11882
8866
14631
4521
13736
278
15102
15758
3588
1898
1047
7270
14474
6828
172
5163
9919
4442
398
13353
5878
6981
1210
15386
10832
1445
5129
3611
8977
5589
13233
14867
5039
9299
8887
11256
198
15006
5798
16989
7023
2028
15384
11572
7151
12551
803
13908
7659
5236
5239
4399
11666
5472
13876
15211
210
9478
12993
11683
2596
4953
6583
14857
6228
3867
1236
5202
9473
7104
16163
9270
7931
12250
3168
8762
13794
3649
15009
14644
6490
2407
9184
13570
14604
3877
14182
3648
1601
8462
6970
16980
10423
11462
13198
2528
6086
2766
290
7203
6756
1119
10978
132
1124
13608
12706
8372
16462
1917
15050
2638
1360
6654
3733
1894
15433
4810
6675
4340
12702
10046
10215
7684
2110
3615
1010
12682
8296
11815
12062
9287
11364
398
14359
379
12671
481
10187
4022
1712
1464
1611
6727
5391
12806
7617
7927
6853
8146
9617
12107
2311
7301
11725
3477
7012
4447
1936
16414
15854
4139
44
13970
7165
13027
7246
415
9559
10241
10271
2771
9268
11924
8846
2058
13413
435
12153
5561
8580
10921
12843
15714
6271
15933
11175
6172
6270
3692
4738
15686
16836
10998
7359
15367
10771
6554
7156
8381
5448
2086
14449
16649
8965
3087
9985
16219
12197
9873
13648
12736
14682
13563
14861
12484
834
7307
16610
6589
848
15553
14822
13230
2047
13619
1515
436
11458
5413
6499
12937
9870
2458
2758
10626
14641
15803
5358
5815
4547
14507
10899
15711
7818
8341
8907
5350
8973
14202
7153
2908
16838
4923
8718
12378
11114
127
229
10092
15085
12385
5872
502
11334
14186
6185
5756
3770
8902
11450
850
16692
15958
2910
14668
1538
13201
7344
4155
8451
11663
2937
16461
20
5732
6336
13503
14282
821
16793
12794
8913
9339
9744
13848
14763
7969
5910
9177
10645
6091
6322
15430
5579
16405
13716
2033
8420
12477
786
16279
3016
12406
4037
9643
5149
10338
16774
1337
1369
11963
3034
14435
5602
8990
10517
7851
10841
2876
12946
6934
11525
10566
8993
14929
11828
9797
14065
11139
7797
10980
3332
631
11592
9442
2162
10324
7094
14280
9086
2419
11653
16443
16597
452
13628
11798
8516
11244
7509
13247
1721
7887
2624
908
8610
15647
15476
7338
15386
199
13448
6906
13698
254
13832
2320
4236
9723
3939
241
4250
16257
1969
7369
4925
7647
6010
5623
7010
9711
14490
13845
8894
6616
14784
8031
15171
3395
1542
14319
2259
3719
8098
5539
11464
4897
1131
12100
3310
1083
14400
2035
15208
14319
11810
8834
7919
10313
5217
11109
14673
12319
15084
14475
3878
11661
9034
13373
9190
16289
14630
2641
10991
11720
1312
5059
154
5067
3301
16369
1796
15114
2856
2562
10698
14442
4458
5410
10830
398
1437
10844
16207
3312
2639
4901
14645
7922
9314
1185
57
11998
12592
16620
14530
14854
3356
11207
2732
5768
2003
11756
4547
12274
6993
7368
11566
2070
15231
3901
12759
2802
8618
15697
3222
6943
1992
1414
421
1395
14076
4359
2631
6253
8801
2019
9537
10733
13114
11641
2394
16245
9591
11185
3143
9832
6053
8243
8703
9150
4237
11638
4053
2609
16820
11702
11876
14239
14530
467
6789
7252
11355
6179
14563
12818
12556
11891
16848
7992
11560
15455
14960
6757
9912
8275
3083
14768
16056
11661
1977
13678
13942
13794
14589
7318
12502
14721
12644
4884
16225
10064
9311
4016
11180
14321
5123
12130
8621
4232
9338
13621
6032
9196
16970
15493
13967
2375
3132
16390
12928
2772
16095
13435
2320
12
2491
15959
1717
13461
13137
11147
3346
13936
12919
3845
11451
11005
12258
281
13784
11389
8644
6078
9319
6988
8141
144
4186
13257
5621
8558
15047
9603
15991
15480
10206
12578
12674
1438
10717
5567
12601
16863
3375
7056
16722
10325
4580
2340
13164
6025
14954
11103
9113
10681
6601
9347
13595
6395
452
8036
3259
3156
5194
8158
13252
10081
10660
15549
1702
13889
5858
9369
2207
10581
15079
7580
8972
957
3531
9057
14277
15841
3574
3426
5374
5016
2841
966
5441
1129
3249
11645
15729
12987
7325
3554
9130
8347
3415
916
14244
10546
3176
8352
4030
7000
15307
8255
2976
5745
8915
6664
13104
706
3224
1089
10246
4273
12101
5135
15899
3254
16757
13752
16428
11217
7796
14521
16485
14217
14618
11289
1952
2806
5834
393
2828
3868
16713
9486
9426
8301
12025
10061
13147
8530
1949
9809
286
4174
3239
11732
14478
5135
7413
16952
415
15065
7067
11121
5601
15584
11313
8153
6349
1505
7653
10951
6084
9638
9796
11157
2359
9693
11977
13388
3009
13245
3656
6110
1009
15604
5780
3192
13460
511
15476
16042
3151
3622
3149
5300
2458
9475
12513
4007
215
1391
7821
1982
4674
3818
9616
7999
5771
3933
1255
10929
11582
2765
1709
15363
4636
2783
12744
2455
10034
16210
15063
5986
6375
813
10423
12888
1060
10070
3357
13416
16259
16524
12669
7618
2986
2082
1081
16777
15345
6857
1198
7417
4734
9697
3128
7237
10050
11003
6414
7549
11085
12349
14480
16075
9788
4419
16181
7617
13515
5782
14625
12952
14229
2332
4987
14863
5712
3085
5900
10070
10526
16869
187
13814
1885
12418
14038
14952
12448
13212
4835
6030
1215
5027
9325
7842
10098
12706
15258
11225
15043
3927
16817
1691
12792
8243
11113
12241
1504
16132
4924
3172
7069
15740
15754
1262
14791
6806
10482
4407
3090
6341
7948
2879
6309
1457
15993
4994
14460
6015
4452
15709
6512
11587
9458
14548
14081
2861
10148
2629
7133
8693
10637
6228
995
9260
16647
6372
14160
2097
15672
5711
13851
1540
14986
4194
7044
10106
15841
9920
7230
16302
6781
14538
16014
4832
7207
15632
15187
12421
6184
14038
6981
15643
92
5445
14131
415
13398
13644
7477
12325
16957
9284
4175
14667
9988
1941
9510
5699
9168
13456
12221
8747
4074
12122
11673
4586
16732
6786
16787
7609
8352
6120
9083
14875
3044
16753
16354
2427
1490
9459
3600
12801
6684
7657
8307
768
11204
16955
16329
10583
16146
12686
10861
15801
1863
13147
12621
1628
