25447
1423
61580
56039
64307
31088
34989
31145
42334
3590
339
63595
55751
29788
19683
51779
59599
30512
28411
29640
46896
40083
3618
56831
16027
23543
25073
44923
26667
33596
17794
16068
1268
10859
14507
30622
46663
59796
10647
63778
55021
6874
52561
5945
30085
38099
34774
19477
62708
33694
27086
36034
27552
47125
8535
785
29129
530
918
8110
14341
43806
36994
58527
39894
16628
36551
24109
38721
60005
39484
21455
57878
59748
56626
64625
34991
48233
43601
41692
63160
24171
56488
62519
33921
17198
47320
58931
59418
61141
55415
33876
11508
45577
58716
30843
10792
61255
25363
40536
48134
61103
4471
5997
10060
24616
50887
28430
23593
32810
35927
63005
57261
29420
39364
23049
9447
33275
63755
23630
33554
48820
15854
42385
37789
47536
45708
15154
34942
43350
23500
18515
2890
15623
4118
20264
52979
54339
51598
23764
20967
9497
64486
31539
29312
53155
47247
2663
45502
15704
26859
24113
12941
15914
4562
14785
7612
64768
49038
57145
47364
57855
6237
8867
14136
17513
23572
19283
41903
46887
40203
43936
31372
42058
60408
60483
16030
57293
63779
1546
489
25463
45379
13471
40392
48941
40340
8560
55540
12636
47030
23332
37198
39636
13099
28291
13973
57056
60308
12636
41853
28153
37032
32372
48548
57282
61059
31602
35506
9279
52263
3360
24828
61335
34793
34459
35365
24392
22234
41235
28818
17273
31032
41254
38104
8243
37753
43736
21133
64112
43652
41013
52575
53382
14708
24158
45901
42317
43313
63914
52680
32139
40460
42460
35685
51298
5143
28754
35834
41655
13368
37085
1938
30219
53616
20748
5807
40478
56899
46860
27979
59359
61990
60387
61467
20808
14288
44602
63265
9774
32071
64903
17996
447
44216
17538
42982
15140
14507
45416
57778
20126
41280
25723
23424
61205
54962
10955
3662
19259
43062
60269
56468
43310
7471
46169
61388
57573
46538
55714
57749
63114
5977
3247
38107
50229
11575
3350
64756
52114
38015
44160
54953
3969
13753
30576
5175
44019
28025
1108
1721
13812
44205
42766
31116
16716
7452
62813
36958
27431
41886
25668
32508
54924
37427
27180
28279
62211
54228
749
14330
23984
53728
46488
53995
11348
61124
3832
21195
53346
6075
3294
48820
11695
52941
27324
25646
64418
16663
47049
45749
11148
43735
56571
53115
33185
321
10867
9686
42116
55947
31434
39405
21233
30418
14858
40740
26435
46399
16151
23474
51982
54290
5996
61403
32558
54985
34553
25703
5719
38837
42794
42422
11390
53993
9275
21174
300
39271
48168
11914
18355
20105
16137
28913
31961
32737
21891
45937
55890
18606
57969
21838
61194
28451
49073
47130
21439
34909
14171
45114
45501
12162
43060
50587
48547
46544
24337
54456
55778
55329
8463
4137
63262
13233
62527
9209
58533
33297
34502
9468
64877
18532
40979
64483
62938
22154
33058
61574
62037
7086
61150
41589
24024
46617
54754
50322
25101
39826
54472
25638
50607
25339
15819
61375
30632
46856
54247
61018
42729
6598
1713
11675
15256
23661
57960
35719
7387
33820
52835
55642
6812
62448
64452
11777
36669
58664
57786
39222
59578
57216
46812
63092
56221
25512
27921
56302
35589
34417
22789
64896
60536
17163
5910
40073
25735
8597
41973
54508
61905
14115
14567
54737
19239
15973
13979
26181
11807
31458
8942
10587
17692
36664
49898
1629
23411
41462
43877
54803
11168
32296
62926
7446
447
62358
53450
27634
1774
28338
19308
13622
58575
39931
23364
6353
53828
20939
30630
18955
39163
48770
24131
9613
43481
38941
40341
41654
19867
64215
44899
62883
17631
56050
22196
37409
28153
5633
21697
49170
37449
54325
8155
40667
8050
51074
9316
48454
46126
38358
14577
64856
5357
37269
3509
58600
17228
4724
19353
16379
6729
61744
40623
45688
21733
47498
50845
42501
45283
34050
28639
29406
60845
55652
4670
48356
13429
11203
63204
49122
60361
30065
39769
14607
58584
56024
12799
2873
27017
43008
48002
17575
26074
7013
63428
23992
14670
42980
29461
16125
47648
15411
41775
19968
60332
52098
59351
5192
25869
674
44351
39578
45313
2816
20825
61998
888
23957
39262
53827
61547
21997
56389
12911
46986
24650
5159
14390
21206
6925
45582
9838
38477
57657
43510
25774
15859
19076
47588
16865
26573
22562
14499
3587
64578
53863
6573
49934
15922
45881
35206
48225
59408
57272
49789
34654
24332
63731
62252
16423
63953
27121
45030
17036
61157
4888
0
13571
4239
58189
23208
43876
64162
20713
26402
26584
62896
31596
43682
29990
60370
32832
16683
3273
21371
22301
3590
30778
33421
10948
150
18285
46131
45298
57072
30634
6021
2404
34209
44467
12682
36866
23087
59069
54776
969
33169
44309
52278
53064
30579
50368
61139
16518
53249
34694
61848
6894
10860
41076
56416
10425
28427
62422
38000
21591
32425
1437
8528
29601
2012
58898
53097
13605
51118
33135
63498
46599
7732
29806
63667
3465
17004
61137
38514
49295
18443
61941
20259
34641
43988
42171
56521
64326
57765
22284
43660
47665
18460
49145
33251
59843
49271
3948
22337
32837
57288
31799
50812
39735
8871
56815
4864
32914
32369
19644
49666
38383
11335
11944
48320
2874
33953
42801
39334
45518
43721
23973
31115
25366
5765
5937
35610
50765
38300
37574
16572
11203
31121
7040
39307
29709
22501
45588
23058
35176
62047
44958
47720
31425
1894
53109
55891
44444
55688
63131
11960
37511
50051
7692
48521
12274
57320
54458
14000
41557
61255
31939
40016
36702
1174
18520
56074
44165
33571
18210
4029
34630
24353
23027
61047
39123
47975
17438
57336
24611
24459
63405
32014
53611
13686
5565
18698
33303
2393
48376
41025
32558
45214
59726
54655
54655
56593
43097
61175
30307
51333
42820
6885
20601
63163
54510
7300
15431
33821
6017
23203
47980
62528
51074
17201
45656
56704
18196
43602
49636
36445
33286
17418
60891
54164
53493
32703
48428
55680
63735
38555
8515
29815
6806
6430
56811
30689
35500
60378
31315
28291
45457
6472
52434
3714
54703
1016
10200
41699
49886
989
37202
12767
31953
10879
58417
1212
47587
49802
45088
13679
57855
28164
62321
4908
57140
61468
26723
17776
60097
26190
58769
54750
24866
30195
19882
6350
40399
22261
56040
36860
50013
30631
50871
26892
20428
9491
22069
26483
13645
7838
58104
29992
1829
40390
37640
17474
45498
23443
26419
36651
34520
20123
47862
46482
11081
44984
9815
30495
10303
63508
35548
391
27415
4613
29007
24903
47972
27355
31505
21988
12173
58221
25935
56801
10869
34524
32550
20355
37004
26552
10543
8903
14302
61702
51470
45123
46840
13835
53045
47185
53323
14082
50576
46391
29295
289
49133
12884
17445
52498
62394
30837
57305
43173
23066
749
2354
22667
56189
29652
53223
46301
31195
7670
36383
32971
10605
30156
64677
8280
56777
25184
61167
30338
63936
1569
64353
3680
56805
22847
50851
46061
44180
15712
16819
33961
11932
45625
62664
18598
36858
48016
47421
58191
13244
1006
58750
35413
45679
39538
35763
35395
11206
34233
60958
58585
63688
5577
47745
20119
55996
46684
22649
33351
31307
2506
6025
20373
10937
56224
29341
47090
56130
26797
3268
48083
6934
50930
41744
36824
35248
40977
39470
43841
15697
9446
24628
42595
44763
12179
49036
27624
5389
24304
13628
61581
30690
13759
36222
64724
52958
41038
23099
22242
32559
51965
47431
31203
37979
55287
23793
56441
46508
39749
17354
57236
7837
1398
62191
32811
12991
53227
32260
6056
18892
35734
48895
30418
58999
14547
61487
17228
50342
14647
175
38555
48710
781
4386
7973
777
40831
164
47596
63678
43114
60147
41977
64774
15866
40433
5150
11862
46988
56279
37772
45838
24171
61559
15163
3069
48585
43150
44952
59454
22583
28988
24672
21835
17649
5130
14283
59100
12768
42502
108
20156
38971
30118
39557
3785
27920
6719
26087
17646
23467
38720
49870
27030
61641
3104
55851
28647
58543
29081
58492
37657
16971
48615
18510
31514
60300
4449
60482
25847
6462
29619
24262
42480
53413
38197
5338
64713
47147
6988
21394
14537
34484
1027
17948
19257
22094
25398
21687
59699
60343
38770
41292
16731
25326
36988
51408
45542
1932
61565
45223
6230
3707
2590
63037
60776
27516
27014
59413
19347
49791
7509
62109
64916
39395
34396
12920
26058
6438
8580
15179
45907
36142
4167
8564
8601
32965
50902
62187
39541
38667
11624
9773
54478
10237
17996
2533
27486
5732
10452
40267
64018
6225
46110
14961
53291
33275
42223
49632
26422
13779
64102
37826
56684
20759
33075
47912
46678
31811
49810
18187
21162
58510
40288
559
2618
45207
16409
34044
22583
27168
14523
24294
9138
35323
21066
41525
51290
61690
27625
45015
58103
15563
34594
41456
61618
36095
2890
54555
62223
46740
63308
56491
23552
13736
64856
16107
23319
63142
54840
18091
36943
27525
58543
63004
60200
52292
45566
54930
4045
22922
37877
33032
34156
63073
50762
51650
13241
11043
13792
44203
23079
26692
36463
783
27476
21127
8076
54907
20624
51101
54566
23769
8138
62695
63845
57959
19231
15277
32254
14895
37624
58144
14334
3641
48262
45129
64995
58036
36773
24508
46202
24044
43906
31839
1952
23517
17155
25229
27681
11053
55689
44656
22782
55320
26412
23706
41975
20165
19196
41788
645
22077
63799
24455
17514
42716
6396
40096
34424
48153
22594
13937
53227
33808
13253
25522
42459
34398
60295
20815
51305
23788
4063
59091
11934
5628
48225
59402
39491
39488
14258
29308
63144
15747
13029
55045
46300
41407
37815
58081
21910
27245
13396
36405
54262
1716
47532
16832
15699
45800
56437
43777
54306
17651
1614
18058
39352
63178
63349
35466
33996
19062
33397
7601
8115
5907
48560
55332
61369
41861
10093
11504
26081
62030
542
53043
34401
27252
2905
2966
3765
62063
50305
64046
36199
7896
53760
38810
35792
56325
43179
57407
48254
60946
14074
19271
39665
1713
40490
26233
16795
56154
28889
40449
19828
53629
50390
26856
29583
16652
13010
39926
8333
35718
56175
30476
31476
10550
46595
64886
55227
40762
11121
1901
44605
7711
19652
123
53671
29074
54481
17592
23712
60114
55400
23145
9084
16785
30886
15752
38373
12392
22827
20702
45190
41794
26027
2333
4325
5993
36715
36731
61773
47277
3369
10080
30973
7715
60928
15200
39977
5762
48391
16308
36610
4400
29501
2171
60181
16747
41244
18022
36901
8628
12975
40034
42333
57558
23584
5054
40966
10293
49827
35707
1930
39185
18528
22955
8251
41977
3713
22739
23130
23540
16129
42466
34399
20610
23805
31740
43306
33930
35002
59392
12197
32933
34626
8412
61974
31823
11732
10315
52780
45998
48887
15100
35717
18706
31811
42844
61033
26229
21060
52318
37943
19156
13491
22863
14642
18691
21395
37870
21840
2999
22645
22104
40847
35741
41729
64562
35580
49152
40818
6303
44217
1631
40195
51810
5954
1125
42940
32333
64197
34162
57764
36999
47236
40871
1337
16180
13904
30607
21491
29767
36027
29321
38961
37339
29825
59745
50607
25263
31476
17278
50333
18127
52043
23758
20781
27735
51847
35190
51472
49787
59306
8422
13693
8305
45220
57217
5631
20568
54387
60978
25554
6258
60638
47954
23066
37909
60350
38886
7816
23655
4250
10364
20130
53959
61117
20990
46854
2801
2470
29536
35283
43209
10916
57516
44396
38177
34140
40221
63593
37326
41272
27488
33483
48972
20622
15534
20876
14689
11082
14454
64025
20423
2001
15887
19070
1315
36099
35971
40164
55371
61452
36168
3361
41181
48119
63048
41348
33490
63719
11400
62939
48473
54996
12325
8627
15039
8038
34178
12259
45628
64482
21742
8854
45218
12694
29251
45499
6775
32402
30249
37866
58361
14796
42257
413
50265
24224
47054
29609
19840
61979
64509
58176
838
60578
52165
41405
4777
64276
60561
6731
2139
61552
34339
8089
25964
55772
14187
62870
25838
19412
30773
56773
44632
45179
30480
22005
55026
54377
44658
15528
35471
25873
46881
7414
42673
49598
20820
50797
28486
3018
46208
19903
64823
20570
27487
60512
6514
33161
46427
39075
64869
18911
48737
3952
12131
24517
44304
7580
18980
56736
4944
47260
11356
20880
52111
38263
48549
30164
21502
39984
21208
9436
5531
7125
9831
6619
23688
18039
26902
23766
39104
47678
44936
3869
41538
20096
58318
50301
21942
41717
29098
31704
21332
36690
44658
6754
16868
34793
22727
32232
9864
19849
34165
62023
15205
37335
33189
26335
24656
25881
9126
1962
21294
20570
39219
2572
20188
50847
46638
38728
49309
853
54489
25941
36394
22941
46053
50068
30275
33702
29988
53215
56652
17989
46184
48759
18467
10059
31175
22234
14581
31026
17278
50919
1528
58469
36778
7991
42539
39420
26733
7130
29354
16601
47558
57683
43190
47162
61249
61978
62009
51419
33862
29347
22495
9103
9638
16328
32632
13019
55959
39824
47978
11679
33736
44794
11339
16482
52592
3426
30211
7577
49545
25495
33632
4939
35002
478
38620
51604
48251
59935
33097
15828
48809
51530
15949
5611
63673
28797
31536
23964
17697
32133
63714
3667
7018
44134
17826
51164
40850
42994
42681
63034
45206
60402
15660
5528
48876
13235
4648
36047
34358
15703
21120
34989
15203
53151
20562
42358
41415
63811
60257
21098
7435
45670
63763
9979
48791
64600
61130
22113
10860
3785
36423
42395
29870
59399
21922
62020
61126
56389
41262
57856
20134
1784
61890
8066
25958
22510
38723
51819
44052
10949
692
25961
34151
23670
59064
25098
6196
62964
24294
29227
7969
18821
40274
58745
39943
64276
58429
53843
11030
33031
59347
30450
3112
64548
34178
45135
8807
60339
16818
9063
11186
49488
21192
27749
16682
24553
42156
48412
55628
1014
1147
37215
64407
58433
27735
45184
1996
38291
44809
3041
574
56159
49065
63522
31831
49968
20388
51087
90
41515
44068
15325
57135
20088
30278
52658
7488
30371
27181
34998
11419
7145
19684
20233
7960
681
7248
48962
48322
50544
12187
17994
21786
13585
27749
16667
3951
62815
24869
30048
7426
28624
21318
46210
36190
24121
60773
56147
477
9928
58814
36955
53149
50986
17654
7541
48561
44257
7666
55214
15476
17009
63591
14081
63904
4503
9523
12057
31589
47102
14113
29012
36205
5672
48778
55112
20715
13686
61662
59694
32436
2836
52627
46176
37854
41396
4996
33759
35134
40013
56154
51685
31974
31399
13968
35820
26130
39950
34024
54585
33963
13641
64059
62945
54005
14582
9398
29254
4971
37916
18480
35053
49875
9724
62623
41312
7883
8164
33891
51899
23994
20385
3162
40365
8164
50545
51099
24461
44701
12339
25094
42934
61735
25195
25232
52209
2487
9006
35644
14173
42713
3206
31965
8958
45412
34066
41552
23471
47447
26542
3366
44773
55091
23794
54848
43761
47547
57169
15987
19361
57429
16993
6283
37997
60541
11050
26867
39161
31271
1060
62730
29076
10929
18257
10233
62899
34987
45836
1097
30578
20487
27237
33938
3640
867
15179
17022
58070
27437
38652
39557
43997
28902
15876
54017
21937
34735
64575
23745
16669
16168
11180
42266
46860
56944
26817
27753
32657
23806
25293
41198
51404
59934
5726
17091
50642
36079
8272
46674
25055
1617
63614
27604
42915
8572
41152
8933
62174
63707
26161
3901
11737
759
40499
26290
32019
48953
8345
33897
40900
39319
31297
43435
41098
59512
31893
25324
7245
20642
13597
43543
409
45968
30826
2869
40224
21386
14585
16236
20609
34620
4138
59988
24169
45840
396
15365
19852
4392
20846
2764
7360
2131
20837
20708
48959
43009
56413
40689
34055
2618
17262
56560
39879
50568
52837
61715
34424
48069
48939
37040
47357
18134
10126
26921
49393
36935
44162
59886
37732
4033
27692
27990
33025
57182
59707
14629
47303
11901
3691
7007
32170
48281
35071
10883
62822
49356
50443
48467
49775
8889
57107
41863
31487
58926
42915
60881
44693
11848
21251
29931
16334
47153
4727
58012
63539
45428
27649
16098
19463
50985
54779
38402
13203
60036
23245
18843
28928
6792
39703
24760
43601
59369
51884
40908
7210
55407
36219
31895
58936
56278
62282
41951
59679
1483
33530
41722
11874
10393
5170
1703
43338
35880
22792
10981
31662
12767
52291
29067
41028
53729
30214
11959
45537
38011
61585
12570
50723
56541
19034
18312
11248
45423
53932
61309
31082
14235
34681
63635
60489
60344
4697
34249
11381
5431
57775
53133
11527
64918
36540
21129
62947
32689
30923
11827
12309
39729
14144
41855
34668
11509
5942
36080
12767
31340
63227
52483
31563
26021
3946
50932
6414
47918
37605
37754
47483
46920
57300
42613
45194
44772
62246
24584
11971
39663
19499
42561
54855
35360
24213
15118
63380
52818
14873
28153
33171
62252
24837
43468
50519
25974
63327
7584
24052
38607
21503
9695
43537
11593
16514
12658
36075
60110
14581
6244
30544
56932
43298
59837
42341
1347
53338
40794
13036
26856
47535
39658
51758
35306
42356
13132
12905
18817
12060
45892
43206
35750
37748
16900
33305
39750
58926
50423
15046
28064
22251
56969
269
20790
10236
23218
50401
22384
27740
54033
26938
9651
46486
27229
53173
4385
44886
21015
41925
38954
64647
643
59297
4929
14473
40445
62322
63977
38396
61209
16366
3350
60613
46971
39214
54752
21388
45820
53032
48825
64976
17310
63658
5072
20263
52351
31876
21518
3014
46961
23640
9750
45578
62722
57849
34322
51048
7855
22797
5608
60103
11
42449
25347
57808
18061
8808
8598
45127
8800
31014
61931
56441
56965
3823
8770
52881
47803
19359
2381
47385
63478
64374
56712
40825
9244
63186
41766
14023
64300
17393
20534
28668
9802
8633
10852
55743
41173
55390
4676
47168
18282
52624
54418
60115
36817
7077
41733
5558
18765
20650
56218
28025
63594
30986
26276
43601
28422
38032
11017
7193
56105
34759
42023
43767
48897
47220
45141
18694
54878
61892
33271
36748
63869
25343
32074
11442
25128
62673
56877
57683
29610
11265
52688
5851
54961
4760
9718
30526
24604
50967
14582
48147
22843
44757
30064
62083
13293
49212
44650
59457
31068
49047
7938
18175
37302
938
43262
32562
58229
22942
3079
19612
57238
59264
26244
24396
6215
16396
34275
23956
45464
54915
57242
40423
38900
166
44188
3109
25386
33966
5799
53116
15691
23610
12610
15804
60936
63156
27
62919
59132
41345
39822
48876
47396
59234
5266
23303
29304
34211
24262
51070
7769
43360
3841
16890
54178
42943
17287
17632
13883
30198
5711
34307
52056
47466
40145
55744
57720
60273
26269
50518
64825
25692
16175
39456
26065
56789
46302
34344
52592
20609
3867
48177
10945
2185
39527
31289
31959
21563
13318
30073
27524
45840
53263
2915
9725
27394
39693
5167
58697
52564
54152
8610
30712
50414
51324
3643
57600
54987
38196
9611
51691
12297
46015
24481
24637
57892
61152
64919
61857
16967
24771
11620
7698
38720
47563
51095
24631
50719
15753
22277
22416
23547
5416
31143
46445
6289
13499
20083
18758
34921
5783
38172
64845
19183
56013
57953
296
31435
42471
26088
51690
28774
42148
29637
14737
17034
56095
11843
31002
10676
12274
52661
49288
31808
4160
50121
32676
20705
45855
34937
40422
29580
56716
23960
47802
52959
2625
27430
57414
6148
1322
11056
44440
27268
60365
22335
15124
3474
19071
3483
54634
13605
28859
25355
50022
23776
8461
58076
58537
54314
34933
19644
63861
59574
34207
39417
57294
53014
45687
38699
6372
13985
40314
31795
28317
62006
4176
61479
20367
51187
12630
40699
52979
62215
13080
26109
24821
56544
54531
28268
19760
49153
16896
33142
37391
60388
17364
10381
3598
14200
53572
36278
54166
40983
20734
25374
26783
17263
39059
18592
56504
30411
41641
28655
44690
14317
14365
47781
28674
61346
32821
5534
26581
39642
25524
42044
31623
47842
27574
25367
2108
59352
26659
6472
56343
24026
11305
11379
9921
50740
4217
33791
10136
580
38364
3380
35569
38987
17511
63759
39577
37915
46137
48916
56749
14919
43397
52169
40249
35892
59243
41091
64533
5834
61472
19376
34396
19246
27582
560
51294
45992
24007
8528
61054
56099
61531
33756
52629
61846
12489
54865
19197
46247
49409
60892
10202
45007
27944
49370
14690
17773
4277
51861
6270
60483
46896
37960
53136
36735
16498
51504
22796
49063
6232
14071
9211
14605
27233
31133
33075
15874
41583
37509
61066
13017
27298
50137
55209
45187
9455
50243
21702
21243
44576
24386
10281
12758
40518
51637
12176
64465
34361
54479
26990
40606
336
41727
33982
29700
6171
17426
53405
25121
7693
31695
37029
30287
59272
24127
38470
16793
38433
19960
32960
45809
28274
63748
55811
15223
38406
52330
12263
55535
6359
12369
22319
21384
3411
46100
22080
60781
18933
13543
30616
8834
96
27037
14994
44388
22230
55283
28438
932
47599
33228
15716
19466
45861
54265
38065
63715
24604
10013
16258
19503
1279
21474
55813
35841
157
49020
61280
31388
17355
20360
30689
15350
53131
8201
55348
61155
8722
25055
28547
47137
21487
59947
31095
54724
10887
51508
59197
24837
33525
43047
50500
52979
39622
37647
33779
60534
32419
36625
36448
11404
48377
64610
34834
14123
59642
32967
5848
14994
27166
23857
57314
24956
15692
62235
21853
42905
36889
8801
11501
63554
16244
16647
26506
19313
50984
16347
25277
39275
64560
64016
28668
43859
18978
63672
5609
51573
51402
38236
19353
34691
61447
7707
21048
28295
63162
33974
58849
51542
58090
22180
53379
47701
58341
10191
23720
63891
55777
33033
45063
50307
35713
37396
63041
54092
3075
49741
36728
1534
14822
2828
5980
40899
56032
19115
4775
44880
25694
17017
96
48951
48077
36585
38869
23411
42869
41716
45705
53118
62037
11127
17013
28026
2329
62554
9563
12578
5160
327
53285
8477
29466
33235
23916
21183
17351
64396
61325
50755
23402
15039
53109
62712
56837
5517
55765
63935
34046
17745
39153
27126
35751
25713
62019
54845
53548
29486
2685
42955
23477
24881
3243
63139
6850
60628
25190
64433
13398
35227
59844
6250
33333
48509
45245
48853
32015
45571
2425
43437
20270
52459
56461
20752
17220
26289
53125
15839
56870
33763
28547
14105
8053
7631
19869
51886
56227
62708
30509
42574
2306
46506
27602
47540
48464
7847
25043
53842
15527
59030
6692
53650
29481
13150
21401
15541
3512
36492
59319
28948
38531
34046
62114
11506
38933
19918
985
23354
57416
54103
35406
27321
31031
7231
41633
29114
4505
61752
60332
6083
1569
11748
16737
50625
24377
60957
24432
47196
21135
12047
15621
5257
49056
45395
18054
22224
64545
28192
21722
49345
28325
37424
20452
8416
37465
4844
1375
55498
11011
15485
57619
56291
36744
4080
28622
62462
32828
62357
36519
9168
33044
18389
18587
8881
3104
57501
25986
30528
48101
5579
13283
18970
463
27060
24260
1094
12259
45431
4790
25240
35010
34850
30133
54672
15361
22111
64286
41190
7461
12818
43401
49805
56685
11930
22293
61529
10032
24001
13123
18094
60893
33282
25626
63782
25489
16734
50833
43959
48130
29555
47780
23727
26122
19186
14038
39140
49016
1931
64093
32508
32873
5263
46202
39710
51364
22882
26495
58964
63210
24539
1276
43342
380
19073
19378
30227
14759
47099
42944
31630
64410
62180
15732
42875
17424
28714
64113
44941
52289
18802
46566
54685
56611
43945
3440
42777
19902
58073
41622
35662
21820
5206
36257
64148
58543
21164
19383
30917
62205
52631
48637
63736
11247
23239
21465
30329
55511
48590
41258
15309
8671
57478
39031
4780
33463
8940
33292
32304
9614
25731
18772
27852
14770
34311
296
55499
1250
59159
64653
64023
11968
45190
50795
40442
36348
54038
49913
58492
24420
40961
40406
25417
17480
13365
21923
46854
6889
40643
43757
1736
61090
43909
15478
48802
22366
29890
55899
3769
53297
48095
50607
51101
46251
62547
9966
47966
32855
50799
41487
15776
37113
51976
49313
53589
55718
17130
24286
8318
5110
62187
16300
62781
1020
35058
59304
62898
40654
9714
52326
11336
56887
37262
8003
23972
8338
16155
28491
14697
63682
16196
34887
57962
61108
39366
18294
55389
10390
63258
44420
27864
14745
33208
8624
55444
21345
33174
52207
64810
18909
8044
42566
58774
61602
14418
3740
59903
19482
8473
30462
47423
12937
16683
57653
33789
46665
24705
37066
22405
58875
57599
43065
19777
53166
15589
58219
24903
11100
29925
60437
58662
30743
63115
12510
45085
5508
4366
26598
60978
39597
5482
24466
18028
17586
26056
748
26886
51538
699
5360
57297
63939
10622
18497
31044
47993
46911
57865
18546
16467
54291
8855
5121
40257
63133
26451
19154
13297
13742
8373
48122
44538
16458
25812
38956
111
35205
20890
46112
54525
43568
60644
53260
7744
64660
16992
57686
51247
41002
10983
34851
4744
20652
3898
34447
22078
39347
32608
39250
42327
54359
58717
8770
5818
56636
7759
48731
60078
61767
40962
24944
1509
43293
27732
36516
32671
47388
61426
62938
62403
47417
30145
7413
37600
56741
16080
19085
59282
50476
44034
15087
42976
47211
24842
40143
7867
45790
25064
39892
27761
8659
51824
6033
12190
49758
32377
7268
63844
9178
49019
29244
45697
31673
23810
2588
42711
45576
57919
6934
18442
1370
27661
63894
10970
40991
3985
35756
34487
50633
44770
6045
34660
24395
35448
15343
5541
31359
30826
32871
36826
33162
43031
51569
18502
58589
57038
55115
32377
9971
43145
41463
17016
28026
17908
24850
37255
40856
16268
43886
9197
4908
7834
21728
54325
31765
46614
53223
63773
16803
48344
17586
22311
23632
13602
64108
5021
17203
24074
29520
53769
19129
52284
63186
23282
2384
30732
3601
51603
4809
55736
49680
44902
22881
42587
61531
62886
45580
62822
10996
23274
49783
62354
22242
21917
29449
30377
25618
40930
63380
22202
46381
35620
58350
50058
18246
8732
14279
11160
55014
8364
48990
6377
11926
41384
19580
50386
48248
22076
52021
33708
43139
64744
30894
23194
31017
40577
56319
38198
59902
32929
32655
47881
24383
23022
43534
29977
28221
47472
44668
45988
47773
12284
40579
22131
58597
42654
6339
14451
60820
37363
47874
54900
40790
23260
42557
22596
4900
11382
720
53366
4508
7887
22518
45100
54402
31779
58790
52100
48803
6748
34930
21725
31529
544
28789
49723
20568
20764
11584
12368
18611
23287
48256
8803
8684
57001
34704
48573
32263
21074
57407
59317
43641
32303
64526
42358
42738
41279
20600
37166
27132
29459
39870
37159
47519
18100
29694
58587
10059
39903
33423
32072
42225
54195
18284
41579
25703
43075
34411
35584
54350
38935
64920
15440
64817
45549
42219
5515
60315
41101
12930
8373
37453
36450
58556
34949
14036
5052
26452
12272
12251
58826
28294
14717
41074
57716
9169
11121
35083
30375
41297
24362
6404
8090
5903
30033
52310
44654
53440
15217
15617
45202
59295
51804
43138
20796
61967
13660
36842
16099
58482
43823
1620
4393
50991
5219
62610
53222
6379
20809
15132
49400
46463
48903
49783
4391
36897
20461
4478
59340
23346
10049
9536
16186
15235
60862
54325
63213
46853
6111
28782
24190
9964
27506
36040
58032
30358
30511
36013
48309
40054
40608
23775
4114
31656
23930
39986
1762
61592
13265
42869
61318
55588
4410
13956
3505
26122
33953
17877
34465
64783
1819
54588
12609
13782
35062
10486
60196
28529
20453
21470
51877
28302
42600
4840
56306
54273
33584
43096
13246
10730
54295
14670
64229
17299
2102
47656
51338
14705
50216
48347
45244
3084
12108
26512
6792
31540
47888
20911
55320
36354
3760
48227
5913
12752
14270
42762
48738
55830
45300
43958
26344
24234
54221
29245
17447
57251
53161
38658
57162
41410
4863
14925
14939
11774
38364
8806
14991
49026
27258
45849
39905
40501
7941
61742
11302
41166
7167
5921
33104
13026
28842
25465
9868
60804
37701
22599
20527
22407
50600
60364
12293
16147
62570
27095
8689
42794
4858
60858
25017
8693
23730
26304
30153
60928
4783
58269
51800
62726
39253
21913
28528
7282
61472
15651
43326
56508
64693
9575
16913
50764
49966
42259
28655
9215
15061
36388
31979
4019
63344
22287
2131
42992
62818
25774
44494
53124
46075
27594
25683
38483
15757
19695
29460
14162
61503
241
52417
40550
55551
21153
44249
38526
35048
59812
36452
6010
44452
26200
1348
18134
62106
20347
8009
57967
22432
43050
8491
54392
58116
48738
45154
16369
37356
14607
3314
28565
62470
55831
23283
27207
37729
45018
56236
64513
14634
64465
3191
840
21603
1471
62512
26831
2325
19688
6263
18110
62655
4589
64101
13534
24703
12465
187
45028
42388
55676
49117
9272
43502
13113
34750
32642
29789
54869
51501
10664
26895
45951
29021
54533
52246
8726
34195
60809
28061
8620
14576
22825
17690
4397
48614
32283
7015
7027
53768
24905
38579
43506
5089
59791
33838
25203
47167
49242
51865
53415
47664
23423
47811
41578
39770
13862
54753
52201
20313
57273
42493
42193
18801
61044
35031
15654
652
33387
45625
42740
52525
20858
48379
34630
51835
62613
36783
29657
33161
34965
17232
9107
27010
44460
49644
16893
36834
15701
58512
36403
983
35115
44666
15020
25022
22860
18801
27946
10027
32185
5352
60200
12408
19333
45170
19963
18918
4775
19160
36942
35930
24662
16806
32094
8166
8081
62907
34678
40992
64768
12999
53280
51064
12594
17079
43625
17227
22420
2491
55984
48173
43498
41297
13147
57315
6645
47675
25261
15294
30473
10739
20432
4580
41290
19350
20139
54928
21226
12046
35312
906
63922
2866
21765
40641
46763
7304
3932
15244
12559
37635
9721
42048
44705
5423
19152
29396
18990
6993
10681
33536
11742
26732
27721
2284
53003
60830
18886
7445
53805
53793
49118
18242
16567
45205
10573
740
32274
54227
61121
48692
53275
46588
17731
20887
21972
24855
61717
64868
10460
46850
48154
8855
49971
52168
13063
40670
31767
2841
48852
5951
25660
5447
36974
17484
48507
53644
5676
25583
19098
17769
23140
12144
1932
12882
57522
48190
1180
17485
13020
44626
31427
17401
57997
8271
33996
33907
48420
54317
44200
44115
20816
52405
2532
18141
9522
57374
3251
10563
32791
11958
32872
57305
42121
10892
48380
49873
1393
10754
18368
40644
5658
33729
53992
52257
28741
29580
60788
9952
57397
18254
60420
51640
48070
5888
60000
48798
6671
32434
64473
18847
35889
44051
95
45028
60803
6852
36152
16548
16412
7390
33234
8032
12868
20140
29149
21776
52959
46819
28392
40995
36974
61909
10934
21203
33291
41989
37365
9655
51514
46670
31523
28106
52207
36892
58661
11537
45920
57091
25045
31505
45464
9694
53247
44711
61788
13176
49264
54561
55901
55527
40788
36833
58875
27950
6123
31610
42267
61361
23566
30123
15877
20052
8844
18273
20444
25244
19052
49610
20234
54663
43422
6915
32416
9391
42842
12106
45215
59969
64964
20232
3782
29100
56483
7030
13208
40285
23773
7504
13321
10767
31689
37695
48541
39344
22088
5241
29109
43279
11000
1547
26135
21114
38671
26070
32416
57188
2272
2567
53281
33402
53157
42705
13515
1703
10386
21861
51457
7357
29609
60737
24817
4796
29152
16063
25902
43736
38683
14404
30349
47130
34462
48361
14641
37785
33324
14566
12661
35505
33717
35154
33902
39417
60543
15680
42515
506
45220
54139
26209
45548
48172
58585
25119
8707
25543
40518
2723
50086
27257
9496
17984
34032
49978
56167
15021
34599
34737
8711
47882
3250
63525
12454
34225
62136
17711
22568
13591
19363
55943
16163
27406
19220
19929
61044
41296
9648
13027
42864
51970
54871
58815
53247
2507
60701
33480
53898
30895
48994
64618
15277
11308
35284
6715
18104
44496
63900
20895
41999
53557
8822
11277
54594
41395
17761
19556
29847
35560
16175
50208
38074
6206
48039
19063
29414
64209
16950
12779
18750
12227
10172
17524
13477
19806
21634
49779
57627
36846
45289
34581
48168
24232
41501
5546
3691
1915
45497
3689
43852
21394
8565
20458
32344
21314
11674
53439
7450
49222
57717
37968
53894
39341
14314
50018
20169
4629
4640
54931
2812
2982
29642
7860
2583
36205
28406
50867
50659
651
32366
36196
63048
39306
25540
12756
16541
16124
61107
21394
52181
41111
55216
30794
35150
35529
46463
38928
17166
57156
37738
43997
6446
8693
24461
44056
38488
32703
31132
54636
5581
47952
1941
29274
55279
60788
6795
27939
27813
36366
47599
35676
29381
37952
10435
63895
60051
16682
4849
1210
37304
16591
14749
46878
28550
28880
284
22757
40736
24051
63940
64545
60350
54876
12914
3005
31045
45678
35163
20163
63885
52245
56170
38170
23101
39019
21640
9408
51273
2758
7162
52244
61259
6843
26340
23425
21488
52233
16708
21336
27393
8460
46441
55373
63129
45948
18049
11563
40623
51241
40818
54183
14161
47917
22424
40190
57952
20743
49413
34748
5163
18431
61287
35458
45836
27523
36996
36515
57926
10629
3864
3595
60040
2590
57375
48309
18571
4996
34182
22999
3847
1963
41595
37980
28516
47002
50213
31766
49636
62261
49213
40045
10174
59771
35564
17681
36645
18315
61863
39616
56863
43856
46574
27780
45801
4798
27242
11916
64920
43991
41164
61085
56682
34295
29930
30125
44251
40008
25716
4836
4876
35939
40885
18160
31613
30508
47149
32043
56723
51928
57347
55955
31013
27422
26256
49950
12528
40855
60263
37111
17403
47683
17672
10209
21932
43866
23507
12623
10729
49955
11010
42606
5011
21388
1640
6368
6429
58383
51389
53502
61962
28654
45099
6649
55100
31107
32683
14013
32609
39654
45064
47434
61624
17579
34198
37856
23370
57247
25755
2550
38531
38151
40683
36591
17775
17965
7330
53850
29313
58920
10522
42853
55999
57215
34884
53262
9978
10059
64563
36997
48577
20846
17532
50496
38244
28203
3849
33380
52374
49290
53829
15926
884
16408
50491
30764
19891
52537
50311
27210
35062
52388
36213
14716
52860
63578
47600
55677
49936
43113
21595
7994
59098
5835
58732
47558
34955
14334
27911
6947
11102
16912
22542
51866
20961
30633
30693
40023
40155
60853
23019
61668
61031
53188
3189
51183
17719
34688
26237
6571
4092
9067
21433
14921
15009
35986
28526
39688
38392
62945
46226
28000
28980
28852
47384
11543
42270
8288
10486
36837
17395
27700
59363
42299
19497
21495
19405
24155
4458
23831
58871
56323
55426
29227
53927
54948
34787
16886
27621
41106
48344
64233
62215
52671
20046
1475
39313
9848
17741
4383
3186
48563
40390
50794
56418
63115
54040
30144
35136
23210
52291
38211
45000
43587
42541
9270
25282
48825
18706
7788
14773
51943
1358
35048
25009
57764
6998
45952
50797
6330
54213
27291
63325
64156
43898
3740
63533
56602
11903
21883
4435
50818
5540
33958
26230
43053
4618
8449
1381
49555
23796
36847
53659
18059
60423
2907
39870
5155
44874
35136
29286
34241
26416
30393
54907
47636
19874
1494
16199
17570
44434
14587
16850
36318
29771
18911
62988
45765
33548
33790
30486
46446
10179
43019
1497
13516
6214
35918
40720
13305
1436
56406
41826
42632
56362
291
17111
31351
26690
9898
1924
3288
46614
43718
12993
64946
7842
2807
9239
3392
28320
4482
51991
55814
29693
34701
29518
12932
20768
28285
64612
409
1242
26374
9788
56436
37776
32758
46158
25457
29774
56246
872
2519
32903
2206
7947
39690
25551
52020
44178
61930
11713
40841
4021
26111
12116
16248
31395
17191
35144
14564
12366
16958
35479
3045
34336
17833
49974
60654
42732
31
25778
7686
42151
59892
43120
41768
7710
26835
21253
64946
31385
64775
31412
34279
33972
29710
20974
51905
20142
11459
52907
38014
52082
42774
43718
22534
53907
37898
49495
51871
5157
32451
25466
9172
26630
26067
30461
9761
57116
13519
42775
4219
4144
21986
41668
51448
11535
5870
34781
9243
42842
57482
25556
44593
12883
49668
47389
28117
4048
11708
37128
23716
20428
45123
32834
51159
60936
25399
35492
18811
42561
620
13443
10822
59979
12696
16142
19383
61844
56843
61383
954
26947
3080
33648
18744
37070
27765
6383
10855
9939
40203
5796
30691
45054
60762
9711
29120
51098
46293
34158
44827
5803
23717
30668
20132
54063
24116
17238
49826
31221
45569
27326
57635
64141
30515
47162
1182
31431
31099
34808
13768
21144
44562
18024
48039
57808
34372
10771
58637
43310
16344
13953
25357
660
27086
9190
15819
46023
21268
58502
17243
34815
54620
328
23794
6989
45277
18855
54016
23978
50396
62987
12178
23100
2750
36967
57467
19171
59141
64851
9610
19346
36934
985
32804
63633
49299
3773
11903
60088
17617
30157
39272
12246
60920
5424
25793
64094
57818
22267
60435
1067
17546
64014
47611
52850
45459
134
52700
21350
35914
10859
3858
35442
48961
55193
24350
49182
62920
37772
25891
40924
58610
12405
50323
19317
27122
16914
47614
47637
52464
38249
22265
54533
7139
44380
15559
63559
980
53560
59367
43491
48749
27687
22673
62176
13565
55942
39838
57975
2978
18993
5627
19169
48809
53227
31257
30857
56996
50345
48013
6180
10736
39670
54935
22861
15226
38217
35041
54749
24070
2322
9030
33951
12300
61836
19516
41074
13456
6291
44607
18040
7235
54527
28028
20891
25579
40178
53702
51918
37356
16235
23329
29857
24449
4765
11937
51423
51492
30081
149
64970
34149
9615
45542
11830
14866
54980
62382
28955
27459
38589
11647
40236
47665
38418
34233
12556
60563
31798
50311
27400
469
12475
20214
41360
39277
54482
58579
51343
51771
55528
41624
50593
56140
19468
1075
54196
56787
47492
23891
63063
39741
8616
38688
18928
34407
25070
10830
10474
53926
33028
11957
32739
24355
50237
45897
28771
6617
39418
9425
60544
7748
7938
9877
44335
51184
17204
57177
25693
60051
28257
5640
4075
3592
56583
40975
51848
11593
29535
5200
41144
18280
4696
54527
64778
18986
37213
20661
14616
59169
54801
22598
57199
64580
13131
42233
18558
58509
33412
31452
55724
39591
43957
63921
3402
13129
17630
39920
63527
52827
35025
22746
57434
63613
21605
43584
3834
14959
4887
52326
21466
41152
59250
12904
12400
58934
55231
21615
1004
35822
10664
3319
5318
25793
61142
19704
41616
52676
14994
61895
8739
63938
5824
52025
23501
3536
41992
63628
17703
33884
15311
3481
64989
6715
38754
52625
6839
40902
23434
61619
49357
55048
46163
20400
41031
5055
9110
13644
50226
35940
49559
3040
42614
34160
32016
19872
10812
16437
44636
62406
25381
2327
55153
178
64910
17693
44012
52087
46584
3624
32448
16274
16067
36047
59721
28569
6771
52899
3283
23446
14570
55990
29784
59079
55901
58115
51910
52540
55339
4994
50990
7644
43392
45035
36953
44859
46648
3492
57997
13836
45566
43008
38709
33071
132
47566
22255
35752
43069
47027
34391
26804
13310
55965
19369
33040
45956
26214
3980
36960
22615
41121
46313
63824
53995
44956
34003
16979
17759
18145
61880
45645
6350
5291
3917
35151
28179
47402
26905
33975
62106
7803
43560
36697
40794
49238
4887
1631
58278
53693
49215
32072
51658
32527
32178
5447
10467
40790
16619
43379
46687
60323
47530
9839
25724
6043
10829
24461
49397
55862
21082
25163
46406
11501
54688
36714
39664
6661
7910
23983
53784
54836
15275
28393
59066
54167
22165
39398
34388
25253
48261
62313
63741
61044
33375
63732
19516
16486
44351
59605
42476
38847
20735
37897
24229
43294
12189
51986
41350
19614
14809
45534
64862
62992
56996
40886
6563
7246
18797
35671
21354
5598
64933
10744
4788
57041
2778
45993
62641
40431
8264
52372
60046
22753
36891
52907
30114
52867
14674
3790
10439
27436
38477
35086
17164
16851
1823
18723
5471
8120
53262
23567
6808
60252
11727
5413
53528
59949
23895
21281
10264
32586
26709
2062
5527
7360
15771
39134
60643
34895
18050
24761
19232
26068
15293
32957
28702
42931
31174
33757
25060
63800
41909
16650
32595
55826
28055
49355
32430
4509
24875
43234
55949
55195
3056
14029
62473
11767
48882
25277
1698
45677
16459
48183
3348
15257
15366
42301
32103
43779
19446
15472
56582
39251
34454
52763
34575
51190
18266
36367
31705
15989
41762
26007
26868
59687
44622
27383
45122
13851
42221
35558
22836
18412
17616
52893
11287
3200
10443
40171
14581
35215
17188
48702
56055
53989
39092
28224
35016
12851
34058
30388
12077
24041
63223
34699
30057
53544
5044
14600
14405
57231
25327
50564
33156
28133
48165
54142
18157
43525
64969
23515
15930
46059
35426
22838
7341
21289
57971
10308
20642
36054
28636
62830
40463
48076
9334
64876
6671
26116
15324
6643
40702
22296
31869
24066
42392
6245
38565
59135
11059
1467
47107
24089
55850
27835
5654
55673
54491
40476
45384
32562
53976
705
52789
16306
63625
17595
5300
25836
52291
23014
40252
45948
27602
43794
55898
3574
794
24313
59750
52579
4579
64151
50206
25073
1339
11427
26370
39973
53725
58577
24967
23288
28711
26794
24871
46171
27449
48217
63821
47577
59281
51618
57542
43560
13620
45185
17747
22794
17071
7307
8371
1502
16596
25189
60582
654
19879
20192
2044
25758
39000
43174
43803
41024
52299
50044
31775
24414
50947
40779
11044
54205
36141
29228
18296
12650
7760
15096
37611
32836
7699
53137
50704
44141
25535
8257
38037
58798
38651
45429
33350
16518
11663
16093
60001
51039
31216
36523
28930
55006
11825
53965
15222
43877
57027
13392
29772
7262
39795
16763
34999
16134
25225
28262
19201
24035
14706
60526
5818
23204
43059
7774
5518
33052
14518
64650
5820
9514
36817
1267
37506
1191
62329
58522
62190
18709
39334
47867
1648
20145
18032
63352
49923
15597
62135
60126
9050
49957
28624
52776
12479
34931
34515
64319
50782
49457
32401
