19050
34392
2453
9495
63137
33844
43230
67738
34855
44411
56972
25140
9858
48816
33467
44858
49697
4244
58823
17361
40941
33468
52346
46736
66493
23535
32928
41092
73436
6037
6343
3417
225
61034
30160
26582
15939
18378
64557
28057
29215
2967
19422
9066
28208
43422
67564
1532
64465
58544
59481
39405
32362
48548
4794
37143
36292
64282
32163
71975
72795
6426
23413
71931
30743
1610
50518
41601
73751
49374
71717
1938
30235
26258
22360
47333
57435
39347
6916
36760
74562
31364
20240
43009
56345
8893
55679
17602
48401
68581
5544
3539
58561
7816
56195
36714
22383
37587
62915
65469
28719
5396
72258
8616
74182
50879
37406
15602
14801
58795
71846
57138
68415
59916
32016
48807
36263
25417
48611
70868
12656
49309
68531
41810
29475
12603
12214
55456
10719
9770
7794
9550
24185
54696
74745
10599
73789
24075
44979
15701
69293
64594
59206
36758
70629
6035
19724
35020
14817
39998
25866
45026
52548
13822
31224
43426
2374
74031
14921
27507
48904
65474
72921
56736
57607
67438
38462
17524
17299
26425
63444
46465
39427
72333
51665
28321
48471
35573
25106
28395
56274
30662
45824
51319
46490
54355
70539
33653
10044
10848
11657
24238
29145
64240
4098
38526
17103
30130
32091
42194
40709
31766
13766
38052
11680
2990
17970
22269
38171
55071
60044
15306
74454
5311
57186
12759
12237
47512
41512
30023
53995
25666
44441
25926
42044
36735
3371
66542
45452
15568
37231
65733
57471
29813
29739
43584
43390
59242
47902
73760
2027
35109
39504
66707
20577
70915
62043
24670
11986
60482
19554
41230
51126
62241
8125
59798
8757
28140
17214
11386
12714
35804
70467
30866
34501
62907
21032
61570
65075
28893
26312
58470
32219
27418
14680
547
14151
60432
35728
54529
32389
60525
70207
46628
41130
26050
28138
42706
15498
45667
3560
59999
40374
59274
5165
17419
18890
31276
13561
58893
38433
3331
68741
50954
57600
67731
12809
25334
26021
66008
60516
49810
28482
45652
47009
41414
67513
70671
68827
36446
44893
30967
54221
36712
35978
14727
49241
7438
26331
29715
51322
39983
16598
51889
44231
20368
55830
37795
6911
35615
52565
62609
48812
40008
57940
52636
47686
71056
65576
68693
60453
5815
5771
3028
13441
45091
19716
37293
45753
20095
23483
2788
27447
42498
59133
59337
44317
16036
36737
15959
74894
32803
35301
57118
63835
63948
22488
23632
12760
8286
900
51257
41370
72960
71431
18255
36440
49418
70135
11897
61251
14984
54759
15092
40236
43659
23331
51048
5552
13618
55076
41794
42522
54671
63928
60563
22085
50876
47745
55005
37356
66515
72488
5229
16977
66765
67286
9683
58550
58730
11799
19343
73819
29687
70755
24631
72596
3630
20794
58179
9982
5999
43572
46177
56943
56132
71002
17579
59663
8595
54820
54766
64894
49052
15480
7262
18436
24346
20763
34734
31231
26439
54792
50963
25764
28007
33803
34776
29165
35895
63840
29164
1579
57606
27244
37703
70176
31409
32071
52236
29420
58613
19397
59104
31395
27037
72296
32777
36815
25004
40452
35745
17734
26556
45342
46074
46290
57477
28002
17579
37241
22393
5015
54353
59538
29396
65721
36321
39643
61529
3659
27857
54265
68759
57159
41174
49380
9938
74036
6696
30118
73454
16155
49458
54705
56047
63574
2862
40698
51187
52188
42557
32294
30649
7789
5188
55791
54843
17247
15186
39595
23335
58067
26038
20889
50092
54415
50205
55912
12063
2737
48297
33558
74164
73188
21573
26258
10002
4394
48564
69695
71591
59679
32642
48630
42955
58469
20179
62615
40377
40265
54199
36755
11416
18442
53183
2760
58992
7761
30289
36698
20279
31177
8750
39891
22267
48533
47141
68463
53074
35384
14833
66462
31333
55949
25605
25454
37547
43883
36232
66621
32226
16700
51763
21048
6128
45539
25824
24483
64487
27184
1244
72038
66399
7066
68189
60824
60574
55816
71855
69002
38730
20523
62799
586
8879
68091
48187
46866
13596
3940
28257
34733
23112
12812
60651
16886
32370
15164
68052
54477
53462
70377
60525
24255
73883
67607
65872
4713
60873
34729
27814
49128
28696
34287
34404
51768
47003
48148
68807
62654
36436
41298
9536
62492
2257
2157
26427
71714
43388
1073
26257
74563
34752
44264
23134
65203
37039
46556
74469
6402
46328
17109
73431
15797
24526
43624
6402
18914
52820
63637
12982
5606
10245
30923
71187
29214
53872
69362
20102
29830
38560
64908
17042
32
30177
18553
39347
69308
55358
3013
42031
62816
40048
61096
24573
61501
29241
74483
23471
54415
2695
38298
15971
47166
53676
2154
38052
21957
38425
26007
23353
13343
1347
29586
5027
45809
7702
39207
68690
13991
2237
12831
26193
34215
68276
59662
32141
49692
53797
74050
9933
19336
61278
39622
48667
52594
51996
14843
8961
24055
63753
55434
72431
71104
65560
33616
7073
74856
9233
74070
5764
27385
55592
69332
47017
67402
7992
24922
18178
26678
72797
3771
66402
5155
70823
50262
43289
16766
63115
64770
63421
29208
60011
62893
72876
55847
63269
65089
27326
50380
44609
37340
38287
12604
63803
31242
47458
52045
7377
30465
72881
25871
57751
3073
62336
18708
1646
678
35562
34069
9715
57179
47804
72027
40699
14221
65221
39583
68324
8369
50455
73102
56159
24019
6975
50141
73554
31812
32071
26780
23794
20814
5270
12970
40381
28056
40405
63542
845
3905
10474
14349
63793
63370
25137
66852
50229
18373
11494
51387
35986
8820
42592
36804
33113
49167
44799
4640
42056
40974
30646
28021
50047
31743
1924
25389
31316
2244
23524
30565
72306
61156
32908
52128
11488
31100
71682
4368
50398
65778
3938
36153
14115
60918
7629
42994
20634
26061
21876
56960
30354
55988
38178
11657
60988
64349
55735
28554
26536
22169
25048
57262
61712
33058
44284
71755
68966
52
70762
40138
41513
64328
49254
18427
35995
52771
36762
70315
53694
36569
10129
65627
68588
13354
48015
59766
39750
23767
72852
64566
19196
71092
61647
64444
45955
42265
53663
27714
26701
27878
44733
14999
73371
27410
24109
14110
22301
23488
47036
25259
37473
24087
52643
58284
72466
52333
18105
2503
21496
52983
21807
19622
64621
18367
54860
52923
9168
8051
23785
73153
3466
61718
60151
44258
14942
8637
54284
69407
7942
8712
69893
74503
8408
23970
3733
28630
14399
67023
48652
40409
29222
54402
33947
47308
1615
52896
49803
33536
73298
44988
70757
31692
13313
62584
19188
54159
73504
67388
49679
50464
23170
61431
3730
40306
59062
21247
6412
44031
10313
60054
42876
57847
56005
16115
44012
48093
2886
34922
5264
13158
70029
36850
44216
72039
17254
224
33840
20803
54236
12813
3360
59326
51605
48529
60640
61184
11888
19882
16516
56713
14890
18477
52293
3205
25775
68207
51351
18205
5846
23265
27831
69890
50894
71750
41413
36830
2404
11387
28679
30385
3855
35402
57958
23685
5898
49498
65673
9830
5864
71078
70983
57401
21015
66272
6987
67936
60138
34178
4928
14296
12930
6441
36059
34231
43600
46711
70960
55093
6361
16139
41805
35134
36067
61207
58259
65776
54367
23190
1242
63880
38788
71784
55636
36315
9003
55411
38106
68836
25754
53752
63690
29793
7832
47735
33138
58482
51271
32511
27391
59879
19039
16774
45694
13269
15118
65802
45211
50893
62430
68082
47280
19464
15679
6827
21029
24179
53804
16235
26702
57147
36666
28636
25066
17854
57601
11989
51887
36318
68183
50259
70243
50058
2858
22063
10430
15066
16284
13708
48555
18815
71500
22744
23293
17204
62430
62197
61174
67485
20508
63682
4387
67387
717
44538
57595
71130
36484
20817
27438
51943
32597
65959
64915
62144
9576
2210
17649
33074
30143
56636
59375
31489
25380
5902
68479
74504
10036
68583
27916
1061
66888
14726
28445
37176
69026
8432
7506
21248
23044
65470
63475
42938
47027
37198
62624
72775
28979
69156
65923
3712
31229
13940
33986
6465
49524
2511
5488
40823
44069
13088
42763
54895
13019
7882
26056
43829
66018
39904
3610
69165
73892
56776
28986
36866
33728
30669
41201
41089
29360
15407
65224
10857
8689
23369
14224
51161
3742
5775
20086
26549
60269
5242
30854
72727
48747
69458
47568
42622
30235
8575
51552
44822
30305
74091
38983
19819
41253
57215
44576
69179
61611
41745
33517
64048
15256
61615
59887
38710
46423
24370
47571
52015
32545
42010
29426
49488
65938
32826
70642
11280
1104
7360
58136
49557
68735
18611
14791
67242
43944
67177
30265
7321
44560
61692
35260
32609
22412
46625
23512
1932
4907
16829
33741
22944
38979
3051
31778
16048
71821
60246
31680
69246
7829
52464
47837
39463
58266
13813
64780
23043
28972
9335
26097
45511
52299
18918
24874
65873
1571
18372
20025
2527
57365
68962
18967
7805
33898
39147
54795
39969
43464
3251
31247
16549
74383
12611
7507
29864
36965
28492
34139
12057
72525
30021
29515
17081
3031
73698
66859
44315
71041
7195
6014
2051
53546
57095
72756
33889
42399
54403
16024
14929
46983
14636
25419
24487
71889
51484
24207
5196
46125
21931
56848
62432
71800
69478
20060
52139
60449
10957
74244
73556
67112
64251
62514
41756
66206
10151
42786
18000
20136
66218
42014
68034
54653
48068
60305
67931
48591
18592
59877
40423
16102
61672
45871
47844
17072
25278
2792
15104
52981
73
41927
61159
5942
74664
61490
14622
45869
58494
2524
66815
17320
51314
38096
23097
52695
52545
56019
73899
23565
39971
16304
64332
42748
37463
70149
5986
9041
19747
61114
20998
64214
68564
394
24816
47382
12654
35817
37605
22627
8512
8454
3201
7971
9000
47131
12626
22905
55406
9775
34867
56128
68792
74356
56537
57739
31458
7380
24054
51791
43087
51079
35823
72954
1584
2687
54404
71772
28424
33908
61204
28563
35714
71300
69915
66638
64279
68754
13065
47663
20072
8015
50783
64523
58924
5270
13241
74086
27846
51849
12931
6431
519
29146
33537
17283
55307
56755
10295
25037
56747
2839
73585
1811
28566
25369
25608
74820
756
9882
29698
20549
19225
23073
24324
35715
18522
37018
20767
73658
68184
42225
29189
70348
69710
21423
44814
39078
65304
62283
17835
20924
44882
12877
72678
60285
16258
24323
3748
60401
18931
4366
47096
65870
9607
52519
69454
10402
57800
37859
63264
2587
63451
42510
53080
794
8441
18659
923
36174
6379
4370
8622
60605
28138
28754
21360
38814
33
9117
20612
72601
32935
47555
69641
30151
43477
34391
30928
66846
34120
12678
33297
11517
69115
66085
14345
6382
53228
28122
5876
64169
66593
1699
46460
40237
25711
71395
3316
65129
17503
59131
20243
66825
74421
31765
42992
14292
870
47403
34398
45322
19102
64614
7428
19147
9212
46139
15364
56963
38458
28119
54629
66153
32324
69260
60648
21951
66868
53276
73452
64659
8648
58713
45374
17324
28129
22599
1168
20929
18120
36097
72460
24219
42927
71368
41046
60082
36546
10666
60772
19125
74728
11167
58490
56803
33754
50015
29366
14031
28766
59112
14821
4185
41680
4611
10720
28278
15958
53477
45527
7873
16095
14211
70359
26227
11591
18151
29123
51102
41905
56848
68069
70608
73634
22094
3055
32515
30158
48554
20387
57
71905
20307
56443
47941
49244
3821
60885
35116
52185
2364
53271
25938
2533
695
72227
60768
20546
51128
3511
73499
35878
74175
68340
13449
29875
25198
72944
9949
26844
64504
1066
42642
53568
65546
32226
27587
22590
12323
40234
17768
9606
10760
31229
1358
50992
7056
64683
45566
22107
59518
69286
39245
25907
60197
18780
16987
52648
2830
72585
41564
52976
35628
19183
62077
55256
8385
51733
73681
42036
14233
11834
46465
36696
35836
54981
61249
41458
34234
62323
38511
45063
39822
21811
43351
59190
14885
33169
8658
66925
30184
31093
10509
43206
67172
3063
55926
64045
61931
18810
12897
929
16843
72962
49048
27996
68893
42715
73793
55409
71760
72864
2457
33305
23300
25020
53990
11754
29506
74152
70595
51445
47872
5090
16964
54250
58459
68078
51233
58346
35805
18811
33520
2529
70670
2381
59891
64694
55198
20099
2672
47944
71848
15525
1519
31943
21107
55947
66638
7844
6010
51980
26304
27413
63547
47370
44781
13105
52221
1078
64971
32188
65850
32470
58978
72416
36204
56072
57629
21009
12852
15161
44483
15715
15229
35422
39901
24194
5799
26838
63275
63318
58488
39786
4384
58905
48461
48514
55116
56966
21590
47438
30751
22951
56943
25125
5994
73683
1618
16902
73954
19554
43442
20128
63102
44767
64347
47144
40880
20489
25901
37967
57777
39229
22983
15597
56620
15460
14969
29886
15228
55733
4817
53847
25129
2622
49903
52054
8494
13596
57708
27339
61358
58309
34021
10166
32965
66742
15062
49334
51011
37806
59673
44515
15547
30894
15733
32361
49354
33019
63027
47146
22514
40682
61308
49263
59230
40750
34207
643
28952
71289
20015
36644
37750
62517
52760
43534
44716
14190
58818
66573
19090
45686
50998
3214
32454
66196
7453
64715
65989
7170
65336
14338
63706
313
41730
58650
63201
36731
21282
72721
6725
4493
28309
1380
7317
34143
9040
3235
38950
41937
12507
45912
31154
56260
16232
73452
15838
37499
62411
12687
70185
18388
48364
15378
19304
51550
4439
1882
10046
58384
10773
61436
71657
74316
19
70535
34208
14767
47624
2794
48552
31213
49205
18131
74006
71357
18708
5857
54694
70623
69491
56991
19666
11758
27426
31398
4119
32990
21927
8158
15937
59458
32795
25992
34127
36642
67782
23962
49217
33464
11045
41224
71014
59838
14844
26227
1010
20797
20958
47761
26524
34188
5337
46418
16653
36515
12647
51562
58868
56203
56694
45431
46255
67885
71529
37825
42268
12107
41056
36776
60238
49887
48651
42247
10827
45566
628
50380
53298
71128
71889
41016
20242
28318
44361
15577
14725
45889
60326
64201
4763
163
29032
20083
48107
12556
18731
40986
39677
54460
7686
27894
3418
46791
13989
62996
36605
41042
46513
72168
25539
63129
13978
28042
67925
45474
64198
20282
15142
60537
4780
30481
74152
27241
11937
71486
14521
3556
59524
7081
23939
22495
51821
28711
41322
28301
31967
21555
21638
25015
24487
57437
60232
29349
7172
59818
69505
4827
10606
21680
61893
62570
43292
804
54159
25033
32398
12738
74174
43209
72704
22648
5661
28210
70423
53216
74913
52213
62054
72752
25131
62455
43322
26519
54805
33647
16052
55350
59001
49173
9692
54216
62829
30990
595
58088
63131
29352
5473
33606
54141
49230
28732
4749
50061
69344
56146
36356
37131
64259
25438
6726
27152
44592
35014
63233
53998
29292
21405
51592
63706
55796
47293
61685
41138
33666
14700
74847
50625
66280
10439
15971
60482
15456
10884
64402
65145
70845
69201
727
32052
28834
33098
54395
49384
14197
44455
68007
16528
42840
51820
72149
53961
12700
21627
34412
25481
48305
17668
21206
4253
6215
59316
45143
15497
51970
42739
56876
33131
45318
52479
46390
15233
8855
72967
52170
71896
4435
26738
23830
62318
21846
68469
22914
13711
64609
69859
19240
61812
53321
63670
34833
36827
19671
19884
55846
62815
14697
55182
56719
34527
62389
59730
72780
55172
74781
72056
19390
73284
4316
13097
66857
65085
63083
42075
60401
15187
25280
1585
32685
16705
52571
34695
52332
494
15206
9068
13371
27263
3857
60680
16808
63579
71656
18332
47806
63948
1137
23489
44069
36960
20421
3673
34317
48599
53643
15778
14863
47999
68227
1353
74736
24524
29590
43547
50675
45635
51271
60934
48754
54053
1886
31542
69433
54593
39417
14723
40799
62738
44239
32688
35121
40408
74819
9726
51661
26418
12825
19775
27448
48433
32824
31503
22700
53927
43388
6781
2922
63510
73423
14119
55999
74918
22515
28691
5590
5462
74526
71178
38187
66524
10251
62102
55079
39511
74249
7261
22957
7713
19874
32390
57543
9259
27050
68352
29630
31752
46042
21697
66148
18795
57224
72924
19271
20853
33909
69012
59829
72598
37210
3893
45191
19085
56336
68218
43347
4091
22267
22808
74050
43737
40610
55498
21466
44457
52373
10862
41161
20810
9155
74748
42311
31278
1504
30127
67542
64646
58367
24028
74241
4413
71754
64719
56718
30817
44715
30342
39121
10934
62245
64269
51791
16332
52484
54623
35924
61353
51230
56310
4505
40602
2916
17522
14557
20554
47433
23069
36095
6237
51902
7152
2605
52030
4704
40142
46045
58205
49943
54366
11205
73724
55627
33910
25096
41136
25141
47978
40936
31045
67039
24380
46803
14115
12809
65494
31476
60420
18241
49563
10358
37863
32398
45099
51383
15559
70865
39725
30399
4348
68153
68319
69251
66003
46858
20073
722
30121
11977
16935
69828
13275
62358
54069
7106
49833
37845
44077
55310
62616
53931
59363
21720
31751
51163
35986
8969
53282
54818
10040
47568
42906
51685
16940
74191
50205
58692
46032
23569
53417
62611
17329
8266
20932
31325
3739
48411
7536
30230
51770
36888
11618
8931
57363
7432
51937
3472
7001
23281
4243
13998
46715
24821
21747
51342
17234
48333
4607
12703
12977
42648
74006
9728
74773
63895
51583
61602
59676
37633
68492
15597
6146
20870
27838
16918
43974
38850
66466
35337
61587
39769
9288
28937
6018
17497
47716
12025
43861
48168
74589
64758
34734
34691
2755
5755
52814
29735
47943
41544
44802
2800
47146
69153
50176
31636
24167
72342
65191
23355
67356
71028
40668
64654
40771
20599
47265
39913
61640
62466
68744
23326
63155
67581
261
28958
72549
51210
60921
19807
28351
58220
74419
73597
44773
16564
23153
12454
18762
361
71076
15015
22717
37755
64737
63588
49913
71764
44892
66880
8923
57396
4575
61345
54420
10864
9640
23334
32767
50710
73833
27297
7684
65664
62105
36547
40706
32106
74656
15568
44155
4002
7967
16224
63513
1523
68758
50943
32414
13621
35279
42946
59026
20580
36183
35894
42710
41292
63789
72847
41629
31886
73291
20361
62314
36274
59122
17887
17819
26977
69058
56102
40437
1621
73838
30388
58290
25143
30510
39531
59822
47220
43774
70900
47415
19054
72148
41753
36915
61059
4559
6900
41467
61132
9930
66285
9564
71900
64256
19444
38166
35795
66722
58235
13958
43638
10364
61391
34046
6596
74453
74187
70517
44455
55117
16641
13577
805
68873
71758
35871
19827
3826
34337
9693
22261
42275
23936
1344
34564
3649
31262
4759
59628
54389
39253
41720
9817
3261
9236
57216
35782
57401
16197
18742
62825
21768
8726
4729
50142
57611
50641
20352
62055
7697
33979
39864
46877
53602
43509
42960
42685
23359
27106
34032
7210
16718
54102
19128
7994
51100
51943
3101
59448
50931
28876
11086
47430
24283
65758
26549
29613
74757
59886
69848
26419
61466
35821
34919
5599
34418
8626
56777
71523
57728
49132
61631
27263
32962
25940
12082
59166
51039
32261
54600
73159
71969
38051
36697
34178
42707
73325
15416
14613
57524
68537
8549
58315
28200
2171
61335
11704
57127
74081
27814
52787
19127
22606
67519
44839
51277
64073
43769
5096
28969
5633
27901
34015
3343
69647
22370
45090
50138
39728
18198
7787
58291
22318
9752
40795
69687
40802
67338
54795
51998
16232
16357
41967
16336
54926
27652
23359
8442
41946
58923
9044
1990
52576
27480
46483
20209
29461
49615
69408
40429
3139
50323
27875
72447
12761
31368
63592
56707
13165
68798
15133
3147
22273
56280
74157
66478
52256
58091
56603
62757
37523
58306
18478
2602
66773
23182
43984
41049
48559
74570
36810
3056
7016
71924
37944
52203
57477
51200
53812
27192
27609
16471
45570
20825
44041
44444
15575
60583
13703
28911
35463
73292
16416
35667
31442
625
33524
52834
72514
56710
16946
14624
475
71584
35605
14436
54831
61732
6663
7371
9189
49658
73729
73215
21565
76
45580
29325
55467
24590
61359
28260
44646
40416
37005
58977
60444
64671
61746
56536
32444
3186
46370
35997
46847
24967
43630
34864
40259
55853
38580
30838
44886
23989
74425
30276
56924
64346
766
20431
68708
8039
37341
71215
42789
34991
24246
61842
52041
43512
32418
13372
22363
45153
63691
48428
48906
24082
21070
64682
16410
53819
46670
57093
24619
23973
42614
16233
70312
35860
17403
61421
68783
25910
22228
50131
70632
47485
28047
47432
8659
63888
67729
56019
54610
10960
50689
20962
11537
52038
25249
30744
3574
57874
39714
38603
55336
14766
18068
62314
68448
34208
12319
14420
73766
29087
34024
46148
22322
26685
70459
51648
17064
54971
11002
16552
58391
72002
40375
44299
814
58893
8540
34189
55371
43796
4692
55630
44042
48588
22429
37268
48302
58450
20637
34920
61735
60678
51350
34078
22768
2812
27440
19750
283
31565
44617
63671
39172
65860
73267
54651
36463
7333
72026
33118
43886
74056
1072
41296
5755
2643
22191
59818
53551
7957
4163
74229
5532
57311
24858
46558
53653
59813
57128
73973
28064
29906
70603
15309
64181
63818
37048
13758
55807
31392
53304
57326
1011
35928
46586
13686
19153
49199
57014
57568
2878
2198
71771
63863
31555
38174
36934
48878
21038
25709
27161
54211
50796
34902
35979
34005
6079
29311
43081
44591
8185
23028
59425
53689
30934
21409
69966
5844
1583
30316
26949
63083
33056
28713
40267
18833
31951
19847
16929
39437
9199
27527
24981
41026
1545
41733
21718
52539
38670
34128
57539
10796
49644
29851
51273
35779
74906
58038
59096
46981
2985
6086
22840
63173
57273
28400
21709
6528
18133
70766
54660
36804
3884
8472
17185
59439
34141
36724
50511
62995
54310
61760
72211
61407
2825
48947
12549
8313
2972
14219
59771
55111
53779
13338
27260
69012
2548
70634
54038
34488
2703
74183
70397
50121
58568
5908
64033
66933
67738
2981
50450
65010
61186
59859
54923
4844
47805
72263
29776
71773
7975
29510
40949
72236
18137
25682
2804
30804
70102
68513
71690
46068
28514
28870
13935
42871
57016
69406
43529
36698
15542
9773
13460
12043
18647
67271
35872
29001
11781
9842
65566
13502
19768
69400
23176
73392
48392
47139
11461
48279
62387
42593
47341
8114
14507
38039
63383
41458
25599
65554
37429
16440
41236
64096
6808
68722
17808
19093
45582
16952
34028
20298
58316
42325
53459
7903
24457
54881
17939
32105
34858
36291
45494
63279
32291
42996
37197
39934
72232
61223
24626
43109
30593
2564
39825
43147
73555
3788
50211
27268
44585
61598
69030
21162
49750
26008
36508
63559
52949
65530
34053
65785
33287
23804
34988
55055
13256
23887
51116
68936
51823
15777
67261
14627
50248
12090
17407
23576
69728
56531
32289
33373
1900
40391
61103
59309
21599
42522
53510
49724
49790
26742
70556
36373
43033
20404
42113
23716
39816
42231
18804
18871
31815
14852
47324
64791
5080
18990
67532
74356
53955
61950
23713
35063
5493
5343
18667
37209
60131
48447
38069
28280
14305
17746
68907
58115
42347
72033
3016
32866
50030
38447
56793
34952
73348
68580
6162
54149
56523
7451
52146
45484
68545
40742
52477
7819
39919
60009
73534
13705
13462
7420
3583
66154
1506
26514
36039
62997
5729
16934
56870
61118
7120
68357
50736
50216
46843
62046
39219
70618
12055
48206
27239
5826
34654
48969
67514
54128
6485
24866
7141
19273
1717
70300
6646
16316
19261
73585
71154
51024
12392
59599
69431
6668
42960
61611
73947
42881
67207
65045
59917
17746
3518
21659
35654
68164
25380
41610
14411
54728
71140
49254
74218
73645
19028
73091
17615
31466
66005
17916
60490
51425
67084
32513
19014
65815
38588
22606
35784
44032
67741
41045
2282
40208
2853
33262
67555
18244
52953
14021
21349
29039
43393
28065
44507
15073
56622
12525
54605
46393
68120
12520
10633
32843
15504
61423
37504
32916
62462
72457
3562
61346
45912
61483
39543
37009
14216
60282
42939
70344
40601
39054
18684
506
254
14055
23515
13721
33159
6695
25589
65172
4072
30646
9397
49465
31672
42469
47424
35758
58315
27642
45661
9897
33364
34666
18359
37856
3499
37045
36792
71179
18103
48426
57267
34629
1752
3139
53894
60065
38451
70924
50283
11232
32003
10005
66601
13025
74888
72839
69452
36706
53183
8219
6821
23483
54150
6366
54295
74002
31130
25337
27248
40856
43383
2988
45952
27043
33227
14370
39105
59589
783
59352
48778
7257
22315
2112
55522
23845
51349
53818
36526
56691
47726
43257
36383
11386
14897
50019
31299
64146
18497
4106
59494
73661
47782
32249
37828
45104
20011
67896
48638
50601
51263
67984
60911
56474
37102
13730
18842
45059
21299
68585
59218
56326
74844
30840
16013
65940
41850
44966
43238
34269
72372
12566
45102
35621
30479
19555
25118
53169
74556
7601
59995
64825
69478
63038
63190
49856
21182
43856
35807
69518
43541
1592
73645
55270
50173
68388
8621
123
66196
48074
22149
38062
56478
2047
14692
3515
64023
65176
11568
67322
19874
6320
41810
10169
18480
37121
51994
45926
53496
55086
6859
36633
39543
65396
41579
18312
73581
6744
71218
38789
32212
45851
28668
50754
70117
70043
23308
13245
54824
71931
6078
34206
54072
21555
56441
12621
3370
74338
65688
54312
35112
42415
63796
28394
4494
52711
23512
2816
58079
72689
56264
11149
69101
40198
49454
74069
44059
65572
4258
10174
21521
73185
5318
49842
27684
60644
5587
13025
17319
34591
63412
57316
55826
59537
60925
71124
47541
38224
71215
67065
23257
66163
20203
5534
10651
62757
984
29986
24318
3622
28651
186
7076
58388
70674
25657
32368
13736
1189
73929
45787
55459
36969
74683
53194
16622
72554
49123
26152
19136
19197
4439
59365
58618
43591
12846
72770
61431
16278
56045
66424
61455
8522
42180
38621
18819
36494
43560
6186
59738
38953
42257
74531
73258
42916
30716
11635
38435
11744
60531
19252
50605
50525
64431
38632
41081
32473
2552
33712
61557
61107
26875
24342
36961
47955
69114
72928
21679
4960
60114
50244
68840
72157
51926
31746
43456
43689
7968
59787
51635
7425
48592
10828
12210
7620
25437
32767
66590
27419
54672
65414
72373
17732
31192
74892
27257
18610
66831
73266
28453
54002
42996
33139
51124
45779
70650
49413
25386
55411
23414
220
53636
55619
51086
14205
22291
16878
18852
33500
31795
72747
53089
18482
17194
47172
34615
55046
32851
42835
12255
19999
27162
59688
68185
19195
34459
56857
73330
1071
46187
41375
58496
55652
31720
36720
2048
12602
30340
40023
56832
36084
53884
19340
6073
6391
26168
69009
16196
51088
17579
59834
22206
29457
67513
26936
70510
24904
39424
74226
12459
65557
39584
57328
58810
43741
56012
39590
7476
40359
39962
26714
1767
57435
62623
73186
29067
2922
54643
62012
32117
57406
10468
39828
1984
14263
33071
6699
53983
13630
25809
61370
66047
45002
54299
50140
31865
56748
8396
53600
31965
25577
6112
23755
7650
26973
51222
66041
63339
46526
11272
33252
8907
39036
43244
65859
29577
43266
8615
60016
62246
14585
34256
13534
45155
57850
3658
23676
71224
8302
41892
74243
36224
18700
25331
20152
9936
47645
64351
74638
15549
216
13618
72491
49381
53301
43125
39541
31933
67000
26813
16225
43410
58997
2314
25768
33660
9250
54008
59951
5620
24485
73151
35345
73631
52642
41605
31467
62282
73833
40252
10131
57229
68387
60261
17358
44028
28039
25731
67965
61320
62877
9141
48171
74989
9733
55507
58894
34788
46997
26498
55591
38913
50942
11226
71200
12671
36977
15508
29625
73671
31604
56353
48390
12479
9571
32294
72049
17295
63380
67340
10087
2118
24819
20708
20514
33235
33119
74695
7619
33545
42967
63619
14521
57314
21749
26065
5298
11652
50957
24219
11069
31880
30849
51004
21874
47871
40717
43072
9911
30263
23769
3186
70632
62444
9129
27028
9737
63930
12317
73049
5883
493
45637
26399
73265
45699
14429
70728
54517
2002
38833
20103
51716
28276
62069
43975
61947
49625
62396
18303
21861
62403
14075
21474
45762
18220
7480
71468
58901
56203
38444
62838
62346
43190
40795
55418
15162
10650
9036
57642
73428
39261
25241
45171
9858
10308
53277
58095
18189
60697
41892
74392
7326
46893
42156
51672
14387
58435
40622
32461
74217
15940
42305
19250
59988
57623
22803
47065
48969
72168
40133
9805
40003
54945
53010
8819
14914
62215
51955
8832
18549
31083
58570
17525
69671
35009
8769
71624
33117
28125
32983
461
23667
21929
45206
20657
11798
29187
51892
8079
37849
62131
27843
9259
24687
60699
23735
31195
61841
18303
48900
27710
60269
62627
56178
50612
36852
6388
20406
8005
59566
53206
37846
32775
23660
43221
66752
47399
45978
47192
53751
69520
33159
24119
45043
54169
56674
36021
33893
55504
59627
48616
28060
844
46531
73805
36206
961
1961
27529
57455
33429
70649
10203
12623
63663
64227
57485
37251
26191
6838
5377
63810
3080
14439
20919
4026
53578
1394
44
48311
72165
26795
26247
36087
37383
39402
57126
4413
47158
33185
1461
60423
6890
42875
28766
60102
8681
63594
7452
30619
35094
16957
54481
32057
20876
62972
24232
53362
16300
65066
43773
46065
73390
22758
34320
65465
8883
72966
18928
688
24401
44064
2124
55132
23441
18046
12205
35201
56042
25758
72823
72027
24232
72331
2310
43758
53527
64667
413
22072
31417
6534
21370
8608
51375
61712
38270
17885
41700
1003
27208
66685
55909
67756
41265
841
11925
42432
17690
21465
21405
13930
56209
69977
57609
73796
13955
54511
3069
71504
6403
21160
15878
63754
41377
48559
67317
68196
37261
6201
10982
47141
5362
37200
42663
71463
19113
72473
6404
38515
64066
11604
37799
33732
42239
52832
41900
68316
8572
6592
66451
68247
8582
20286
73039
13498
28452
31674
58227
43031
58731
9736
48364
45376
46379
71195
66650
19062
33503
65778
22400
26157
69618
56821
322
72669
46644
68299
59990
72776
18741
25044
212
37187
23288
28030
38423
23547
33160
54886
20389
11325
37881
21005
5043
11841
46061
20109
50546
1724
4543
50102
52910
25393
56748
49897
40164
34900
21213
29672
70259
18171
65713
71960
4804
48280
40960
124
43196
67967
19042
33871
25744
71265
50845
18909
26663
27219
73054
23215
45371
68774
44214
63290
32753
51883
39606
63707
33273
39979
48726
26897
72247
3192
68318
38198
33743
44484
9352
59923
31200
53124
2444
48576
69783
34576
40499
629
25876
54186
17488
52855
71593
5320
46376
12842
46743
19000
57394
26319
8467
48655
2402
13339
15902
13493
49511
17357
41586
18833
67676
19961
71544
55829
33164
55037
52374
18702
69054
73639
67661
23202
34136
63609
66193
36061
39008
954
59026
55674
63742
9234
28728
5483
44389
46682
4091
62766
10232
50822
44312
56852
20641
58032
20031
49110
66365
11914
68873
45118
57491
12248
24488
26439
13243
51864
26414
56690
10635
56766
1655
15479
45405
59904
57459
72948
32004
67154
65739
73557
66317
49263
5013
66928
21107
45310
22211
14179
32858
45333
64037
49909
34469
36676
40303
73301
39099
38672
54605
51059
43316
58842
16090
18762
14322
6987
39280
32406
45715
74079
37482
27071
13250
65076
5102
19258
13717
11693
71086
70833
37297
65071
38517
31286
71137
29767
68294
29081
58062
52309
20024
2291
72656
31210
32703
1423
44419
33002
72556
28420
32581
30157
45820
8369
2083
17208
50414
74646
49723
36298
48741
65122
19189
27710
1805
69910
67715
74357
70315
15206
61199
31292
39037
6015
14915
46929
74441
31338
17291
22534
49282
44387
37791
48664
13196
73534
43196
591
12833
24855
46435
54905
74516
6276
66673
20309
53706
53449
50973
57049
5480
49384
59081
9801
1048
4427
66416
14813
16733
20887
50213
41373
32934
6143
53540
8379
27000
55482
24058
33485
28979
53482
19742
12822
73726
35890
34627
7393
27663
70163
14846
30225
30435
66523
60674
33151
34043
10994
31539
11248
22495
51314
47351
9442
40156
41859
46416
65900
12362
59977
34695
52008
7377
6491
69922
52949
7657
63664
60654
21581
70320
1855
6520
35583
47437
19011
5845
55674
50476
7881
5713
7600
55547
18192
19916
22890
35409
11276
26185
73509
11118
40695
15816
3105
60134
6381
12683
42498
16391
25818
4590
26173
27121
42610
3775
51329
32357
34660
25085
1351
16398
19548
20637
41767
22909
9940
22768
48912
18920
73926
70904
1196
12682
6792
8825
69310
31470
37501
73076
40729
34549
46532
13879
39622
61311
36079
55104
24001
7654
10770
3800
31849
74045
61110
34917
24786
51320
62169
34967
15801
36246
36284
73324
71931
10256
65337
2542
54514
8461
12566
10194
73581
23638
59643
58533
64659
64509
58835
29311
44076
45267
24506
7449
36908
17398
60836
46514
69421
25345
19142
7709
66136
58965
11971
29142
11631
1262
17317
12636
40834
800
15990
17305
15676
35016
68897
32371
37017
687
9698
8711
46622
26921
55335
74780
12949
40524
46866
16970
44204
12532
8620
63918
54257
9155
45471
55197
20084
8382
43383
69237
42185
31546
47751
23843
62856
73109
53060
29663
28803
71594
26888
35053
45187
45964
39189
17988
41856
65787
48475
50145
33115
39621
37208
22926
23233
12699
4715
6275
20078
73596
60469
36326
40427
11360
39205
20015
11159
54658
56743
51412
30117
35704
69800
40388
17631
44455
36576
47727
7039
56320
71156
33666
52470
63511
63551
43161
35699
154
15020
21852
15865
65134
70027
54708
19165
23724
27141
23655
34971
26867
18382
74622
19916
41864
11311
30664
42486
34088
54580
11800
57792
4582
19888
42610
1280
63407
17011
33163
26492
67266
10942
48349
51049
63222
65659
52289
59987
27300
14235
65775
63913
17108
20421
1209
62284
19435
37000
21567
12260
65873
34702
26947
37807
31129
45285
64532
16935
7593
20162
30608
64967
56161
2596
66306
26754
2001
26563
42419
15135
12507
33827
49188
67557
37760
71921
65018
2487
3271
14496
16538
61733
36495
36880
64724
62927
9469
12924
45381
5702
7737
46215
47772
41944
74955
54083
72006
71103
5643
12653
49116
64792
22406
22320
15274
11979
25436
7556
48355
48036
73838
40963
31240
7788
42486
29768
24655
11180
68423
47452
47168
22736
27547
8094
28243
72156
44794
1374
2389
65206
32520
74431
29954
60375
62400
63199
29900
17391
59396
69988
49873
52500
63927
73132
59242
63831
46065
67593
42296
61099
55161
29735
68818
63546
6938
46916
43185
55910
9388
30419
5764
169
28987
36548
54759
43810
58829
14611
16006
37605
72996
56732
44672
56357
31451
66296
66863
6144
71510
27047
44163
12447
54682
38914
22014
70217
33795
20347
36274
48555
48844
19708
27031
53198
31625
59632
20337
11460
20849
33570
64933
31928
52031
9992
46692
46946
40192
46787
47473
47540
73719
10638
19332
61997
74675
12921
42393
27071
51370
55785
62114
63214
53167
45893
50185
20663
40574
25815
27770
46322
11737
25069
2117
74302
52059
19108
3737
38024
40281
44360
70356
47544
34481
44658
48439
67528
59946
68351
41270
46097
31667
29352
32918
6323
28839
43331
21686
39441
5790
5350
50616
17999
37944
54179
66121
40402
18962
34204
20732
63562
5674
56180
54453
63510
56879
28208
48408
62004
70338
9880
42714
71531
7425
8774
19200
12791
54530
67082
12868
45096
51693
25855
63638
34584
73522
66694
31502
48335
42961
35693
73311
23845
47320
61115
6775
2747
64287
73059
7284
63678
631
3906
49673
44481
59553
5718
38613
48549
42996
38614
31444
71160
38790
60080
65415
6504
62835
47763
21895
24474
3291
44849
66943
54460
50606
4944
175
1107
11019
24294
53029
17185
61118
66727
166
47246
50735
2549
35274
36786
14527
74834
23013
49725
73286
72108
4737
69035
3920
54485
9233
68951
53086
17134
61385
20699
44320
55216
56193
26633
66760
43959
43248
25698
41498
53436
74701
30792
72983
67477
19393
10217
58361
17123
17872
37723
62313
65727
45047
47598
30260
31609
74407
67515
33444
17935
56071
19447
30370
10663
12384
59683
3058
26425
7113
13124
53695
7572
43755
49746
67461
14252
7943
19743
3741
71524
20668
10869
15259
837
2957
35492
65507
14723
17430
4936
65130
64704
67734
58363
51777
41744
33248
49044
70884
24881
10101
23587
57993
30668
16476
37311
42844
24300
59273
37382
4887
20162
45355
16945
33959
61075
13182
14418
7434
41543
57969
58427
52164
35166
34363
47428
35888
8864
41175
34935
12972
46017
17158
40268
48909
36616
56339
4060
45673
54763
13625
5061
22100
45705
60281
20793
56690
48123
30120
7715
1180
43936
71861
57071
2501
6379
11384
69669
22884
45363
39094
39362
25860
62599
64217
55042
36806
924
29789
10286
13984
1276
31389
70909
20695
43404
67115
50955
49672
18595
65438
40699
4157
39394
33406
7746
62499
5005
52843
46954
39783
58588
36803
33879
6721
43286
53139
46946
2768
11147
3589
19935
37653
28403
44007
5069
67020
3888
66772
14905
44669
21654
23788
22239
69177
43651
17695
67871
58872
35590
9798
36856
27983
31280
29530
46883
17190
27225
36758
9399
15568
21801
21231
55940
34724
7653
19917
8822
28784
2713
3377
61208
38565
23392
26574
56538
37477
25981
52908
26945
23625
53708
23311
71746
24943
31443
61926
59794
38737
5367
72496
13293
33369
42212
73337
58353
16208
37604
8553
48358
35038
57835
74150
47700
24571
22357
48152
24121
68204
18356
37514
69510
56345
3594
31817
63557
33052
47528
1068
22633
30572
57073
52699
13025
31991
63430
41293
12114
26462
45678
24385
4976
1010
35193
36510
64289
9468
17241
37254
2767
58618
33638
43917
2704
30006
54565
16327
18068
24400
57108
38119
10378
26268
42516
58269
72038
8318
25795
2183
19923
28794
33494
29144
48977
13536
25047
46517
27195
21124
50313
57604
35480
68052
62613
3360
59436
41834
27879
44615
63915
42329
21802
50892
42905
2101
373
28480
39961
21747
33273
5068
36096
3127
52927
65713
15532
35269
56835
30064
53750
35695
36655
10774
57593
33525
47373
65799
16151
32690
43454
9036
49775
6179
72456
41295
5452
450
8998
69498
6957
50241
60314
847
70524
69715
46984
25754
36942
33796
25183
8515
24046
1864
18209
30272
33478
56417
74892
61159
24723
36106
34060
48873
14915
10920
46511
27858
31558
48041
20205
24213
16430
51724
12258
2125
1733
57608
27026
4518
41338
9409
13096
64801
58679
61652
21858
45294
70633
70260
21932
1908
53141
34349
32207
23084
20220
64590
31990
29508
8706
14772
24757
61591
24129
73729
28263
21657
21517
68363
36994
61569
60604
29544
61833
66799
65100
17320
56782
7060
2032
4587
2865
50537
24905
5633
2338
68504
16101
69656
6903
69815
2262
49152
11690
42747
6953
8787
30059
15800
45442
66264
61685
17750
4745
57942
61071
43736
41419
53485
15857
31983
4487
74081
69769
57139
55730
2400
7345
41161
48714
12314
41087
24383
64524
5265
37185
36252
58571
910
38242
65190
46270
71482
65254
28187
17636
29942
60758
74601
8398
21698
45096
10249
67977
63786
57718
44589
15862
28463
55937
51699
38600
55465
34825
45481
18842
46338
46852
22752
26090
59446
43042
67182
36902
22999
45952
23291
51113
45612
36897
50805
64314
63865
38357
31239
51002
17602
12236
27348
6040
39514
67964
42553
41962
63520
74611
13449
36546
55256
44209
39210
36371
46984
74372
8764
9894
19457
10402
41210
5981
53197
4029
26793
53547
5840
32806
6117
3247
38094
66665
22051
9075
7892
71552
26537
61261
60763
20030
32650
72593
65855
931
2726
9617
28559
60023
68525
68778
36540
7485
5172
69340
16748
22989
55440
21549
49456
9358
32256
41563
61753
73846
52255
13733
21266
16295
22046
26812
69655
10625
29201
27675
40627
70054
66432
74088
19911
44605
29909
54486
30934
67318
66325
14904
24077
7255
66271
18140
58784
63209
6722
69210
9096
55034
56604
3680
70568
17319
12100
37444
54703
53870
18241
35388
25968
56366
83
74853
42172
26507
66767
9646
31338
69970
16473
41000
10652
13085
64946
46772
61179
16779
22008
29233
8173
10815
36277
6169
50770
53771
32711
16343
74263
65834
21094
1816
43145
32039
11381
24067
5475
22909
23848
68797
13235
29939
7660
17765
49758
62843
55436
45769
34844
43144
42583
35684
38198
24258
4918
69308
39284
57920
57251
61500
50331
42960
20214
51931
59795
27693
41041
14
8583
44150
11875
44185
3014
56463
9890
52701
36430
4951
3601
61759
2552
71349
17457
23573
47526
37559
19196
16358
28553
55704
70684
58500
17488
2877
8194
12056
5786
66813
48595
7011
8796
65347
28381
6653
43671
28633
16103
19356
64696
34994
13862
16561
63755
66516
12100
58434
42698
7537
46434
37264
48846
71945
58039
13870
59017
41869
2561
18333
22442
8298
46943
10957
17471
63175
27721
25636
52441
54045
695
46644
71553
33195
13623
861
20433
9291
60954
23255
60485
46117
28286
7225
74015
66877
70318
17115
15418
8539
33396
40172
20599
69792
28577
39529
6219
49904
17788
24387
33258
24968
19478
66444
4116
10196
66199
40261
2813
20205
22009
31375
41811
48302
55529
26132
66512
714
31542
201
8079
44140
21746
16195
22964
28483
73261
60058
21428
16775
54961
57814
74372
67628
63185
16149
20805
70154
35682
59199
13828
53502
69267
9054
24216
35009
66745
25453
21725
59403
35651
14251
31413
9220
60733
47452
31662
40103
21439
34477
69999
53571
66701
73794
40268
14023
32282
45581
41648
16745
21661
73053
46554
30227
62270
47241
45785
64058
7170
39239
67921
33412
1041
46918
60151
56806
59465
66652
13729
34456
12748
69245
69214
65886
36844
30745
66981
66843
10462
37504
22082
65932
1692
35820
14571
34006
69869
26939
47489
34005
7647
50272
57809
2842
71573
51165
47274
8263
52235
207
43553
28203
10382
29918
3367
14813
4073
6384
24821
68686
50793
44121
37350
10304
70514
11112
27474
66229
71051
33905
46588
33965
31317
50330
32057
45839
66561
34053
56280
63107
3206
63985
15153
6466
34906
12181
43574
39875
39448
45442
3678
73971
58656
34204
63512
49760
71612
62237
6197
34194
25430
55590
51686
35335
65551
73715
41725
56177
23466
19361
41799
57717
48415
69182
70998
38051
53100
69813
32045
28421
11166
15861
5205
18383
46933
54310
59461
33361
64981
15607
27126
16899
9145
23230
64252
45854
20938
58261
66712
35075
17397
21157
21298
306
2594
70546
29588
20017
45432
54939
71850
66383
3375
14484
17174
53596
37989
66978
48376
4159
28594
4706
46442
7979
45583
30366
55441
695
31329
48941
51767
22057
23308
3782
30670
5726
21546
21889
57407
42496
8443
50746
39776
41157
23166
42858
53348
16952
46549
35724
24245
34910
6606
16313
27308
66158
50422
10969
3441
58342
59993
73143
29862
35591
61780
14255
3621
55588
7180
35430
74235
13532
69399
30950
54684
27890
12567
70909
47709
56821
49767
30257
71344
65825
65318
70122
9706
61097
68649
29540
73417
41990
10605
35423
22721
36409
47082
67453
17646
26465
55667
72487
16347
51330
62753
71324
42073
38426
28583
34231
51611
6441
64153
36188
40390
22669
61286
17904
3398
60390
49020
27978
1212
64668
73274
71513
11419
1556
11104
10467
22442
25161
8795
12990
35908
26933
35222
64855
66563
31491
47418
11558
8411
2751
10621
1322
14690
23373
19072
30942
51373
52379
40219
54551
41822
5692
52291
24633
15898
41394
52700
65677
27214
8415
65745
47705
15010
18496
68480
17900
23166
15399
29043
21380
30081
49923
67217
53734
18504
54462
70211
69441
41419
44699
11082
56400
57163
3394
62565
64706
22376
15713
62888
28952
35831
52920
53873
73330
31313
65993
41020
37390
21470
2419
4063
62262
26288
8714
2263
62245
33645
61940
26801
71957
60340
14994
37653
1304
67664
67577
26020
43402
25498
58196
20594
20615
57208
68416
45454
21782
17108
35619
17215
30793
24688
69970
71865
14608
5597
62110
73957
40697
22747
2394
16318
32623
8731
3724
4712
10004
33560
50541
40603
29499
19323
5807
885
6951
42334
57322
25733
72233
9448
68283
30411
37538
20135
60105
46070
13950
58060
52085
39318
56265
61728
60453
9711
68521
38269
59133
23191
39007
3791
58908
2094
44547
71289
7614
41164
60955
9092
22171
44505
40567
58161
47387
37422
33724
67688
43532
43969
48268
11817
68586
3637
41150
37560
67809
18408
48912
27390
7018
47598
58541
65826
52936
49466
44252
33534
1101
42981
39847
1430
1334
7375
67948
21003
8400
66098
42356
74797
35286
7855
29661
63384
59632
59952
51559
20637
69409
35556
22311
43946
50485
42033
14643
22676
4885
3451
2995
64087
44809
39491
13312
66048
58369
40011
5044
55218
52311
17949
57269
32188
45228
3043
56407
72356
18654
6586
3173
20709
36346
46176
72716
71252
40740
27028
852
39081
3521
70012
42188
3656
34813
42721
16201
43302
62077
65184
8883
38529
47091
73434
59060
16521
23426
13194
47477
72099
3461
21070
73086
33748
74024
21007
47738
31649
13394
2811
525
68813
66710
52434
47291
49853
52533
28661
41431
24685
66417
65234
54548
29781
61824
39876
523
53734
42251
39216
2978
44847
20042
47674
15813
11844
19318
74398
25476
13861
62155
44746
29161
49109
1112
15736
41252
56209
73269
12682
26525
61944
51247
36246
33565
48474
37898
23129
8153
8953
18644
53168
69763
38740
14882
63473
74535
69179
6129
69408
18712
53684
18451
24253
46405
12852
19965
48227
49435
39161
34993
43604
63055
64004
35092
56423
59416
28540
16917
73612
30975
12069
27809
22102
15661
71440
17632
70455
39127
25476
73701
47490
2424
40490
63559
44201
2651
44774
49303
41734
5564
5105
12053
16871
57434
70523
41987
69290
58810
48718
6622
39752
63155
32998
64781
29199
8874
69853
72183
54688
46586
45123
74149
4439
44041
48282
59241
15184
70738
5407
40394
37214
54970
53661
1965
43942
47305
683
39394
55147
11432
4470
28528
2563
70697
27209
68653
55247
6951
63744
69981
37872
64723
10949
62222
49572
41608
74329
61839
24111
71827
48108
66683
46742
65211
46136
71046
43631
64417
49832
73434
3829
11916
72838
68982
34912
59204
24161
40740
24713
67272
28973
46734
15138
1902
39733
23580
26580
6031
66659
74052
39898
52733
6664
56814
25475
12761
46423
46779
22357
73373
19060
14666
30597
16947
27499
38830
45707
21688
7242
64872
5401
8457
36504
38124
40108
63568
29543
30586
28148
58011
19820
19636
39302
57433
37608
44871
41216
30065
9799
39152
58108
59698
54125
52116
45214
2945
62168
34603
42168
67842
65393
37971
20813
33702
19284
9461
43209
61700
5567
36621
37655
54584
62336
5795
3509
49085
63774
10473
22730
24736
30633
47249
58856
43778
66350
33389
40101
54154
74731
60210
73083
17949
67985
29649
73790
58810
9358
59731
74293
29711
19786
17089
72346
12105
29722
9429
23389
18524
60144
8257
22957
40864
45716
71698
6437
59532
60987
31968
61549
73745
32838
15557
56503
52317
9502
17503
2058
22435
41906
41892
7293
6620
44419
31649
21825
60740
1367
32839
44680
61499
66873
2619
14900
16542
27298
68192
35423
27185
15801
14362
52842
65732
8878
28378
70186
8999
73548
9121
26805
37491
7348
5675
70115
18967
27862
56258
28423
1204
17155
52468
39139
48213
72438
20618
46603
9438
58641
17397
2331
55248
67107
65263
72738
28414
47359
72171
44711
28383
45584
73443
48562
42080
35784
68108
40508
54173
13584
71024
37896
68956
16601
10215
46443
11599
68306
50555
64335
60876
25227
11887
355
22130
29685
24026
25311
40650
42068
8166
43402
4720
14173
3016
22614
4156
70849
4667
45940
26761
29212
36110
10233
19834
13551
56438
1634
6676
37089
30873
57436
69324
19292
15273
24036
11013
14556
8096
65165
23189
22538
55694
2632
35470
37311
48181
30757
20836
59556
24901
12151
18736
53046
54273
16198
60704
2975
19164
67926
33920
19927
28921
32853
58201
45562
13359
17026
7068
63330
1525
58193
50524
14749
62527
53107
58397
29970
59037
53810
5101
64253
48405
32073
68637
68058
46444
33450
52507
71574
56758
19506
10608
22225
2335
34455
40521
39351
30741
7209
49812
26502
70845
32158
6041
11137
11334
7360
39314
33075
68525
11553
40241
58808
9606
32479
21228
5741
49484
418
4391
21296
49222
6585
74407
18746
50279
58381
67310
19528
49015
16278
45928
44937
52795
31889
21353
42674
1093
10923
28393
71933
44921
63007
21709
36376
