1162
82339
7547
14619
28747
19059
55577
3655
27707
305
86721
83023
76193
1597
57562
42917
43496
64575
23413
56832
58500
29787
66814
17177
49399
14492
17110
79704
31188
72460
18286
64016
7301
67517
2798
16939
68552
85231
64795
70603
14940
53270
79822
8711
82337
74431
15225
55910
3622
5496
83350
16154
73060
59145
56816
72340
18879
76811
37722
7505
76676
64947
12206
80630
85438
60306
51101
78477
1371
7668
39181
85267
23484
61404
52914
43413
51025
42880
72555
82239
81802
44766
3925
79504
4883
30579
64741
32765
7111
26483
45078
52409
4677
80043
31930
5902
19352
16814
12941
85755
13592
64647
27381
63306
18054
12740
14574
29653
49260
41588
86699
8180
5331
15101
49447
14237
1638
19052
21689
26592
57900
5434
35613
24894
72587
71215
81622
85262
44472
31373
78266
82667
48371
12780
13783
5462
59950
38181
34641
83659
86302
63358
49469
58250
54299
13249
13991
66701
82922
5153
10496
69441
83305
45186
2716
64547
68722
10163
367
68616
69065
40171
72600
26440
19031
46229
31845
85729
26065
46938
73382
60900
49859
17722
4878
47053
4302
60590
9083
53924
2553
29341
295
69507
37771
54512
44495
57492
73086
5412
80776
47105
35447
6580
82522
38903
53378
35033
36981
52711
45475
32215
35960
4546
54775
38780
45160
57993
52257
72416
31245
23271
61472
49508
51353
45451
34694
78056
5153
68949
72491
69029
72238
58996
55328
22780
32269
44826
71151
19769
45474
83565
51087
29039
12124
54467
29614
62729
59873
65913
34599
47123
16234
70384
8876
15211
73458
29973
45253
51375
22928
3995
21949
76059
15611
46238
49445
78855
8997
76031
12002
15395
32952
47303
62818
32384
38310
16866
15036
23477
61125
71434
30005
48954
47662
75637
56175
31509
9414
60884
75628
25102
13038
78232
55008
29785
61157
31267
69645
43944
22870
53104
40375
41370
71012
18801
83471
61548
79729
16027
9774
27891
25230
66696
54975
80139
60541
8144
21031
78238
13954
42277
30760
84092
18904
57314
23304
22060
78616
18190
17425
35221
80811
72827
5370
7299
52929
9518
30147
42257
53338
37651
69046
18135
77394
18486
82456
7576
22866
30063
34318
20779
17297
30779
25269
22196
48266
37132
27170
26167
28814
48045
17040
7160
4786
40843
60751
47569
68171
44163
71761
5481
53510
35828
86281
33045
29220
23905
37277
43494
47122
23510
114
18368
14887
5611
22510
65722
53679
27618
42344
70342
78725
86241
84124
34806
37037
57293
80586
67745
66702
24771
59038
51737
79103
83428
39571
61074
417
86708
51969
7082
81937
48759
9613
23383
65425
53321
35479
75425
45212
15936
50503
69830
19864
18921
41761
33163
24097
15323
74976
35718
43255
62491
18318
16237
36297
80413
46728
15442
80291
48709
55640
34438
34843
37127
64829
81758
37258
57137
14462
16343
48221
19858
48891
36058
37971
69679
75380
20932
3625
15210
41635
69260
2169
53967
65020
75681
43306
3221
11541
21208
32776
53685
54704
3319
7596
32371
53349
27193
51294
79478
18044
44230
36806
74181
7009
34886
62147
72239
38600
39539
45203
22783
52048
39928
69849
59483
44500
39793
74660
11367
14812
83384
70131
59707
59890
51329
29951
822
35040
63491
28513
8901
8232
50124
53275
2099
50403
52215
33803
64927
73098
644
14953
12733
48419
76477
46657
23114
50747
15961
70972
85872
70362
63431
83361
19665
71773
14128
20889
26451
7228
75928
10592
11553
29867
56987
31879
17314
13742
22649
52999
40377
3774
20645
10472
80120
56064
13928
28671
85881
14765
85804
59918
60858
30756
80792
31645
14980
43090
23272
62518
43449
51532
15349
16590
41839
212
60536
13984
63757
25007
33590
10963
80865
58343
32817
20052
31060
23140
6676
37406
66907
17613
84608
4861
81323
62044
18759
41443
79703
56304
24068
38498
47593
77404
9925
42936
14819
22068
12207
18600
55568
69128
45101
67404
49117
17769
15292
8688
58661
51457
31477
54627
69989
319
83975
44127
2965
74591
50433
28895
16087
74177
28474
16608
81792
9976
21941
41344
33112
32122
32836
40019
34400
57215
7887
60581
33542
59938
18673
84442
28144
14452
22072
63960
59819
83560
30759
82022
8062
50098
60249
79430
128
20473
60596
6245
81011
86195
4832
57516
8835
35472
79355
10519
50799
41182
43410
82482
60275
86403
36894
71932
10799
70962
66512
48651
20800
75452
68394
66271
41641
79815
33364
79259
16350
42685
26352
42541
51652
53627
1954
62415
49984
58138
85919
32734
35979
4659
51178
17984
65318
60330
1357
60539
32600
61429
63298
69176
11097
48462
24917
31382
56586
28724
60957
58714
44268
19040
76208
38580
19801
43539
904
48606
53906
17653
86926
76125
27478
39480
81225
40354
66140
14083
77675
84794
31182
36570
35273
15177
5866
38251
908
69774
81214
45436
36281
20784
27559
27207
53305
40830
4213
33415
63621
52483
75631
31973
17515
50928
79046
84515
11830
67204
54105
69369
69580
76607
81885
61838
6809
53140
39494
21758
72075
27012
17015
78650
83683
67303
66034
11910
85495
29966
8756
5939
51990
76084
4224
13125
25033
76955
2414
53614
37770
78914
79272
36505
16244
14492
24817
12731
61919
45508
29010
61220
2398
1868
27931
86156
55431
6813
24842
41888
50462
10025
1307
75459
11982
56548
17548
81937
54214
16361
70403
68711
63587
2969
83926
80638
84719
69694
81327
20631
56190
10006
74034
62656
13801
31010
16029
82084
12106
36198
76419
82545
59466
18835
23444
40683
45482
41528
42205
20446
68604
43376
86863
62393
77853
11820
25879
13629
16729
20201
1497
11588
80355
48052
30785
65767
63032
80874
33176
10248
56143
82692
78552
79462
12519
40480
74309
15039
15820
81531
54535
43032
8600
42994
26952
77343
72858
31791
39390
21706
7286
15352
74589
6992
3441
46676
28860
85652
84535
62935
68011
40379
66650
17789
80014
79595
74777
86099
3496
58675
11235
8097
34104
20586
82902
60579
53480
36007
19545
69087
74976
11903
79714
61993
5726
53134
18148
53577
81191
75292
52601
86447
10247
53561
81968
24453
24249
68283
50363
79314
72467
4179
60920
59910
13522
13001
31050
39785
85117
40188
14323
25319
64072
67099
22496
53862
55768
28705
57049
42928
24237
10555
31500
17755
30753
72565
47557
37118
58628
7539
60171
83983
66809
51828
65993
13151
3473
44560
45200
12782
49202
29522
28662
41251
7995
41824
39366
71052
26615
66087
19532
55028
68659
47260
13658
74034
39390
83269
61979
62230
41764
56366
19683
85998
2791
65608
48066
85559
48834
11483
53980
41704
44819
77700
70750
58655
31461
82266
19326
25719
4975
1379
77159
71161
2869
17771
79880
58815
49185
52732
2160
24040
80981
4137
20537
44357
42471
716
190
38370
17417
39968
35770
52096
373
37160
85622
32144
19474
60814
24438
44082
51341
85520
77664
43139
51062
5349
72674
25301
32461
72654
19088
17648
76362
27407
65527
56558
19383
58348
79769
79853
34738
26249
19877
36997
34826
72113
16778
9945
15517
74024
27552
83330
18779
7340
67819
6047
11779
24918
78852
23361
49953
3495
2142
10715
13144
61197
4282
69399
10377
51093
31488
71195
56352
51754
62731
31258
208
63211
44799
25878
50131
53483
32569
51699
1159
54562
26291
81136
47408
68113
49354
17999
4030
37379
63518
53356
81979
86598
78678
17330
27267
37265
34502
29272
54992
56872
72022
84138
20201
39794
2560
13460
20847
78156
60517
15977
13500
5630
71620
5162
32696
16931
19584
78283
16457
20494
39981
37655
26710
24607
19455
66507
9928
23069
7055
52360
82902
52214
79163
61266
4579
9306
74097
42798
4678
11918
65872
10960
19742
9844
54179
77578
53024
71303
51618
10328
82263
444
4302
48824
63558
52172
29689
64872
70196
18534
39600
81208
58157
61793
74343
67806
48369
24223
50663
60952
20036
16573
63166
44147
17473
54368
79067
33402
74220
22089
63444
75163
38426
6393
79382
81572
70815
85928
62000
16619
17580
45214
5693
46923
35186
67748
53244
43289
1880
22037
16541
3990
15780
42063
82891
26040
10722
69382
33768
75120
76543
71591
58793
36928
33560
76345
64872
62766
36708
39687
81192
20369
9298
45194
22912
28221
49624
62876
23071
50713
26202
55936
54944
52733
33587
56445
17578
34912
60523
67681
43207
32144
3974
29714
52527
33787
14476
7792
75256
71010
9722
15134
44052
41414
78364
55095
1224
29970
36725
38525
11476
50536
86461
44412
64723
76952
2389
32542
41881
79066
53090
69903
65268
21596
35092
54129
34664
68064
33858
79386
82139
6461
54324
17049
67642
80310
58765
72615
72582
671
68803
45530
6903
66115
2611
61213
23923
23739
26246
68883
14530
37033
5106
25899
55305
16130
77542
41013
72042
55722
30639
44867
1564
370
1376
71499
11908
85212
24209
59256
31392
10711
50366
54816
13188
35926
7322
36408
47571
65034
8529
44619
28539
41848
23975
29794
15829
70950
50512
37797
30895
5494
66197
27127
74208
69645
18367
39024
65216
37653
45212
35813
73929
22262
59267
61498
66998
22460
86645
56903
4831
32786
27002
38544
12798
40916
32605
71838
58409
4218
20614
75547
49604
47408
68026
28995
19178
83010
38160
11861
69016
50133
14338
28697
82190
77417
27310
30484
77107
27787
19248
39783
71804
36694
24399
83734
15696
54065
12273
21300
47931
32436
33075
69883
61661
16724
36088
46225
74574
58014
56253
2382
33377
52504
14655
70738
46650
32795
66882
5451
47557
44021
81016
57340
53813
38866
37594
80842
34245
66547
41245
82336
21254
31031
32980
32362
54854
46157
24717
25622
4305
7452
38331
55518
49359
71282
53472
38858
56634
22096
70861
14147
56682
9758
64447
10571
78342
5595
38039
28343
13633
49525
19783
47062
24623
31735
28172
68563
62731
41865
75612
59886
26423
67936
31565
52642
246
62990
26048
33479
30521
40532
368
1367
52644
25772
45723
86534
12092
14876
15036
7674
57064
46972
29674
27314
53841
16825
32504
84523
74520
42418
34194
48366
31362
84007
74137
36837
51218
41137
25939
62388
75043
10148
75626
48836
17368
17314
12919
21362
22643
11737
42611
33039
78598
69940
25074
39385
50081
21032
48860
31646
49680
7892
34073
26000
77944
48428
71864
79980
15639
7815
77965
22613
24125
59723
29541
69533
58346
24499
58647
6724
45109
24031
42888
38865
66519
43297
70883
79021
81922
80
24003
68719
49265
8245
22567
48706
10981
5099
36889
37858
84432
50100
82106
62189
66162
81510
53094
11631
47534
19428
84679
71214
69761
60792
27177
52044
15942
57487
30849
9939
36672
6893
86722
2579
75205
54095
72750
71766
29460
63448
77630
2452
73667
70611
11726
32338
42791
24551
44816
79694
61664
76440
18755
29982
9808
84770
12728
46006
57769
39401
46728
81839
23456
9132
65333
24133
47226
27504
81020
56313
35409
42368
65204
12437
31690
20465
61726
5127
55263
45948
5712
17908
77220
27277
37488
59926
328
43409
30921
76976
72466
13628
56525
85566
21045
56232
43592
16425
16754
86857
66788
86296
75913
53998
39542
43130
15307
82962
20965
76360
59086
24184
43274
21752
38902
12389
27872
61300
19893
33111
82529
53376
84847
43812
6379
77490
49516
70293
25502
85005
3330
16401
45626
10461
42639
27926
37841
69079
3968
72146
70078
5545
18033
68272
80233
15684
73570
61141
8361
34714
65089
62610
86996
58810
42730
30093
34182
12449
53072
14360
15587
53698
5366
45171
38123
55366
15575
15180
57249
68503
51358
14045
48455
6382
38171
44494
63226
12924
33675
25345
84302
24014
47995
74909
74558
75073
66896
60194
27898
72365
38621
67308
74525
85087
51122
1570
7257
82990
24334
31229
10586
48142
18233
47062
10900
31035
6857
64208
43321
38445
45767
72925
37123
6202
68996
3333
27914
46466
84925
14464
74315
84500
54352
34717
38662
12453
65426
24355
53250
38544
70903
41884
35471
27433
64653
22714
57271
30924
22638
55225
8217
58619
2184
48845
52180
85068
68106
61796
53741
36584
47677
27395
38981
25016
86469
60943
43066
43491
69034
65074
14929
76482
15375
48510
10148
1260
51822
71445
63349
16301
65582
40326
56071
72673
68235
50532
4925
54087
74329
21648
12275
72248
2956
29095
53853
15951
18630
72455
50759
60594
19734
45691
10625
28879
71121
20373
295
25626
47784
64971
83
86642
9574
59650
53119
43876
396
75791
52867
35614
56219
31269
26623
55558
27926
14408
17902
1555
10737
84032
11471
35449
45201
50017
2833
10002
73778
58471
86522
6960
45559
5407
18356
57935
58274
72793
50444
65383
22808
4802
46849
43951
46855
1181
56982
41605
60542
42817
15843
69858
28586
64398
46238
84202
60137
32257
76146
46681
72957
62031
68457
77225
64783
55630
15492
59616
71932
19911
139
31958
6737
22256
84531
1749
57934
55094
48211
3201
73442
8999
35178
25670
57404
41774
67874
67393
32616
39727
27857
61855
24950
47546
66818
25369
57307
69660
49575
28865
69450
85233
56608
85639
83043
44231
32837
9644
59534
19747
29795
13503
4069
59326
30647
26333
47371
9042
74565
76363
34964
60503
5891
21800
28698
81835
31111
7046
64137
13501
85857
38847
35472
72042
41558
45267
44852
68897
4659
11287
65571
32929
54866
86114
23922
51794
31700
47850
10611
27008
39411
19004
84247
26836
83499
22551
14084
1174
6092
14905
51027
32317
16742
46308
57073
17198
26546
72865
57927
78323
69065
52732
51800
16298
53316
8495
24566
16775
51038
27465
24170
33396
24146
60567
80534
38556
42724
59634
32809
31975
55631
84353
68478
33343
61395
52069
75193
24946
79208
48922
32424
56760
7467
20678
45713
26196
59916
43978
13461
75376
11810
44221
46865
44752
31564
69944
67181
32289
78149
25876
22404
31771
43898
35800
41686
60080
22571
982
80549
73553
86579
48829
86714
82022
39758
44593
69787
57442
8527
61086
15444
15330
70931
31020
56318
25802
15957
81060
18176
22208
18103
15473
43993
66748
72801
4618
58888
46516
50537
21724
66864
36535
78328
8388
27459
25287
58293
64657
30385
63881
61368
8096
14029
12249
80661
46657
69372
43886
1074
6791
83219
47596
43943
10493
62917
82889
18098
27428
80902
28575
65867
23297
38950
35120
25147
38187
47045
79112
19788
70450
37791
30508
55436
15619
3829
6240
17004
6304
61632
76902
39503
23532
74506
65459
58962
82388
39507
78411
3559
61009
54996
31357
45557
24538
84276
76185
81279
59231
2277
27405
73471
13520
21066
39639
13055
80075
72383
8061
78772
6733
173
78456
56880
69056
72489
2431
19410
52538
81191
31064
5244
4142
66024
76009
50313
76980
26085
17893
30801
10827
74023
36066
54906
7935
62917
71886
9556
29358
50289
69866
6602
12572
64056
23687
38504
7478
43563
75381
997
29747
62638
62187
3998
33847
21877
19112
15396
43841
86598
28400
27220
79276
4575
63834
258
79419
39805
79654
29873
26381
53670
5796
66560
36361
196
7
20852
10827
72214
84537
19902
79587
51932
25096
12753
53535
2495
50974
20459
61551
53002
42910
32109
33758
4857
83858
64521
70304
79469
59978
73071
29015
62537
54271
4484
6824
13869
52285
39199
69410
78380
50726
10321
78230
6436
61004
84889
5450
38913
59031
2825
46504
6750
86148
4240
20188
40993
70414
36773
53402
21058
79574
75341
48893
85328
23414
58073
36869
77560
66060
15847
45968
20451
19962
43771
37889
51986
53721
44217
32853
44272
50398
64458
41074
56829
76885
71937
41218
651
86402
30809
24822
68367
31359
53029
79894
3085
39430
30251
10988
12456
31488
63805
41864
42829
22023
81974
49574
3883
83326
69558
44772
44865
10232
69386
22375
70339
237
42915
38149
27651
289
24561
46590
14216
42711
78075
53100
69342
59924
58342
49217
69217
14797
10736
8935
86143
14146
82864
18746
83746
60420
2108
56274
75902
32705
33165
76989
46101
24905
21467
75337
37980
86833
14609
47447
72122
86140
52445
14651
38773
61057
63918
57184
71632
40712
86586
49264
16069
65710
64755
31057
67283
74009
8582
39124
43268
79269
32376
55918
40158
17236
4724
44217
86132
11356
67005
14333
24976
32930
17821
65552
86087
47604
70296
34493
58377
58076
41408
37208
15275
9569
1637
51632
76867
69616
15857
15549
74823
68647
4933
65264
83483
54642
81547
78826
69565
72527
33066
26453
19318
5427
48671
12966
43784
82463
4519
15548
51294
1054
56893
12811
77629
61597
7153
24665
17317
4365
52440
62633
71971
4765
3082
22950
69295
15727
76916
69879
67660
62973
24602
25865
3801
13429
15801
67458
30108
48736
8582
24009
58614
27400
35847
8820
71695
30015
33124
82689
43958
17901
8736
79454
53612
15345
44778
19940
84862
68824
70355
26053
4854
40396
77291
46526
12765
52795
15565
72016
53575
75025
85499
52857
25978
31016
6655
81927
68916
25339
55112
35565
15009
57082
43141
46150
10062
76912
52473
57213
83101
24944
11859
66231
24853
28590
55016
33745
64948
83218
50167
41555
67972
56406
42305
85974
32824
20697
61252
35073
68258
45453
50811
2727
45770
3762
62467
52613
27357
54237
44459
23399
61303
3324
37857
72378
28982
69840
22997
24676
2557
57573
84733
62376
20249
2221
86853
23581
25924
51448
9000
53918
72531
17312
2783
22332
47142
28929
11589
36112
8524
76822
41261
85293
11129
55254
69080
83361
23013
14574
47471
86164
48569
70608
68937
54522
70392
39824
33785
18003
48864
72063
29128
11193
24069
81417
24546
48545
35416
54393
83271
36770
13241
4949
78473
73147
55614
84396
38949
67585
24830
13923
74520
36046
13350
68439
81287
42373
7255
27164
13283
41634
19107
66444
12567
78591
64194
3564
76007
21960
7517
39440
77143
85392
34398
68015
66821
47901
23386
44321
19740
67758
25468
50013
14926
4092
75560
42862
16909
55030
71848
84485
71006
18431
14918
38123
24098
86459
43039
9069
52834
49695
61976
67482
56903
14085
27576
73768
71900
5959
24122
81002
1448
27099
5101
85686
68219
73348
41897
43938
10509
16465
40401
21575
565
19303
47239
65814
38549
17034
28344
23919
8000
63552
78486
46745
62812
64990
66556
9187
68786
14133
81985
23417
62550
19108
54636
7075
48701
44289
38376
9279
61723
30985
38532
718
29903
22188
56074
14243
73411
11199
22769
77400
33971
12449
1594
49547
85281
71639
7028
68334
4979
18075
46420
47516
71698
68238
78964
49903
46903
22910
84198
44959
40772
14707
29374
36077
24541
14524
11218
60693
86289
57471
46838
30346
9009
6213
79680
56835
5579
54291
38333
15059
55027
7821
78222
79294
4015
50477
51234
61632
2478
56217
14873
84600
10012
18099
30443
71081
18044
71041
77459
34721
52931
33285
67283
19466
72460
29567
44669
7261
69046
24790
5763
8647
80374
55175
45315
37172
84090
9668
64603
44280
27884
10525
59157
27957
59335
86011
6823
19702
7593
84825
66353
32945
46740
86214
78724
77643
28178
25213
21780
3102
69125
63990
80241
61246
53481
60909
40160
55841
71639
66503
85825
41148
19390
77109
84541
54626
57224
46602
5861
65623
1334
23590
3346
41819
77817
58949
51564
7419
26623
79498
21609
86609
20909
74916
69741
63875
31631
7155
71400
70409
5849
68068
66625
9624
4929
52079
84557
11315
74548
17442
62051
17010
72225
68998
85943
69955
6534
68639
12409
62636
67269
41001
17305
75602
46682
52230
5018
38115
2308
48445
72
64072
22877
2884
80551
36719
54208
64886
9809
25101
14062
12351
6028
25809
47573
62988
38054
19187
37934
11567
4637
17971
73297
7432
48312
17030
31791
58648
80563
20186
85612
32519
73475
76323
66023
59109
86847
39511
13847
28822
61358
65155
34412
49590
66739
49417
78606
41403
82618
54793
34374
65666
3966
27980
74104
15658
35672
56007
20225
35597
35806
52484
75835
81317
61014
1149
8818
63099
85093
34546
40250
46042
7520
62146
47671
84658
13622
85357
52337
57161
19344
25312
45874
52188
86518
20138
34517
39755
62440
35347
74348
20378
31765
61437
60430
55387
7347
33250
32739
68009
4876
41805
73557
70520
3682
9701
32206
58160
34999
843
1672
32761
28555
35892
51877
7504
19474
530
45763
55319
76753
45342
25155
30426
77141
20352
26599
15830
43329
55063
64126
23476
69698
56443
32741
59099
21352
18079
55955
53628
10379
13589
8657
78711
29087
78114
2020
3898
26470
34936
17032
1146
73969
77554
43931
33970
58843
75178
16412
53360
4729
58095
60782
38567
60666
69274
23669
69607
45927
22727
8387
24057
83974
71512
37607
9390
55889
30333
67139
42416
25446
70680
69912
36752
63403
33813
60424
36733
58609
19071
35056
8262
85401
65366
78136
70279
53255
78436
50312
1424
56522
57566
10289
756
60044
5440
79134
66196
72077
85689
65157
82179
30838
84710
36517
67445
85996
46802
85885
77496
52540
24467
76151
64349
48805
40624
43671
31304
50326
52398
69444
3458
85397
54346
10226
34496
71777
28481
1362
79476
3749
68099
82103
2529
13106
20197
43461
42069
61959
70022
82167
43943
28888
52314
11557
50567
3040
1738
31273
12469
9444
68556
49660
86041
38629
60614
38018
30794
5809
24686
84383
56914
48039
21557
80060
49630
24718
35427
46322
33228
19865
47420
64034
16773
42176
73399
5350
27265
54358
26791
17600
85674
57507
55162
29429
69713
3485
60334
3293
55325
47096
33556
82201
73834
3199
35429
66897
25781
30525
47090
39314
11422
16477
41320
32881
26990
86994
69951
75479
63808
17292
32891
40968
61444
31336
70795
85393
28982
59586
84303
70934
46229
73498
59783
84973
44768
6456
27639
25522
52371
22077
10462
36744
24607
10095
21318
7969
28215
68169
28038
40346
23734
63573
42738
68502
44975
85975
47924
17886
15028
40823
62444
56265
83552
80178
6947
86270
53240
85150
65309
15083
6011
6784
8917
58024
19427
54460
29194
10821
26876
39560
2663
43373
30681
11118
25553
74310
17686
37428
4489
25454
26327
64233
28553
51300
41216
24422
53508
28159
79110
54158
51789
73527
75834
6083
64201
62014
81814
84223
81185
11435
58608
65941
69184
32187
82251
80874
79651
3468
39733
54930
36150
56135
51628
49291
739
18481
18841
56504
28821
58199
23134
8427
69347
17163
46211
81635
34535
13543
33908
34925
28750
78245
33647
43786
58531
80328
38482
46677
70956
44435
48729
25007
84094
22444
54677
45793
47381
37917
72632
31741
70027
60183
72140
75970
67433
33338
24283
71218
23347
17686
83697
17425
5886
16607
13078
39508
31477
4513
35369
82548
65641
42576
11550
18006
82103
43281
38175
77696
11307
12683
50920
7185
42314
61388
56420
24798
56973
18305
4262
20781
54529
15518
9682
40304
6563
4446
30425
1951
59874
54184
16691
83122
20349
32998
27223
73714
11339
14979
77366
64779
28489
55504
82486
43849
73125
84235
21274
16427
8626
3964
6543
30424
77461
27797
55961
9420
76603
10006
72691
68919
2229
2275
18086
34227
2012
4834
13849
45457
62991
27020
60502
36198
47252
37744
45606
85279
16674
60014
58642
57974
23964
39735
83650
3127
4074
8814
7475
23684
1154
57123
76505
7784
13020
73772
877
22356
51546
75096
70487
2085
75286
79018
67060
53046
6294
49350
30802
25607
84635
84931
41017
82354
22680
18365
20580
7933
40925
8198
6893
4921
72826
45192
10654
36662
19817
66737
41451
3225
20380
12196
57598
82987
598
75192
59658
29631
18934
28183
59273
76655
10445
38669
14313
73708
12409
867
81681
51768
33658
57575
24945
79777
12145
75530
74671
34965
55913
15365
7750
44469
66973
73801
29985
54935
12201
24866
60550
39692
22509
46167
64253
82154
86188
84752
75503
58943
86883
1684
25172
69003
25180
83366
21540
59064
44074
40204
9327
68337
79223
23316
78537
62892
9114
21723
37941
34061
43900
12412
28106
61985
8249
53713
46763
49732
26675
21840
911
15671
25346
25933
16721
12121
66417
56032
44307
86857
85026
37371
44011
75557
30817
38331
25896
35850
7853
53072
67413
1377
65547
11266
33467
29930
71173
82618
7054
16312
64528
59634
43494
81265
61003
22690
75197
3616
40051
85320
78392
80680
17595
49083
61663
62479
13073
1164
36510
44780
68924
47674
27094
51959
80113
62449
84950
47852
52229
28989
64378
38572
36037
66489
36742
48488
46673
17294
74180
25146
48919
63042
45993
7378
14131
191
35110
4281
56636
36757
14353
72510
78850
74062
31052
32731
45972
4931
29909
83115
68822
19944
46293
10922
75087
78048
71149
825
85240
51886
29593
40284
6504
80018
26896
84610
23621
57541
80036
80760
34886
24425
18380
15475
78428
29487
42689
25264
25246
36734
61366
33609
84147
50629
28264
8791
56505
46645
72349
39567
44549
50830
48745
33946
28732
52957
19755
1444
13822
61030
18334
10937
37202
17636
69115
58719
26900
6090
57972
57124
83372
10109
11028
78493
48344
31016
1890
73135
14121
20011
26251
57894
1147
54665
36415
81632
52213
55981
964
37685
62297
9193
82455
25694
9342
8050
81002
51334
85320
76451
15255
21337
70265
2860
26538
40160
11105
7782
16580
50486
77305
20110
83660
9123
66126
34484
40368
36058
55440
36096
81033
40072
57754
38584
58260
45388
47420
37959
71941
86798
35731
22293
49567
56357
29571
37935
73422
7288
68267
16491
38045
60808
18110
17227
41642
23593
71458
8651
54615
44076
4081
27872
15501
57034
19349
20520
329
8247
70361
71176
944
83744
72058
62517
14143
31034
37236
69914
31378
84001
57153
18331
78350
46609
15060
49580
65171
73133
40836
4482
82681
9338
37276
20147
6995
48310
5471
26148
40137
74219
3376
34783
81327
63586
58704
76607
38875
71197
52097
48882
73260
8102
32495
30985
67134
33325
74071
17143
47674
72346
65191
57732
13689
66119
43980
8701
2249
10777
66251
60865
78737
86427
67135
9170
39966
9679
11209
71086
46312
52002
3142
59914
51583
18195
31754
2930
36223
27720
8322
31631
13506
11180
12591
70989
15916
40721
75366
59352
47138
38734
22205
85955
9668
49485
11960
49444
56146
19756
25969
35703
61050
62365
10742
35229
16903
76108
71125
59401
52277
1277
58778
40456
81577
23136
27945
47466
85462
73674
63806
52521
41442
76505
80009
5573
10783
84779
41200
19425
13117
81540
78309
40294
54252
57874
75311
67497
8063
38910
67836
32436
31381
36946
27491
83446
64946
53289
80543
30511
49738
41584
61136
40133
78333
78799
35588
73124
57765
27899
53147
7149
70844
9459
49080
52094
49155
47245
14811
73098
24381
13229
76595
44636
8059
45945
57257
32285
33984
60548
2119
74056
31076
52773
86336
78759
51414
40915
31153
24164
46043
69031
50125
11581
31627
86838
47742
80732
50586
17146
80823
66946
14404
30516
69567
77720
14834
2800
21463
81146
84049
77188
44869
30136
25393
62678
8785
52162
65659
5050
52740
58992
39156
36869
4201
78667
54798
24704
80028
1836
43990
56508
38095
72630
32664
29911
58387
86730
54270
4561
66179
65672
33120
78734
85507
59812
10493
62063
67456
140
42839
9703
59458
74941
29277
76823
9460
7901
4242
73854
43309
84209
20354
3377
81534
347
40653
45995
86691
69975
5204
13017
58191
58690
1305
31429
45295
7696
18611
59964
12865
1761
47390
46406
43342
31535
29609
634
9322
12742
30097
39347
30621
40272
21939
1187
60169
64908
84551
63715
63699
23394
80808
12612
39175
20518
15551
3981
3629
25415
53008
44401
15960
32491
46756
56964
7644
30401
58165
82530
22719
1618
44288
65500
29744
57180
25965
34768
58180
30141
61602
12219
35480
24648
65493
11606
27689
12511
57688
56659
59007
72430
83687
68538
36176
57784
40829
66844
80953
10760
56716
1243
28782
42365
85772
40124
77051
31099
33506
24234
20731
37362
19762
55680
11917
3285
50240
51635
13063
63802
11207
79970
54035
29097
57628
29059
23782
76194
19037
11083
17335
19255
66603
39465
40685
59779
59775
76799
67409
23502
62537
64366
16522
44407
18107
13781
22599
26925
64988
1399
41831
20169
86136
85678
50164
65139
36853
50359
63926
50959
25528
40804
25964
57068
22942
4567
60694
20609
46647
54930
8446
37692
81636
21360
25308
24105
33473
15383
48520
50819
47230
68693
29627
37858
25599
1996
64342
2129
34419
63308
60380
76458
41594
38547
64524
3721
66688
69171
29566
82418
71694
77576
66574
11631
25383
30172
45566
8586
40192
69553
33062
5891
50961
62979
48583
11991
57168
49943
19462
51966
9485
228
4748
60783
59655
77101
6281
26466
81933
60399
50320
78073
68746
84677
2966
63644
46183
53478
33292
2224
63004
86776
57669
70507
12170
86235
23425
29358
65607
7812
4247
23831
57940
5748
39497
39898
54611
20957
31761
71068
12058
66857
49594
77628
4237
32518
50753
7847
50824
3634
49594
64054
58601
70287
26095
69789
74996
47411
24811
75906
78944
55630
26589
11616
55703
56281
69328
60144
3979
74808
70615
1755
65691
16291
23078
17950
45373
84639
26827
82971
37301
5011
79364
56936
80052
65122
28290
8598
35892
83157
79402
20367
54695
72730
62381
82237
57880
82605
25957
31092
7281
11777
504
37035
41651
52514
66537
58212
77924
53578
13697
4333
85195
32759
6501
77794
67967
64998
21561
7001
54861
66694
48098
39370
85064
3723
29257
76777
11347
23085
71068
79393
57522
58636
75878
73863
71407
29123
72207
76184
16344
5886
65814
57360
18845
46809
60698
18648
1143
49254
76488
78347
42828
29834
26703
44901
48407
45229
263
75921
59613
80693
15312
79573
23266
25758
53663
24492
83810
14768
4179
19224
37756
3268
20902
51577
25544
76548
21703
10615
60240
12390
61884
5832
72365
317
77132
2206
34745
63605
4835
24752
81161
51073
8366
16331
37910
69698
24302
50909
12161
2230
41059
15470
10835
25458
79293
37668
52175
42093
19271
71753
30343
29795
51216
4723
4027
18011
38974
26160
74760
23534
27871
60139
49660
2892
27514
77216
45152
10221
5888
12847
70383
9632
51713
20792
84051
55940
40488
85516
24703
48224
76656
63644
742
65473
46120
42377
24698
74480
39241
66415
9497
9565
86905
28710
3538
25700
83864
69918
64901
29362
84768
34718
80233
63980
58890
71593
82495
64036
59498
19343
57035
77330
17836
35051
84235
83835
56096
30910
1303
60952
80305
60151
48672
78805
68820
72892
78774
11124
86684
45402
85138
43357
39586
84430
82082
82725
46337
76902
25779
7089
56880
51222
21216
22845
21880
4314
8
49805
41645
31365
7526
57174
33602
84244
18370
64970
6613
83899
36173
46759
42609
16081
75617
77187
61690
44650
271
76190
61324
489
14818
70116
49956
10928
63993
50814
48104
17478
35450
13619
32514
77779
41786
85856
23591
14507
38721
10537
14758
10476
28218
70810
6844
54990
66072
21928
50677
38303
59627
42605
5125
17272
21682
41627
14804
3223
7883
7352
9303
17497
41014
474
19051
57908
69039
9640
30709
9174
64970
52597
69565
64662
56393
3714
14361
15549
36545
36310
27118
32048
26779
76172
28617
8869
54030
19618
53355
58184
39737
41713
68547
48297
68534
23166
39485
52627
50779
7188
62112
22635
68450
4171
8430
85131
48680
31329
86740
74194
77450
7443
46201
52402
13523
42457
76556
46022
72970
31011
32150
22198
57568
10716
72870
36792
86608
70042
64659
42869
79687
53918
14708
70349
31067
17870
66539
46775
12640
67188
86641
65426
6885
76795
83611
27841
21518
86214
64649
39702
66338
86941
48207
4654
29932
74428
11757
49004
6535
59426
64753
40469
8186
16619
36260
35600
33355
12370
17778
6360
67319
6535
41283
74727
75440
13041
52134
79952
84968
41960
5798
31081
42322
56225
56844
62940
71512
159
40651
82304
6854
61578
2291
11145
48293
82071
81334
39496
16788
83828
74614
25104
46209
67718
52559
32663
25142
53953
55049
9108
42110
66619
69
81659
84638
26933
37720
25611
17504
64807
22366
70753
61803
31311
17542
29898
64903
49126
66052
53506
25964
38511
54596
21460
85674
53205
21785
24028
15354
27784
49877
36537
29980
4443
6715
26321
77458
51141
57128
32872
40017
60065
74224
14753
11880
20437
28613
33743
3961
19620
32122
50888
48453
32136
27350
14999
70964
34176
40044
1756
234
86465
20336
30970
54565
74956
57699
61830
38242
1884
26399
28447
67271
56034
27638
83613
39059
57391
11180
29554
82418
46813
1382
37552
28349
3434
32210
35958
74766
20922
39750
59355
12793
62768
31948
40397
54661
18225
13083
70789
47266
48790
24665
14131
1293
36740
29124
24666
65863
26521
51320
59296
49428
44588
58770
19677
9894
54170
30452
81429
81258
9289
63089
73339
83562
80874
51144
70571
22466
71216
32861
55988
12462
16
81090
59553
74640
3020
25862
72995
63608
60199
23564
77565
11971
60127
70252
66595
64974
55050
27734
81671
86836
36103
31874
57185
14995
51899
65541
20155
40093
81356
68662
27022
40194
42325
27343
30613
56851
67894
34287
61076
60641
67471
47764
4020
32436
3521
36277
49438
58464
6609
31118
52313
18761
64298
15853
28050
8463
85237
51385
59791
56260
50944
82306
82136
28811
6545
86651
54482
5875
58765
79764
42969
54040
29650
24828
50082
65739
12269
66252
3914
29143
36624
71799
20022
26925
30004
19901
14305
12458
35463
22799
61163
24299
50721
60349
1452
35259
3281
54098
83877
29283
69119
66569
23182
63176
27518
62617
68698
11507
32536
21132
26276
46529
701
24125
8772
78619
53594
19088
31657
52224
13738
67427
51109
41333
60924
28066
2832
7055
29408
76633
48241
59216
85575
46378
48272
41573
15814
78118
55249
29408
38822
33320
59118
60321
31260
1925
74517
34239
60920
72912
53976
21757
73084
42842
4591
13551
23611
85662
20894
54203
40067
27651
33316
60541
38904
65530
71226
28043
60087
46263
9115
22951
44636
19517
38542
36659
21568
29114
229
56046
3498
15770
11810
25773
61217
77095
39789
60469
24371
85509
72076
3004
59789
77716
45448
47319
2296
28038
39343
69110
28620
6137
41619
78892
27692
1343
59975
86995
44245
50968
48585
71100
14428
20001
25793
34395
28827
13222
4292
6753
86704
24075
19725
67388
73531
9504
51345
73
65337
56075
85621
46658
28529
38639
1159
26410
28875
73081
70117
48532
18048
37436
59597
75308
63482
80995
30867
35573
43256
12763
79272
61986
26262
29715
7709
85328
71727
45460
72332
29904
55952
17018
66559
7627
70699
60853
19888
4134
82260
74089
2140
52580
9828
86184
19885
17187
52647
23338
70378
74454
42676
82419
61485
3330
52105
52379
85305
71125
552
40451
84285
63984
23890
28354
14362
5765
50958
5855
6893
84283
47493
39321
46009
60766
17886
25970
55852
45900
75417
19379
57588
31843
21242
25425
42478
5493
4588
36653
23763
39173
71416
75785
20776
32020
84921
73349
36504
17300
10964
83762
55840
17182
63097
2990
15222
79462
46032
53334
54023
15364
51715
3722
81764
23910
32054
42121
26624
64136
25861
68134
74569
5742
22211
9746
44784
33456
55650
23881
54271
15964
81987
11865
32430
16610
35675
13172
73753
83240
45345
3150
58986
6998
58976
45538
80734
64156
40917
81424
20783
53791
23511
84433
61150
62506
70685
46731
60490
69457
77680
30335
67617
3713
1983
62472
69258
33340
35401
70246
19925
49368
42147
83976
16680
35287
14517
27465
23270
16105
39779
60657
75366
35765
83117
4916
69982
46983
8667
15847
43521
6219
16281
38014
15284
44079
55563
18555
80417
6863
51037
84810
55782
35394
25866
73248
41166
20410
67999
45665
28633
50601
24914
68232
14034
83503
35900
23665
4021
46903
61481
40466
11523
953
8464
32553
60291
66811
7323
37439
37399
59952
14365
65786
2048
5826
71826
29512
9455
64276
17992
5127
25001
12248
78272
80985
26622
44688
3161
64885
81359
49008
76153
63353
61401
38608
67376
6899
46290
2327
28764
59183
19847
32354
33323
49531
50816
77789
25560
83926
6808
29552
65125
23126
68956
59507
31545
36713
66760
14452
12150
48828
50096
725
53761
70279
15674
39075
21887
44777
2046
17984
81457
72135
32318
50026
10612
22488
57696
28533
79760
33133
44517
48579
15090
66220
64605
81764
9527
6011
8233
11032
25104
2209
72125
21969
40621
63568
15896
39206
50591
59719
67361
68042
13159
85404
72720
71556
17364
86023
75942
43223
42748
64649
29561
11633
40931
43867
70704
66416
72505
58075
43416
42416
83707
22153
58793
13722
34264
58945
74360
57839
33718
15865
82209
77850
58928
50201
50224
63011
13975
50970
80861
4223
35539
62095
71570
33773
44843
71768
66537
18852
24440
41398
82959
81847
13995
1161
76888
74427
66022
76028
33597
11271
638
68866
69233
2026
68139
3234
27915
68683
78953
46958
20832
55417
2166
46466
81313
12395
60792
85183
37917
21754
63730
5015
16955
72378
26355
19826
34670
34687
6172
33711
8316
25237
740
81911
7101
8807
44786
5788
22685
61073
12813
53391
8750
10866
67499
67254
71789
41608
46509
39484
40406
42127
9411
71762
18031
42165
75489
34363
45055
43508
60613
1126
79793
80307
60668
15316
41417
51150
47041
33441
11441
17489
76273
20608
43112
83660
28437
67183
11832
25128
86493
3706
8426
72456
13686
19435
66656
36514
4112
40391
68847
8293
85350
19435
75992
22565
45290
11549
69945
85993
67220
44239
58396
5462
28263
43711
81843
38060
68473
14754
37855
38182
81805
51262
56708
26655
51799
5255
33506
11032
36971
8361
8883
23742
83282
80868
6548
14368
71258
72974
2041
80526
22768
74090
36130
669
67301
33854
14580
37719
55755
27682
82413
23639
49210
8892
64744
29274
49043
44769
55929
865
22847
30718
16869
51211
30189
85684
16313
17479
3000
54634
77990
43663
82529
26908
80270
12961
72677
37266
67806
49351
54101
33387
80063
59606
11590
46776
63290
20947
30997
31933
48048
3993
46513
4042
61027
44152
30508
57328
5341
74703
30375
53574
84251
4586
49626
10459
39357
478
14709
55270
74869
72497
64821
43322
38993
41384
17350
82885
57047
49528
6145
30927
30500
25733
42603
76352
12592
30425
80778
1458
2906
17260
46749
41310
17076
44377
26223
36418
55026
29426
56807
83904
20957
73210
55703
72162
70534
42704
5214
66793
47265
58339
356
33924
28808
28761
17466
23733
40656
3802
16572
9224
68732
50585
49612
49558
70165
86778
54764
36358
15619
86022
27496
20018
16786
19940
14413
79319
58211
18267
83362
31182
40422
53938
67458
66983
32745
79112
28034
56894
81632
36879
6813
4414
19145
69874
6402
2689
7042
13448
4166
28489
14810
75009
35364
82737
2064
68765
17470
11133
8556
74212
31022
20648
23704
4112
13141
57861
70683
84462
69135
45453
55586
29180
58746
20198
68883
21180
25849
30388
1047
39526
43657
43569
80371
23749
67663
57401
26148
19103
17443
53329
51868
65944
84398
21317
6493
63144
3259
10112
49169
3328
34605
60814
72372
317
84237
71054
55495
67475
71118
68627
84121
46058
7864
20490
51899
16870
77676
1453
4345
77664
59922
27150
28504
538
64645
67039
35728
26336
5040
60870
38016
46786
4360
57119
69217
63510
48621
70569
17928
63802
20309
13898
43555
11287
7255
28398
44078
40745
43961
30283
16650
71587
23695
78056
71940
3151
37241
85412
61438
23419
81271
30690
14444
21759
24155
25130
26292
77699
16091
75187
84923
31046
34266
70525
22408
67129
69067
16435
67152
59689
27777
65189
23021
77627
20461
20860
43067
33602
68508
7374
85857
58469
22124
81945
52736
13460
61660
70740
3380
37960
34125
3137
33379
70954
81641
67951
82022
57091
52639
18828
83284
47171
49207
49768
13062
50430
56768
5308
83026
19480
79907
27273
20135
68361
412
16766
56417
70356
11973
40633
37690
19217
60567
41238
18286
16611
42670
56741
19249
76611
35943
85958
23943
50387
58881
55368
17855
35135
52645
32926
20805
52661
10411
30275
5498
70077
52890
14053
75179
79812
70940
22692
15971
82131
67324
1358
26030
65812
76853
13795
45835
17188
71760
82595
51892
1084
83449
37200
65437
26369
72583
4430
45487
48884
76638
5470
69656
71436
7419
82626
14681
73015
58131
42035
86292
14296
12736
15582
5159
1410
31233
71165
59121
30290
14805
26537
32432
29514
73300
8397
33173
32154
64034
55566
83621
23969
4857
75279
49308
63610
42154
62626
32048
21242
19455
36728
73159
11437
74016
17433
25527
45392
62512
73254
21944
22945
61803
15931
70543
40930
42454
42259
11138
76613
20555
31532
86363
10626
31024
3666
41539
6843
20315
86391
35348
26448
2140
48784
58802
73318
21135
36275
18639
24987
84124
47452
16147
27733
8805
14942
58925
80560
81155
10390
71632
45654
66645
25940
9964
69896
9759
46699
66911
47595
72859
80904
42768
69382
27046
47543
40840
57832
26953
53896
19694
85502
12971
72665
37654
50074
77511
73757
83181
76015
75999
15490
27699
42161
27517
61696
10037
16257
37234
18757
83909
64118
85557
60222
49553
16319
40705
79680
56582
74917
20203
26973
29110
38838
45167
10417
35853
52084
86486
20636
8363
51404
75350
27626
3719
23858
79446
11806
50881
34297
66940
59494
22434
45584
82446
54543
13267
42912
54281
41200
72838
24899
36377
14533
41692
8143
57629
57074
70428
53951
80022
12895
72309
46058
76940
27219
41544
65572
46477
1841
17277
13747
85907
75792
60825
22349
35681
15030
22001
28941
1258
47460
15181
33412
9157
15484
74516
59676
79145
69454
26911
58839
8305
10043
79221
10854
60517
61449
52283
64229
3749
43093
27877
85804
73665
52775
37998
32825
67242
58135
10208
48897
15159
52821
36016
55101
41293
71198
21513
34577
36927
73523
69091
4776
12717
8443
66272
59779
27324
13968
59923
54296
28362
49991
50541
30983
27556
31577
38221
76488
45622
14047
1939
42232
43238
43994
3386
19035
81253
5104
49600
45195
54187
23099
20323
6294
40710
43779
26465
83222
27167
15260
14676
42553
56345
34786
60200
83081
45726
40984
65834
30438
37248
17697
30544
53903
5489
67645
46359
44112
37488
81501
204
54262
82305
66658
38459
10717
72887
57160
53445
78450
49528
23488
65090
42669
45845
49618
83315
20021
37932
2017
67778
11448
17189
73177
21936
72298
83045
48700
77627
16490
46722
27809
84114
69925
31780
60622
83975
26018
48484
68500
40216
22684
69404
35585
62289
64094
79499
30908
81985
40640
54331
35328
20543
68208
10000
16955
15570
19740
20655
72729
17610
23532
144
79153
28302
67388
76554
74433
34419
83431
30698
84717
15637
31895
16303
35995
55589
64121
38725
31546
83064
11822
57661
73417
13399
54531
11853
10092
976
78210
82905
41504
32905
45297
55325
69600
13716
28761
47629
6424
46707
68769
11300
29847
31297
51792
9310
81546
47931
66554
59314
14290
28497
17866
38479
7839
9741
29933
85345
9367
53711
60991
70872
4943
21586
60687
54510
62234
58175
12341
71955
31415
38036
81900
10679
46860
28456
64107
10795
9089
46685
55597
2172
57304
3043
49264
71428
824
81549
47763
68455
80648
76466
48648
48288
8784
41971
2641
47054
83628
66108
61638
63958
33802
9696
28037
85238
48818
69
79195
122
79749
28649
74654
53367
75734
82264
26301
53322
2526
19139
77343
20020
49580
72695
11816
71189
75848
2175
6234
24401
53848
52982
22064
48155
81140
74157
40022
55981
124
84181
34940
53241
73106
81986
75993
29631
63258
70661
6061
8740
13806
26556
41086
53115
81509
25399
64972
57547
78915
70426
22128
38860
772
6522
18655
75782
85106
58342
55836
49217
35303
58044
63083
75803
76636
51708
86675
18377
75895
15437
52611
35605
59363
30074
58677
73248
17625
78865
27127
83805
63757
22528
67374
84802
48676
79140
79285
32779
29656
287
25212
41629
75934
30309
66796
47636
52271
85996
46
78249
25850
4933
15651
10931
1435
65475
47574
73760
85740
5239
76390
45273
70625
30429
19112
22536
9074
76223
74449
75390
23450
27181
37184
64285
15869
85005
62386
70391
22790
77052
69799
7482
24973
8401
54634
46720
52272
68298
17831
8847
1801
11182
25860
7953
57893
1646
80386
40729
57916
41160
83173
80243
66756
20130
63982
86198
55440
48360
72434
18250
72462
13210
48243
76192
68494
40908
79588
30858
58831
85163
39802
18567
65659
84665
17038
32051
65315
39678
72031
65265
26597
515
3613
35086
60337
59188
46904
69580
20468
76041
79983
39335
59219
22512
57188
48375
17777
39067
20876
67803
63819
6498
67597
39998
31497
69301
32920
8393
75871
50337
61261
16357
26386
85588
77030
11371
85582
14877
64964
14354
3091
37429
589
9355
7545
71252
68296
20356
54344
9650
49255
28624
7970
33371
6122
45312
59500
81470
49141
69640
51047
44474
80855
45680
41741
75126
33491
68253
53079
69627
83332
80492
36108
57895
73834
51786
66787
1281
44145
57003
79233
10789
55328
42669
82190
25507
27039
66240
65146
54216
31329
19116
61389
35568
22825
17471
7860
24365
69665
48146
40152
68929
7254
69590
27648
4229
12855
6744
47070
78332
80765
71519
4663
26839
5076
67150
57348
32349
28734
20634
67438
58942
24153
9609
23342
38644
63191
27589
61171
50687
30820
27572
14124
32179
64005
35341
31029
2769
49019
4697
65614
17351
10366
23636
24631
6348
24542
67847
54008
46236
62021
49299
83228
84396
79705
48315
11526
74715
29485
76006
21292
50246
35079
81800
25376
36062
60020
51357
33574
53871
80232
27161
57375
81312
42466
58751
37819
19930
13763
46779
60022
75702
59911
45918
42481
15880
23452
34934
17233
46778
44071
46503
76005
81646
70943
78498
33184
4852
58777
15185
45847
17844
21930
36292
72445
27217
50987
15331
27249
45291
40926
5816
18073
35934
28591
6959
74448
73908
54822
3966
59667
63388
16121
23027
53921
36629
34895
10039
51704
4267
73079
64325
75341
75268
74774
76350
15347
48992
31919
32156
69077
7875
11644
969
84502
42825
47003
9675
35325
50692
30005
78862
42695
83917
82424
11839
21924
9221
8979
83417
78388
3694
8802
5254
80258
83323
72247
42634
66814
86032
3896
12239
17481
2088
10641
42089
45065
30073
49094
53078
33101
36134
52674
73620
33866
11385
63774
17798
41019
63258
56225
33412
71135
48097
74157
19223
51476
25908
74322
14014
35866
67357
14524
2167
47115
12811
5552
55365
74806
16932
30548
307
37362
32164
46236
58986
69768
25676
37328
24085
32481
12778
8978
27238
3638
16528
76302
29532
85007
69716
47899
26684
24187
45596
27958
85833
25990
47291
17717
28810
59809
74892
41729
79974
51298
9066
7508
29758
11300
218
70650
61527
55178
31071
31389
2554
4221
58383
67408
46282
8398
67966
31325
59986
62636
34623
26242
10344
48758
28306
48453
1378
47229
85423
72689
20307
75065
29854
4113
28634
14460
77752
13776
45656
73787
40669
43795
85380
33592
195
24191
7836
20821
34407
1564
51634
40411
50276
2315
10745
19600
7173
9428
29658
5447
63112
51375
61215
60641
51098
7652
28867
48866
26729
50399
65317
23287
36473
4731
36431
25314
42702
69551
29063
65800
19611
2741
24065
81802
4366
51887
79198
23151
5872
27925
50430
20035
64636
68161
52798
16464
84042
55244
12469
42211
49225
19345
66649
25594
77087
64071
3593
14137
70054
75668
80102
15739
52774
5220
80139
29030
24472
47273
64166
82631
25814
15044
20090
64181
1893
10498
7186
34025
39244
34547
68212
67747
56244
6771
72088
81176
47075
11331
66164
55391
43862
35450
71909
68091
35699
18988
61012
23306
66745
71341
6282
83069
47684
75015
85650
3240
71024
71190
21018
74417
11418
19845
62244
61453
70886
35834
34927
86806
54832
42692
76005
59193
11754
10253
75401
84691
43215
31650
2480
35452
17122
22775
79161
52667
76158
59215
51249
74969
31186
47385
5103
24843
14704
71575
28033
45134
17611
42184
2649
13887
55027
19349
58344
49066
14007
3841
70302
16072
74789
51073
62211
73686
7808
75315
39668
10680
71215
44779
80301
27476
31854
7295
30623
16259
36379
16196
76687
63602
68664
50059
51531
47439
40472
68947
1185
84776
4911
70322
50294
27588
7154
3870
34320
82141
14576
19629
82241
13365
39220
6604
59792
51797
49704
74821
51054
36501
31559
53625
6953
32733
18183
32261
49848
71434
74634
12394
54732
42413
20224
324
51247
64597
31722
17012
50485
32845
38133
22793
61267
37863
73240
34729
43704
69360
21500
61069
45598
30781
83368
29602
29485
35907
69534
26316
34461
68253
44398
36349
70709
46918
60052
10203
55373
45022
64600
71576
36692
21665
46690
37291
79207
43339
69432
9443
82271
86848
2910
19964
67430
7616
13321
47210
31893
40543
76080
73754
15765
195
46871
27504
59752
58982
57769
31675
82995
26916
24161
36085
32883
84430
39709
32567
86544
26557
57240
41137
6434
19474
34907
27806
52191
57881
75879
11206
31127
7447
49065
8461
41148
37944
54570
30777
2641
86499
72418
944
24549
36002
38209
4632
26876
65712
15418
76617
8899
59911
52676
16349
14486
24890
32757
76031
67255
31301
3638
55681
68061
53597
51589
32023
79983
55257
23171
75697
19307
82799
69499
39311
4656
52620
77995
71540
80484
77787
70115
29205
9899
48951
86879
54659
79365
54916
61122
75403
46298
48303
86617
78535
29580
71565
51153
59382
69713
6545
1526
20070
41332
17159
40137
1290
30607
6654
33428
52398
67319
30907
46181
287
4100
67408
1278
44104
74692
22387
8797
70815
23739
56770
35021
9638
54280
39269
21423
39429
34071
19628
71710
32068
78862
35671
42678
69366
19743
32805
5000
40506
61193
77395
84461
72059
15611
67254
37636
14167
12502
48748
77690
7221
49518
15405
36149
41847
23549
9047
9445
13311
7316
14143
86112
31646
64079
21787
32792
69160
47427
86547
73034
77987
82286
40057
43294
27565
19875
13086
28742
1485
67073
25299
34557
29834
36367
30273
54134
19321
60863
66728
79718
79338
51620
44356
24423
80105
17673
12950
30178
12098
51671
67495
19119
60389
41426
64111
41092
13410
11753
28419
24408
25902
52744
3428
56435
25747
60012
32140
57124
79733
74626
32668
67198
22529
14292
52753
36320
52616
24985
13366
11128
78857
43712
41274
56099
5173
33897
41145
57043
46604
5704
33665
12221
46277
17182
79371
32662
58218
35102
57817
39347
57082
37817
13183
73633
26936
60199
52266
77527
1432
16691
1613
85462
20786
39769
81330
79953
3799
79782
75725
56767
24056
56844
78076
78315
58071
65945
32731
15196
31989
4139
72293
55454
2698
45482
74548
62876
64386
39274
67273
45791
45581
65555
82639
79200
20375
21926
24834
13702
71478
60655
26645
46101
69139
47178
27665
4011
45383
70531
18457
75440
52902
24830
39810
28729
34009
75431
81801
39473
14461
1568
29956
84485
56889
52733
51602
83666
30198
6492
80462
23566
4175
59798
45678
65183
20119
39053
9739
15772
60825
72794
24353
84494
77667
61436
43982
13650
52292
62734
31288
36182
75596
55445
30470
42821
59275
38084
10376
48385
38481
58015
80043
55724
10141
67073
20500
23675
7449
77018
25470
55848
48498
82264
72343
55274
10870
48792
40780
72251
16574
74121
22485
75758
35251
71862
66660
64226
79693
59150
44382
44648
62374
24482
79716
14389
71589
38610
18443
74868
9326
3676
85967
70532
31446
40762
82959
42568
38725
82078
43321
86185
30756
41069
86678
73837
56078
81950
57056
42449
47779
4318
47320
7875
37791
32401
53909
40141
32194
27558
52150
44390
75048
77647
83545
82283
56160
15164
59188
79629
14530
58915
23192
73599
78786
20726
48269
81575
14985
50930
25064
66582
65858
42119
74810
25350
77378
62840
20122
65263
29441
22361
73467
34693
31173
84696
54336
78930
49085
11098
41363
86684
65755
45795
86853
17114
35739
85232
22423
58728
31016
73917
27968
26237
42046
7662
69815
1805
57682
78588
22048
33176
86797
71919
44340
35430
57351
65386
22912
69509
70593
63504
19464
66576
64891
6304
34524
19086
12547
28943
57856
56013
71663
66283
51698
62865
17370
65544
47453
72268
47738
81257
49386
3867
85491
13804
30734
44835
66444
68314
5134
16287
4126
38657
16702
81047
60925
6632
5034
9798
61463
15919
12380
84624
51994
18689
54204
35118
5634
58487
58694
55168
35648
16634
66588
39477
82894
28836
8076
11426
34246
47739
66309
27501
53467
29635
39987
40644
9591
9103
26322
40407
9747
81444
14302
29559
77029
18074
23281
67002
33188
55872
56694
63348
68431
20627
75707
76826
60379
85234
86420
84814
52195
11865
46801
36443
55754
70073
83441
82828
53580
38512
22088
7053
39218
65754
60340
47037
25116
12027
78525
33471
8009
33399
25723
57931
37874
26217
51522
25502
70021
24724
19208
29131
45702
78873
7727
37020
72391
58606
5677
74577
42423
54919
15152
22371
61145
23372
63680
20838
67963
59463
34525
17473
28887
49768
33527
20619
81551
72943
84773
30428
57833
31157
81685
86981
54042
7471
69153
49389
35895
48943
83067
37249
72102
18169
38719
51046
10995
48544
82559
56166
47967
42866
62580
28085
15858
59015
20967
43312
69529
1753
63616
48161
12787
49792
53206
14240
12285
6381
60093
1633
48142
26929
20414
75358
62428
10401
39128
1482
20821
33456
7228
53242
53194
47713
16718
8031
76493
73751
64775
2572
26364
2036
8592
64496
4662
72802
35617
385
77490
75297
64351
51462
9503
49702
43572
65190
61933
31828
1439
59330
81210
4785
81605
78236
23665
8640
60128
31411
68157
85822
22707
21420
42564
32419
60704
81623
8206
71431
60920
79778
67117
12231
47402
68838
76918
42315
73567
40980
11589
7485
83985
22491
19407
72919
41196
47250
29752
71497
39349
21756
10998
66455
86823
18317
21557
58995
12828
1879
33840
39268
52680
40025
85465
54274
41537
24853
63024
12220
25675
10405
68904
58968
4809
61209
80519
2503
28766
36967
86596
58562
85825
8295
55314
61421
5678
81770
12371
75607
25473
43247
61952
75339
13885
17097
67508
72406
7099
70609
1809
53381
10134
4755
39514
64906
13483
41103
84895
34714
67166
51127
24567
15111
41808
76544
32960
34973
81309
81783
82058
54083
43753
76961
1921
59857
46539
77302
2697
81768
71097
39795
41620
13145
22075
38587
19783
18822
1292
38186
3011
15463
50074
13438
30286
74779
23087
11458
66466
52508
79816
54688
70758
3716
78410
81506
28976
27489
79253
33549
40036
40275
76449
19346
84814
3150
82989
78018
787
27273
29662
25814
70398
22369
57780
9712
11742
10954
7953
40858
27908
48412
7274
26705
14171
23334
30352
19917
44352
56689
56384
26744
58665
82291
16654
72376
24994
12687
48953
71475
15194
23078
30559
43678
44140
7604
35537
39626
68961
27825
51402
15115
45091
43994
10377
85350
69245
24083
17293
57335
38822
14436
71816
60845
14060
85813
452
9546
54541
59935
51251
3042
73696
72289
20363
36383
17890
65988
78773
66406
28973
5515
23222
69875
7115
72354
57735
56700
77216
32993
52447
69700
42413
73333
21233
69926
10745
50597
12560
42308
62842
75476
46998
50091
577
65735
77228
48765
79156
60068
73988
84202
16596
16301
72258
3515
51079
10520
68393
22022
74104
28004
54842
39047
51722
8698
34278
55961
19620
46445
39621
2033
51406
38312
78760
50026
50593
39059
42064
42091
28629
65273
54337
10081
20004
84786
64673
85410
37763
75527
43707
78320
10433
54479
19040
70469
6304
19773
21429
59081
42153
25852
44479
15270
39916
18176
37331
66612
85228
13042
61746
70542
85561
46752
74489
70543
8407
39454
85983
53386
74628
79285
75728
26614
77479
75078
46735
22098
80252
7292
77344
17674
44484
28091
16779
64990
63393
63232
11756
7947
41855
6599
31119
71497
75237
1411
3224
52129
74571
28070
80681
46704
72958
36509
73605
37060
26911
38462
60906
23457
13609
61921
65116
3785
63449
73672
45883
68446
36184
53172
6806
16845
61844
74582
23545
43993
72253
58871
53306
13945
19267
38621
64850
34407
77380
1202
45007
76046
53955
25818
29149
77767
50028
7649
53460
52584
9460
29182
365
6778
72542
17120
11047
62501
39416
86796
23822
18522
61836
7152
63339
69717
35978
59759
29798
69005
19363
13858
1687
59537
78904
24703
22757
41224
33857
79464
70510
67853
38009
39362
23221
70046
30071
37704
51769
81863
61384
64220
26698
63464
26919
5682
598
48271
51014
75153
42794
51835
55142
60199
58140
38631
