3004
55151
15830
8625
33674
19238
22178
1744
4045
62804
50784
11080
35780
8795
5476
29354
4199
6878
43443
56616
8905
26210
46329
50262
31312
1866
7458
35647
38193
54834
4343
57228
48261
45093
39048
44183
7130
31850
38064
118
14695
19105
9337
57226
16801
23852
14645
8935
6147
47016
35494
30142
11701
10107
11883
52022
40523
51719
2455
12970
6128
50420
21983
5636
35672
53845
26928
11038
22255
28376
13595
62345
38809
34137
9006
39047
50191
32520
11377
47370
55066
33686
20697
5064
35240
17231
20012
34542
10776
54153
2746
39649
22019
2980
5332
57555
2881
55281
39835
30210
56477
16596
46000
5541
24103
21014
50660
48976
35044
36531
3939
51336
40755
10483
38793
26784
10094
10620
22329
37032
42899
20444
55566
58671
20319
1580
9176
59199
33230
21736
3470
39335
17185
6411
3298
9111
50900
59551
30733
43324
31850
43618
55911
15659
29848
19196
13451
58018
61996
58117
40989
11474
48360
23491
14593
54593
52558
16097
10913
22636
5817
56292
5995
56793
58477
3175
31541
17914
38613
41878
59006
41846
52567
17335
5778
6689
34310
30468
54641
49348
52868
27829
29172
62815
42170
48587
43421
26915
50749
61303
51131
36860
35046
30089
8887
19363
43575
58957
1350
48010
17701
59647
31122
48433
29614
16503
53783
11510
34497
46792
62224
61616
58244
26810
31179
9052
6757
51335
49000
44832
45801
25635
45257
29077
36843
35996
11774
21955
7410
15353
15608
12124
20513
30351
35103
43386
28412
23959
12651
13516
45564
9371
38971
27259
31903
18055
21134
13548
29351
24180
52020
32894
34141
51439
55095
26322
10826
37585
24331
15451
38058
54927
48104
61739
20365
33994
9952
9149
45371
51201
8457
59841
57804
19202
25096
41553
36841
46783
22768
27939
15626
12789
62206
29271
18781
18200
5906
15848
42087
22123
22596
56463
11115
9804
8032
23803
9388
54051
41312
14389
22945
27130
31717
56432
12380
15248
22738
19606
25574
59560
39109
5517
17795
30935
47730
40992
20981
33579
36485
55946
13576
41870
37924
49077
10857
45882
56207
44416
53676
58726
43165
35080
1792
23031
46036
45741
42233
50610
61845
56381
32194
62709
24489
45958
57973
30045
55412
54141
59369
35922
18957
9364
14855
55799
9590
41143
37345
33262
53255
9479
56782
42905
5625
9680
27822
54106
28561
46901
42143
9899
19900
58244
60394
30794
15329
61123
27565
40436
44400
19017
28718
33987
60989
49698
7232
42914
32632
49642
9069
50885
54692
38379
4529
53581
27970
17266
49166
46801
61353
37027
13257
58552
60564
3941
26425
31043
12073
59903
32223
31032
59633
858
21046
38368
41129
5249
22193
60530
7212
62042
23027
7785
987
22528
12383
44696
11930
54466
56692
7374
34263
25491
54428
21405
15106
20276
41266
53372
22548
17143
28246
24948
58437
45570
19103
21327
58270
42851
44507
43676
45343
58035
62206
17919
37327
32051
14508
3966
16918
987
43437
30671
39320
48546
49068
60205
20688
58591
22955
29873
18998
54550
45895
46324
655
19382
8340
43194
45527
31951
40061
50803
27134
10328
42034
44084
9844
43151
3454
3890
5538
5602
34459
32622
51031
31394
25349
36332
33155
49800
52600
22086
14723
58496
35030
77
59394
53449
38857
55655
40953
27870
17225
35692
48331
5335
49651
6330
16655
55560
58135
7521
6418
42131
17156
44521
48840
16914
56794
46455
24375
27652
49963
30735
4633
22233
3846
44675
50244
6785
59954
28833
61015
4974
12724
28594
12099
62338
56029
4959
49075
794
46308
49998
8810
30418
33571
2859
58152
25155
46343
10802
12320
22207
3737
7120
53977
39925
16053
44409
18223
48736
40836
39027
19445
53098
34810
40514
49090
54022
54381
52413
23229
43138
2080
27662
38397
48475
10644
35287
14098
25403
34978
59016
9114
60221
28031
41285
4297
30337
16308
23987
53800
62843
37033
39667
51968
17614
56926
19911
26691
13182
52062
45754
51720
20251
10096
57229
45857
59801
56867
37259
21394
19180
34349
50165
51169
11993
23248
8530
2564
23464
2769
46750
19331
54838
49575
20668
59451
15191
29037
2118
1980
55336
5948
17273
45288
35153
32592
33318
29585
36281
58524
25914
9181
20333
3324
44911
31880
23193
55776
49179
24927
8455
1416
55430
58932
61780
13577
55898
53475
25775
18330
25307
7904
38974
20531
21613
16162
17369
9163
31325
54808
37255
62635
10168
52487
51831
9765
6599
54765
36591
13827
7988
50541
32120
53949
23830
13423
62635
15283
43400
35323
18796
31402
39577
61594
46661
9319
38996
13705
57446
10070
37295
26699
62111
1301
8048
59546
44952
35410
5580
8914
12088
55677
60977
12482
29753
55131
23939
27928
22629
24417
16132
31503
48178
39409
13004
38488
47368
54660
47521
55522
51564
13716
56207
44927
37461
40229
45064
7693
35755
28447
11903
1077
39759
11114
10735
57267
50518
4983
18424
28027
2055
17503
37993
40692
2220
2347
54641
25868
40821
25983
43279
31784
38535
42075
14194
5558
21484
6071
29283
7281
49004
53434
23431
4760
3954
21583
5256
6507
26145
52717
28098
5267
18205
31570
21835
40334
12646
22707
20292
59403
36910
48938
4028
30680
17356
17709
49764
46997
46801
54703
53741
3060
3560
38261
34325
21832
51539
15479
61849
38303
42224
29056
6228
34694
29450
12692
22710
53943
22460
12798
30480
273
57584
30723
31483
59493
2910
57078
34600
30440
49216
11737
60970
1873
53266
6516
8064
10161
12423
20310
1278
53530
31534
19709
27467
62510
5995
33275
14742
52549
52138
34607
9009
2882
50047
20413
14712
31675
21761
13219
45075
35379
54397
40257
13742
29933
51974
51429
11130
50567
20761
21544
13972
56977
9695
46576
15811
37224
41236
18298
14591
40188
31757
45867
36845
54810
8783
37900
7375
58031
36393
32296
21520
23018
25315
59676
57933
7059
28456
55090
49463
17222
28087
30969
50877
5855
39920
26164
17991
52337
40497
57877
8837
23295
568
56070
38933
33757
58651
18364
31836
3836
45651
59865
31436
50456
35919
3700
36419
4320
58637
20671
55004
1954
2531
853
4159
32568
28540
59222
10603
37339
43854
8568
23068
54042
61512
14276
60279
44319
14640
52290
32771
19238
37386
38617
46050
14899
16085
5239
32220
56527
32248
89
15988
60942
25322
23857
9060
58617
37415
31393
21852
24611
50094
37800
5480
7738
26063
35928
40679
9107
15506
48016
39575
25890
36323
26765
24350
16925
27689
39712
47196
55820
42381
41732
2692
19672
15616
6039
7721
53293
17342
41147
31086
53557
23174
8103
51773
43538
39595
35870
42112
46351
9365
62540
6046
9043
30056
7849
56286
9732
56903
1947
38175
3772
2945
38044
19280
28091
45601
42789
56771
58864
19171
47149
49004
13245
32458
38491
53319
61206
52143
49796
27207
22949
8764
5089
45211
50454
53271
12424
60084
27714
14666
60485
17745
18986
15015
15636
24283
61210
16048
29086
35557
28311
4340
51198
41306
32863
26990
31079
54034
48723
62152
50820
43248
33251
8765
3651
10547
56582
53219
41287
61276
16572
1439
4408
16423
54683
55315
36737
10650
41266
53434
51574
37802
15086
62165
25776
46253
46734
47958
39223
1947
8829
29921
21434
4365
8819
41850
7686
55232
54544
2345
59169
57067
3447
29426
35458
46483
20314
12313
10039
2424
44616
36691
54137
14624
28239
56080
12408
56777
15168
59301
52495
43748
46342
52086
51068
13221
22554
16552
59086
33791
25583
15596
34027
45236
10461
22319
22741
53170
40924
39206
21361
50641
40654
103
43876
3545
8761
38763
50921
33505
25551
56640
5859
48874
13788
24747
24596
42106
2284
31738
56616
49588
17775
61048
44153
16388
1242
15273
487
53920
62779
38981
1420
14563
35769
4666
8937
47227
27685
54377
1577
7930
51873
19867
61760
62513
36723
13925
47999
56112
23301
9782
10191
60187
40309
58513
11062
31847
58964
60109
46915
15610
40398
62498
28819
56303
22501
3591
61750
23729
35769
45279
1217
4135
9560
33946
58648
14070
59494
22535
29264
26204
41593
57390
8862
45680
42700
17755
43376
36728
46246
18392
7462
37874
10358
6466
30499
22916
52606
39739
47406
48486
29233
51680
56288
34781
59025
61728
9057
18923
169
13653
30308
14298
40852
43151
6827
61824
6473
58043
31120
39235
52988
28563
3106
38341
11697
32784
7296
29979
13159
14730
4797
18584
19063
25008
28464
38999
12824
386
37294
37813
51953
33339
2863
3709
61178
7557
29378
31845
40239
31605
861
59557
19009
15485
50885
40400
27035
9856
34958
30067
17326
39336
21959
41090
33098
20507
53670
52322
18057
48988
59571
6169
785
46582
16900
40369
56023
39091
36453
55708
22890
17883
62177
53746
2731
60376
25857
41765
3743
2958
18384
49589
43926
29960
7113
27520
50307
35309
2133
42689
6200
57322
8629
19353
17174
1449
59376
30483
27366
53687
35673
17049
22079
4531
10097
34957
26492
15401
47668
41938
21849
59759
37674
59056
47682
22991
56205
22534
46752
31451
46290
30897
61361
31343
13622
37563
57635
42064
36990
22063
46836
42947
60507
11977
50625
50608
22936
9803
48026
46956
22153
12569
56518
58078
32882
60118
21312
42297
27265
21703
4965
29472
12433
21662
44080
3169
34972
35233
44716
7440
18436
61368
51062
23500
48494
44318
49749
6574
5443
11991
9919
40301
40596
50552
60377
14023
6978
2971
58714
62538
39496
27457
48236
38089
45093
30122
10201
31154
34713
26913
32038
10892
45364
47763
16374
35301
41494
59366
26582
42082
24702
51149
25824
40360
15570
3889
21070
19310
45047
38604
41765
29622
50534
16559
58172
25321
44579
42316
8639
24055
37515
54829
24508
14144
22970
53419
46985
14180
41935
26547
11376
42854
21340
14403
12009
13400
21941
13010
28954
22200
6764
34397
21213
18792
46095
35653
18014
45988
33951
57846
54816
52092
39493
47627
24963
19832
45411
61197
34107
36275
49197
45595
25008
46185
57090
39538
20006
22826
11059
49437
52129
46024
29862
7457
48062
53877
47895
21991
22944
51198
5388
22061
55278
49036
41156
10854
56278
33233
23651
30780
10472
56071
19884
47400
33993
7700
24004
45761
11955
22314
49047
57552
10685
59683
55697
41532
34636
16505
59499
53985
39926
32611
5647
24132
4862
22388
12330
33561
42497
51558
37214
39469
44572
13676
55345
32960
20616
34453
5429
35146
24691
5355
48981
7486
14628
44323
13872
27379
50851
48720
11493
17239
16931
24456
52428
56399
30228
3448
52165
57010
24897
37955
35479
39692
13947
7990
22318
25061
27880
1687
30346
58329
33828
34739
24529
10035
48138
16398
15784
54578
56687
11637
30539
12758
19643
20504
11902
60803
12932
14716
391
21188
53361
27893
57995
6171
17769
17472
20241
12245
14614
19222
7239
13843
17577
45548
29119
33002
9154
2847
10221
4748
9515
6598
59208
59928
19795
50560
34026
32636
6522
29188
28790
36027
45286
39191
22461
28057
12545
1799
40269
1490
29524
45406
32847
46091
14381
32099
44275
26337
56120
25067
12234
48214
58813
57725
12528
48274
51910
45906
6660
17493
33578
59739
1509
48434
2203
62029
18491
26760
16177
55119
22014
53138
14353
14500
56159
20974
31421
34876
5074
57923
2937
50893
56660
29715
12951
35335
20135
25856
21680
11452
29655
60731
38832
14886
46400
19487
7580
15123
24502
40812
12651
55548
49649
14760
17550
59275
4115
54392
1982
43922
21471
33868
31720
7777
34559
12216
48559
34623
13426
61974
37878
2170
20512
50121
12656
46745
10620
62269
15342
2654
38821
21026
13220
6857
3368
50968
11129
2936
7958
42156
18802
14587
27862
30872
4826
10683
52118
16816
1607
24274
54795
10816
33235
26134
14411
59476
52502
27424
38315
2984
52213
17473
53722
6318
12513
49515
32633
32541
25910
59069
7061
51134
62534
12553
43587
2906
21090
39712
662
36112
5884
52517
27216
35819
30116
16550
44755
29063
19765
29558
803
39364
16483
60472
34
48595
1052
35215
57007
33293
45064
456
41580
47987
6182
3745
24186
23736
44108
2907
19179
18195
49378
46042
34676
32265
20196
6205
48925
15287
53675
11521
62070
21885
21902
29176
54576
19606
27842
51934
31070
1803
3227
26668
30046
24303
59646
49350
58359
50933
44661
2144
39304
39918
56397
40373
36955
54655
8768
3503
5173
31808
21474
39291
41714
47207
17690
46323
25561
1738
7007
31775
24154
62819
37316
42822
2328
34269
46545
6478
61455
44677
304
5331
36474
20389
417
58156
61321
30906
6586
25913
47614
55444
6687
51832
10074
21198
27266
21903
45833
30299
4903
23452
19631
61825
13870
12417
56285
9338
42317
9283
56068
11980
17866
12857
61829
7027
62498
51481
21266
37668
10033
21894
22493
33298
28046
26542
24931
22238
22570
30528
26420
62935
749
48915
46265
7161
5845
31089
11146
33889
49477
20026
4228
54174
53166
3053
27340
38372
9372
4081
57107
46187
44775
31226
59117
44060
61131
52959
26751
1515
57631
24976
42573
40631
46751
49678
52397
46479
6766
43986
115
38423
49988
37247
37690
38064
32120
7147
22396
62765
26378
5432
53214
34977
45264
52762
4475
1006
54618
24625
53964
44841
29780
7717
60360
57810
61608
41985
12670
41583
43213
16225
45516
61215
2728
1221
58762
60212
41293
26232
26793
8170
40554
1906
25985
43172
39144
45760
51483
50253
18423
23774
2668
29164
12469
55835
18155
7241
4979
2226
32240
47717
54597
12209
8816
9038
29051
36242
54241
38839
61664
6775
15942
57702
10454
26482
21975
52262
12916
58466
54601
37917
30214
9178
10781
24304
34679
61172
49136
58275
53302
10931
29695
15885
19346
56214
59020
33455
16178
22768
21281
38501
5310
54684
18896
26485
60356
37213
25956
8101
50736
49268
54968
55833
45931
39603
21858
44922
40686
3646
11524
9018
35243
1033
21527
24267
16192
43172
37811
36127
59313
5108
55272
55914
9482
40843
20122
43788
16782
32007
19181
2187
39062
45280
18093
14366
33153
23275
33703
14580
5308
5420
47122
25586
28991
24648
8596
45019
22572
32144
41363
52281
25116
44377
39048
5434
12360
46625
50209
37375
60001
45348
32228
62734
27740
27388
43043
12647
34478
2975
14769
46227
32575
36250
48407
664
27534
45228
44331
1409
52610
30933
54021
43770
22207
40877
50519
45034
19261
11873
12857
16489
8609
40688
19823
5497
30926
39947
12911
3793
7372
51323
9282
50123
34923
32341
35871
60367
59532
20072
46806
32153
18972
60671
58000
45662
40134
15042
20112
12948
52348
62439
7854
44351
42026
30998
18752
9847
30207
53426
21189
10847
32944
739
52056
33537
46995
31128
18853
57828
24069
56673
59899
40735
31184
60971
40422
16232
12557
11037
33040
39157
378
16912
56803
53692
50784
27251
49421
57614
58163
56452
47769
57518
6823
19770
6782
42887
33147
53055
60390
23435
38701
43067
51333
40112
24474
1452
59204
29900
19824
54994
54497
23482
10666
58358
38965
58045
59967
36099
11433
50049
43119
6165
19614
51417
21891
45221
17120
36362
30440
49038
22494
48087
47144
50314
23208
21158
55893
25486
29981
3103
23722
29709
58273
7933
3904
10319
24607
6477
9962
32666
31696
42268
51982
21217
24240
45965
4969
60648
38994
44871
37333
12090
30040
60052
35033
19986
21537
38910
49029
36373
36702
15109
19553
42337
35178
58372
35609
50999
51878
39377
61903
50835
34671
55690
36981
4764
28517
16445
60685
20527
8960
47984
30335
5350
16313
32248
40550
29486
33146
16845
27583
8734
3803
25177
24783
34083
5706
9137
53601
15817
7374
7036
24304
43763
43616
58265
35543
45883
28199
38558
59251
27862
54671
41347
4833
15446
21580
6876
22409
34027
20353
50077
36294
20812
54567
56016
23393
55999
43804
21450
47874
12160
13283
13987
18027
14366
5745
60564
18608
6921
2451
22939
25654
7632
31649
57834
1991
45207
3735
23214
50552
52493
50536
939
20807
21979
42071
41469
37972
41425
55524
2081
48098
8443
25632
55674
47506
4960
9541
40831
50197
62387
28564
41177
19460
11682
25980
54587
28534
31700
2780
14682
4773
48088
48893
60956
37573
37984
39495
6557
18258
60836
15087
24796
61909
47651
7409
29692
43714
5357
13296
52102
48297
43124
43887
37332
34096
30040
2251
26976
44129
50737
32863
52707
5829
29447
5555
43490
5525
9230
52779
27155
1976
10334
2927
42469
52478
41374
21676
49605
52207
37760
46798
34373
27473
57616
15208
38823
40029
53030
36762
38207
22717
3131
10509
29950
18300
38183
34607
4907
50377
21785
57350
33916
34410
21297
24050
53514
51177
20503
56715
54386
55917
18230
5771
16376
11088
39283
35922
31302
50080
17815
26877
29555
2549
54340
29802
18006
59926
15965
49931
50641
2112
8901
18492
23179
24084
1921
1067
52390
54867
32058
39067
40727
24016
54891
56060
40939
2787
3905
1066
12598
55990
440
27456
5775
45005
15354
46418
30600
47535
9066
19828
12842
41491
28967
52083
33237
425
36516
40949
61716
52983
22564
16951
34623
60356
8115
34435
4530
42108
62631
55612
62163
5105
37653
5728
50913
42882
25424
29312
25552
28667
42829
6831
11272
11648
8674
7261
47421
55535
10901
26247
53290
33545
37264
11684
39943
19333
12633
55278
16105
22898
50280
40387
4608
31622
18466
39536
20980
9751
275
46441
39104
60381
5344
27639
9081
4707
26098
39694
32600
2880
56399
1994
48123
58614
6706
2966
7394
27087
1683
34992
8364
18310
1417
39500
4618
61425
27147
4972
33219
27145
1518
38305
23807
59243
61864
41832
7776
35935
3388
8556
9314
11322
30935
42219
29147
58722
22279
12568
61052
58253
48539
44293
59960
11798
50068
22259
57652
28294
31171
58904
41412
40163
56597
40115
57511
14767
49809
39182
37528
8768
267
58384
37094
45487
54832
32791
6461
19695
47185
56655
7827
8277
48917
37769
1887
8694
29975
43427
52563
25417
55031
7368
37298
11849
33828
31436
58980
61287
57775
1093
43927
14123
8723
53241
21240
32124
39256
51969
615
11812
29542
26039
2368
34161
21175
59241
7462
23345
31670
41977
50354
26397
8707
27912
15153
36104
9840
37503
8563
47165
6326
23642
13704
43875
33512
22633
15021
42494
6761
47892
25948
33746
12618
49179
16850
2134
62371
45167
46665
48219
3603
61585
47966
8496
38515
17860
3429
14196
36180
52313
56120
17542
24193
60096
44023
20092
15327
55861
20385
1639
34488
40183
54968
37687
41023
45656
54315
17456
45431
51449
17012
11321
13644
14566
39738
47196
2690
49825
56490
35215
62140
24390
2662
10727
33797
61146
31335
28859
59
26473
24151
22516
49761
12363
3975
60415
40219
61498
33007
19323
32572
27962
43260
6742
8860
51261
62603
62303
15166
25434
50820
46951
7453
42321
39362
9466
45342
26342
7390
29667
53856
48968
57899
48873
59384
157
53885
42132
3913
46980
46867
53435
10025
53558
15227
43950
6951
37153
19068
4939
43137
50363
5679
13128
7090
10680
59807
16923
46175
38159
13271
13457
46274
17559
41746
42001
52936
4554
57894
8565
44662
62115
42354
53308
49937
8689
50455
62270
59154
5496
14410
53446
29656
10232
29823
40821
44639
37652
22089
62016
50262
26218
53590
30112
45334
50290
19224
14114
11527
29796
35046
50915
27589
10890
57793
8082
16991
33535
682
1970
38624
32668
20065
31994
62126
4397
31376
36002
59544
55764
41974
56268
20845
39321
50895
26661
13671
28452
57992
49183
44783
11793
7937
54980
41434
23975
62748
53593
22520
33069
11809
51612
42573
41873
40636
27156
60473
9183
53822
35500
28458
36250
60415
10435
55945
26866
42750
9171
14426
14882
58839
47051
3300
8044
54915
44476
61481
41932
60806
23476
58008
6790
14921
56778
478
3148
48103
54080
15211
13616
15685
12030
11160
40043
19347
5776
42566
28551
22215
49222
9393
59271
7144
8772
14500
18041
60584
8277
6166
60141
31155
39001
53699
44805
50012
36808
53813
11945
2479
41266
60193
24646
89
16812
41942
25426
44867
7857
17383
41278
13054
18499
46210
44824
41056
53156
27009
49301
1100
42766
6806
49103
2272
15762
37764
56952
48616
18041
31200
23916
9720
40765
26902
1692
8358
2795
43264
24876
57110
51752
12034
5826
29751
26125
43096
34745
9187
45440
62976
24050
17251
38432
36524
1222
48585
61925
16984
2595
21367
58657
36555
8792
27661
6279
35720
49270
19440
53759
28523
15573
43990
38970
29937
5944
41438
25064
25632
61846
20835
62036
40613
7790
42906
46353
44021
23030
28009
47972
47467
53056
42751
52197
4000
36298
61283
22747
40905
11120
20020
15546
35922
56928
47503
18540
50888
44050
48799
561
13501
26746
18807
42284
26740
47139
56131
7869
44764
20762
56165
20892
5697
29156
37267
45624
56085
61677
39941
48228
678
25998
6916
61011
59738
34954
5502
24752
23205
18757
2366
62460
60155
49842
8569
24292
19841
38391
14331
59310
29317
53983
36408
25985
58918
59956
61070
52295
4517
50382
20855
7760
58779
46621
54949
24435
38277
1887
17550
18427
43507
35006
4255
22636
57854
44569
47469
6128
53007
32293
28759
36867
26036
40600
55190
32991
16845
12603
56798
35893
37501
43785
22159
53329
22828
15863
12964
34432
2305
62298
59132
61945
9461
47256
36295
41533
5331
1732
50664
18396
21691
62890
39337
16029
46549
25114
8997
54418
20659
30628
32918
734
48240
36217
27622
49220
4052
40042
23963
50261
46145
11632
4532
62573
3888
463
42536
6459
1660
59479
20974
60924
4457
18704
25326
61770
41069
5793
54790
37854
42380
32349
52450
61391
24042
29700
19579
27141
17632
62169
1591
16863
28842
62357
58953
48677
49104
20943
36863
2819
43632
21694
32450
20019
20020
48629
2723
39174
9671
33361
18856
47350
28523
2714
8269
9867
16295
38683
10408
37184
6948
28344
40837
25537
56238
59892
21184
56036
46808
12836
632
52329
3560
58628
26408
45415
59162
23339
19074
55220
55112
29037
15093
13904
51142
45717
16189
24671
50283
54909
47161
23569
20148
26348
34431
51464
115
9026
55628
17117
22621
13347
60056
25648
48546
31653
32989
13090
1869
16880
13921
52544
6074
47202
32297
22262
29495
57100
48805
24566
35691
19980
4571
57108
41380
20031
47715
14519
23765
3883
16401
3222
7700
16582
9969
5756
29937
52663
32069
30121
19538
35423
4890
52887
21731
2763
16713
40278
39347
39609
31993
40868
5538
54517
10321
46085
58527
30783
9307
7210
53046
14082
52628
62449
12166
36283
51753
4097
9881
48236
40107
41297
16924
15492
44643
30036
49902
48037
15752
24714
61598
6770
27653
21646
1637
20563
7520
40519
40258
38142
39541
6278
48996
55972
1913
19851
24218
36333
14170
14708
18031
23233
30644
2884
10745
9068
18006
28531
17176
17796
42451
44543
45356
62290
52157
45647
43871
30923
12436
1608
41561
25730
50235
55822
31674
2476
2011
46577
43339
18624
35065
29929
55389
37489
17731
44911
52027
5505
39553
11385
19868
33123
16982
3514
3824
54733
41397
47020
56252
31809
26672
17362
19552
61326
18755
41559
60637
22072
37863
30717
2596
44352
25091
47875
26610
23769
36013
53910
14111
13929
40182
16562
31406
2975
50956
31389
46631
29888
15889
43984
31376
25360
4016
7259
19178
10319
37408
18140
39687
5193
39752
16812
53290
58498
46474
7070
32191
25061
26445
47284
58401
29143
22443
61008
7090
3420
47489
12276
40493
16989
6533
14887
28303
58477
36081
48845
37420
36655
58253
9545
37862
18958
22251
50578
27145
56960
35524
49023
45962
52352
9904
25847
23413
61070
32691
17265
1333
6174
45891
46869
54446
35050
28501
44750
49374
11340
38855
14949
42458
62699
22072
13115
19622
51073
5052
13346
43332
1824
54228
7017
62574
7583
19250
45682
42686
60957
969
12161
41682
57056
23443
54419
44821
15929
25413
32360
44264
18904
36045
11255
25504
50464
50148
17725
38865
49895
24342
24858
3969
34813
11589
49792
60687
35486
22813
38712
49473
34445
30451
23547
25917
39854
56423
53978
1847
62920
61233
51154
514
14422
37560
1127
31842
32169
38692
18068
31157
43548
20845
55933
16866
44987
48005
42145
21649
11488
47344
36303
58698
38179
29412
15011
19170
24054
35083
10485
36936
53778
4933
29239
14110
42530
55795
55041
35531
51050
48254
32483
9421
59131
33334
43846
19108
25390
16671
41879
2625
62026
21837
57377
2213
61524
60656
21982
43638
8970
44922
61010
46948
22916
55805
14908
24082
30543
8227
15433
26784
45791
56597
35911
52142
10881
48580
57771
38810
10010
45198
2343
7922
42511
25712
50699
10990
46451
17587
6567
29556
49510
8113
9371
22735
35224
24078
2700
25850
9026
62219
54043
32485
49684
41733
24490
35906
57585
12244
8678
20370
14564
34392
59652
43417
5893
5878
55434
32480
33955
17728
52379
14769
51528
46267
32605
47420
53932
16530
43195
992
8143
13264
22618
26438
41694
3370
24411
27119
7784
60554
39308
12062
1238
27048
41387
42768
46038
32083
35216
12968
4995
20725
26333
6855
61554
29765
7828
49016
61386
16654
42006
37258
2001
31901
37044
926
7432
15400
4235
58041
57690
54753
9657
32539
44206
23210
14214
21197
58062
39138
59154
3274
58132
717
55305
17612
37128
45370
37701
27903
14000
24334
12960
4563
32781
423
36435
22779
40629
3971
12056
24122
17835
214
61713
13805
17743
43393
31804
59235
18075
44984
38284
10450
8523
12916
39356
17387
59103
5943
18754
12165
2457
53607
41669
6767
28134
39849
29293
4447
691
13487
27126
23432
61438
36204
19768
37200
38877
3027
3142
57151
1454
7552
42417
3643
21909
21486
8937
9361
8651
18016
7039
57382
31153
51995
60050
24683
29737
54448
10268
5407
40333
56304
60144
61374
21855
47671
35146
62975
4884
42395
44427
14996
1070
26174
62335
57194
45236
23455
38005
7792
11840
36000
19978
45221
52661
3520
24226
45786
36226
41416
20821
15110
9544
35834
12490
16440
22748
47333
45875
39711
8665
19261
48724
33566
11861
21920
45313
25843
14998
62579
14299
26102
28617
32851
45246
4007
62423
5688
34682
60176
55045
50748
48308
14258
12854
51161
46705
34315
43271
48479
2702
21916
19430
26645
33023
53209
25472
53639
34570
36930
61846
6110
7
2791
38899
55590
34327
2568
20717
18217
48741
4818
49805
56848
27141
8381
61061
11121
14968
59602
49397
15092
59945
52802
37345
18223
4815
43618
44547
52594
49480
8059
41272
4589
26582
34205
23698
7405
32160
1707
49770
3453
23408
22970
7079
16105
19308
45932
57255
39670
23531
26721
7905
61317
33918
37261
43405
23175
13137
52172
17665
9083
56453
10881
16160
60706
52179
6726
21369
15555
2935
534
56866
55626
20590
55142
37942
38443
27389
3795
45178
40884
18631
31261
25504
40553
51779
57128
6102
19769
2368
33547
30055
29246
58590
56329
41571
34490
12379
37149
31309
34548
17494
46187
5313
24458
21107
41698
29304
9473
52579
34413
62361
49951
35576
15904
3214
3298
50778
41352
56032
23041
47433
23891
34296
53448
31951
62095
43228
22857
1753
31911
21345
22429
21482
37071
31211
62019
57900
42520
17686
32863
2788
6359
6240
16980
54848
61520
32638
52556
37520
15041
5752
28155
21703
22673
44337
62140
11812
2855
3590
30891
47361
20086
21891
37394
41343
56006
13732
20695
50076
7446
39
48027
55923
18389
28876
51205
9446
11769
47557
52068
53153
10471
19648
49803
16358
14208
55854
21647
18153
32556
36743
33381
28984
56824
37364
54094
4929
14067
30977
39644
21808
38695
12757
23414
9787
22347
4935
32367
31875
25813
62831
60381
29801
58269
22342
53806
61155
30396
36035
28909
23114
49339
25458
7841
60041
26497
54971
60286
15852
5404
43269
34773
51195
49424
25733
44614
58097
34093
53471
135
43981
62722
4255
58700
45932
24264
34229
60990
53481
22250
17707
4497
9683
30336
31724
40148
17841
11043
4690
38333
6332
35739
34268
15085
54961
45572
54858
40999
12585
25574
54071
31399
951
60507
34154
10685
26670
33156
53961
41104
38637
27277
29426
12351
51720
35175
14799
39547
17331
4276
52734
32760
61365
18205
20114
40026
25247
45239
21257
13341
984
8388
14563
29508
5982
46909
3092
42971
45283
47501
41126
62640
57810
51433
9206
22972
1844
2588
5088
14376
2955
2375
43106
60842
32459
43397
56851
3127
47176
1949
62438
55106
54744
721
15983
53835
10773
13059
37912
15291
53727
28222
31400
4523
1052
2322
10537
30148
19661
42666
31836
33417
16126
46512
10092
25064
40265
13577
8419
12248
33153
61090
49653
23949
57174
49193
16983
7518
55849
12705
14491
25016
30661
9085
13067
25059
22712
1389
6664
10322
51917
23518
52398
44360
616
40796
43733
40910
35965
49795
47743
10585
44245
40411
55881
44000
56237
16026
14784
49251
46949
40203
14337
54598
7466
4636
25492
33701
61329
7245
26318
17370
60873
28924
26578
5251
5635
15750
31892
29054
2193
40296
54922
62566
47168
26171
6190
9823
13955
59046
36988
32348
18837
8070
59789
44139
57491
2576
60774
35478
14116
22326
5760
25794
13013
42096
5780
22884
31653
38466
59755
16711
7890
58716
519
25050
61415
4351
61146
49823
4651
34194
35705
25231
39998
51764
19364
51848
47890
60133
8949
26696
5364
23109
45874
16779
28334
7030
17801
16401
27194
61645
11463
10427
49821
7738
21124
40643
33701
11386
38055
1899
62080
55698
42938
5822
56283
15516
49049
25939
42404
27974
28429
52337
49437
30005
12863
9628
58606
53017
40027
31076
35021
57250
4947
45462
49772
56312
2428
56844
2487
50032
58674
24320
50296
23210
5411
17951
153
2839
59154
39760
25725
21368
30874
42883
12580
18874
34764
5158
57106
28398
49408
27547
32418
31349
31532
29493
5836
50320
25100
59849
50168
59925
11878
35138
15629
12797
32592
29501
17275
58339
34753
9707
32097
14879
16416
41012
21772
37864
29205
29608
261
13825
5698
50696
10334
45090
990
25484
5553
42407
13766
42526
10116
31269
27312
40116
37228
52065
43573
26491
26957
13667
24930
7678
31212
42423
19372
58438
48994
39868
19517
1028
14821
18765
32183
2625
35140
14694
51764
5942
4542
41961
62440
25816
21800
60461
31892
34611
12898
13720
60615
24391
21996
47707
27378
53664
24042
40748
56729
60031
60593
35713
17321
13822
41941
43408
52155
60521
6089
32171
53763
62232
18113
54657
7517
19193
58271
39544
54693
43258
58953
43158
22249
356
20003
51400
48437
59219
43151
48921
38642
60897
45653
55099
21645
28619
39848
45380
42680
47428
12143
47344
32799
9029
49781
48404
29289
57838
5270
43603
640
61853
26382
7017
1639
33869
11391
42420
791
1779
16166
24763
49117
51626
39819
21143
28164
16798
62260
56942
9371
36101
53621
34062
44891
8186
38877
27790
17664
13699
59528
23744
43929
36970
30205
45387
18093
11496
28411
27742
25955
21701
6509
54358
56118
55037
20175
2312
21035
22300
32539
57162
61201
26466
32869
40267
47852
36626
27887
5803
822
47612
3617
32853
43955
47426
13601
42834
43647
49328
61572
60527
19126
33300
46742
28678
33679
31717
47579
29098
27254
53385
26258
62859
27909
15974
59499
41938
13158
45410
57701
50183
9895
8373
2294
53398
32571
50724
12888
3479
38505
12065
7628
20189
19819
14621
26238
22990
4213
17144
41301
59361
43496
9728
21333
53423
1754
59989
61675
32951
37748
36477
41196
19509
56288
53107
52515
50949
30900
20329
29557
8769
32271
28271
37250
59555
12407
21388
19594
38564
20589
26049
45161
28298
38726
17061
56489
14320
12086
10891
11066
50127
55523
8912
25953
11866
17796
20288
38522
13056
428
39168
22923
58611
7966
33966
62495
3309
56670
36852
15524
858
55162
62372
52378
7912
36268
33205
12424
43203
36621
58260
2316
27053
31583
25126
10182
62242
57182
8177
26201
3642
47461
33259
40320
25120
18185
28618
46433
38247
49020
2714
31457
51773
62048
43645
36060
36039
1661
45348
45366
2411
14297
26612
40899
37341
53179
4676
29744
53801
51668
50035
54980
40239
32347
12670
414
56749
15116
47727
53164
60990
47204
53345
61661
30032
33179
45887
2676
62819
46094
61253
2737
10702
39720
33271
21134
7195
57932
21293
45075
56355
19706
31208
60982
36508
56771
2382
57722
734
1627
46793
683
41677
34035
57030
46308
22809
35951
53712
33589
31553
33786
37885
13732
30334
26596
11257
21934
34988
12518
9902
20314
12595
7610
18061
11915
644
24913
21478
19376
44614
32802
8524
49394
8657
11132
53508
44129
8058
42417
15051
18691
764
59263
3143
48779
17552
56763
54438
62657
12331
9748
58387
12531
48470
62353
36255
5392
62963
32929
38123
56717
21907
50438
53556
47574
35860
11860
56239
48010
32872
11
41684
155
61817
36854
41424
23913
45128
43080
42218
55987
49100
46883
17215
9497
36544
50156
42736
37912
3374
13350
22625
49323
7791
53449
52285
50834
24284
21815
52677
12114
41598
19419
21799
53705
14514
34094
31291
8027
61833
36095
39377
13974
52772
39982
27350
8375
6924
26070
3566
13112
35839
34693
60467
58702
1415
40889
12099
35130
16636
7504
17792
12708
24498
21492
18944
36695
43197
61465
2973
45926
43793
44172
41095
25465
54006
7603
51021
3387
44640
52827
26211
40083
45564
31745
1725
8812
29455
41521
10186
11955
40849
20396
52020
50878
44886
31786
61827
39492
26861
17860
58969
68
50650
24612
36240
9149
17430
10363
50240
1551
29230
50791
12141
28605
9577
54472
39213
37248
18698
52597
51518
37465
40462
57639
17870
26002
61631
46913
56636
26537
31383
26802
43076
26714
33025
44714
61729
51712
4784
2565
21602
5112
83
5654
38902
26043
61736
31779
61708
45325
42773
38713
15580
36158
37463
42612
7185
48869
2841
41861
27264
4412
44582
12505
21929
62756
54081
36241
55260
7014
12265
48491
19712
45874
41043
18237
33780
16320
58679
56553
14808
34241
9661
60641
24326
27793
56408
16392
57722
30867
28792
11315
5273
54600
798
28802
373
2006
15680
42775
35310
21842
47468
41538
34237
33737
37409
494
61530
51336
26353
30420
31621
12822
35699
4706
43369
8419
34294
103
4733
27328
27455
49221
46084
61002
14491
14276
29532
24116
47992
49871
611
41576
45701
21494
10718
1273
36451
32631
48227
62040
60379
39969
4022
16898
18974
3838
19801
11786
11596
60236
14973
45952
57916
729
57421
34325
2818
42953
52705
40602
4518
42870
30888
3660
60321
47050
16174
17966
7531
22843
24421
23124
38648
45587
60408
17903
19897
34067
56355
58329
25286
8340
16902
8511
26385
13186
55736
55534
31821
25030
51840
46851
30342
15470
44079
26932
11307
5243
47114
38308
56470
43502
14579
54671
29212
7383
29766
37330
35463
8388
9385
45765
44256
27899
57365
6673
60754
21564
6730
7216
48955
13286
29254
21645
36195
26996
22710
10217
25511
15348
50637
44815
13039
56804
7489
39893
19651
40561
17133
56191
3117
43477
5193
31273
8551
9116
50518
8065
49453
28132
25549
29431
24213
6630
24687
50251
38227
26725
12151
53737
43977
34890
31588
11586
34396
15098
3363
12058
42617
26356
15129
59378
30526
37379
38685
6338
62934
2540
36068
11037
7484
51364
29790
2184
47249
13114
14718
60680
5000
5380
62847
48367
46862
54809
52506
47379
46423
17194
10596
44267
24139
18470
4820
45503
14784
272
15507
57883
22857
62999
47339
48839
45124
16234
61882
35598
3506
35189
10592
30225
34423
31749
47155
16760
23497
47852
57036
52164
43237
33602
14418
50252
57228
5536
32373
11762
17997
31850
5213
35304
6245
12728
8481
1916
45689
35313
25099
47622
33276
62437
1328
54506
51148
33580
23661
55383
40166
31256
53614
2147
59490
8037
8
9192
17601
41337
21670
22334
24362
28435
37377
52742
11253
1996
2791
62729
56127
9196
54542
44475
21316
46883
37539
10095
30842
35894
32475
23064
34489
42521
41074
44730
45241
13319
18450
43851
43053
24859
22259
38977
51795
23529
9217
27120
43085
17439
42364
45696
6033
32817
7928
8513
13364
9150
11252
19357
44046
36109
31416
43344
54295
61659
42543
27590
4464
48732
5396
53969
32004
50338
16961
47981
62764
50559
57331
1667
13729
9484
35729
2958
55861
2468
42931
55781
15299
25016
24832
15453
10549
52815
26567
44443
18211
32889
12535
55883
62041
12472
54434
6087
13642
15916
28756
14976
8904
54074
51481
25090
43566
62320
7525
57959
44829
60487
30573
1387
28834
61685
44034
38630
47880
37422
13398
52683
49394
8567
38695
2837
62233
45079
26000
41217
49179
59563
18151
54556
429
34124
45897
52289
5967
56342
25401
17511
6381
54312
26576
34749
62791
20067
24751
60419
5150
58984
33352
30183
13326
17211
41394
33144
59171
27270
49346
28706
30580
12219
11534
2646
52909
16218
36334
4245
56104
61403
42772
38722
56531
14241
48346
6953
42629
7396
48114
3896
37289
28953
30416
22344
61813
9287
14668
50607
33861
39032
31812
32782
55472
45610
30599
17394
3317
49577
180
12513
59174
1763
26392
37827
29393
12976
59694
54043
49712
59876
10768
26680
54935
51171
28052
51860
32170
12567
27610
19352
38929
44065
11394
7162
50996
27562
42563
7852
16736
38900
50734
53658
60532
49194
5073
12000
42077
46464
61647
10830
31084
35313
8557
44393
20426
33331
29855
33446
12482
52897
60856
5006
16180
36781
17969
45521
20946
58767
8488
41432
20867
48087
50234
1755
17358
1915
11996
48059
50761
5405
15659
18758
22678
8221
15436
52629
6734
41718
9765
55043
14056
45759
57769
62908
15418
44648
11219
46383
19928
45287
28074
12202
17075
43582
32699
47609
34360
44963
24389
57754
44961
14292
4189
13760
21441
47708
17041
40913
28865
1599
35233
12678
22720
51485
41538
8815
31015
31391
41405
43985
39266
19436
36732
46550
33410
4853
35765
5502
7639
21517
46159
8351
22859
5583
32040
11631
19378
22411
1185
17465
8237
12257
2417
47500
57302
44929
35094
21348
3638
17644
24651
35090
31794
39586
53387
19855
58940
28257
28156
60313
1310
20014
51302
16391
58993
20884
59778
29399
38027
9030
19712
19833
26783
52138
58088
61192
14023
9053
31058
47989
48540
52709
61370
25487
32670
40534
22363
20715
11295
49981
20676
16211
19049
20682
17855
36215
16432
1902
55894
56157
17802
40217
52225
15565
18379
62518
11514
59486
11478
49637
618
21647
40597
12517
9740
13435
61689
2892
27590
54820
52917
50484
62657
4266
56805
57397
8974
2481
44308
17241
58184
48476
33354
46287
48640
14817
51749
59231
57763
25651
56703
46679
57800
28006
61205
31176
3606
56203
58623
20640
27315
50504
61187
19908
15351
59042
4668
666
26910
52929
42713
7553
9268
1217
35560
42117
4978
51817
14184
32099
44679
57722
59902
59069
50667
31382
2335
41898
26389
40090
12493
57701
45300
51585
16901
26976
58354
12150
10972
36990
50708
16077
7186
53354
24334
14343
58775
9159
49611
57969
38666
3700
9466
35712
44312
731
24725
39483
37745
6559
3747
13708
23782
41032
58293
32124
42671
43573
30622
37338
2545
29236
14611
47504
60044
19312
47081
54483
62171
4104
61398
58052
51221
36272
54112
56560
42952
33518
52914
28912
49101
45068
39149
12470
12126
15437
9107
16533
60516
56517
48239
42347
725
58857
57024
32374
40947
52088
50651
8960
49992
38909
25704
8712
48445
32642
38773
26358
27994
37266
37279
62875
16688
29883
320
18019
39354
2247
49082
0
2009
8606
29817
48484
8062
1601
3942
7898
15179
3053
10047
17458
51963
53521
11228
1855
51672
10470
37069
62135
52203
27427
37688
3902
23605
20050
11982
7647
39236
17155
16221
1161
52682
21554
15832
39025
58120
56343
59994
37090
52647
16914
46841
3974
12007
40617
23903
8175
56480
8008
62973
14390
55030
7228
41760
38743
32842
3156
21557
23247
33946
56596
8824
38436
62987
4559
46776
18151
62037
21544
4431
39400
47893
757
30374
32767
12544
24281
45957
43282
18322
34853
13791
40600
46503
21450
17787
21088
52377
4029
32392
27935
58984
7175
13736
44316
24799
48760
58061
16778
46371
47360
9250
22945
39039
35562
30992
11233
26450
32917
1800
39133
33082
992
21392
34232
8178
57153
60047
43630
51975
15953
57930
32113
13104
4360
18625
20967
11492
39505
10852
35740
43149
6178
38502
5730
24586
25507
61972
41017
51706
20880
45679
49140
49748
5844
48044
2562
43236
30612
29325
54030
39840
54565
19193
33140
59552
25963
34398
62831
38956
