2077
3104
6445
3217
6362
3121
4555
1399
2833
1111
6865
5836
2957
6191
1762
2330
3398
1142
6129
5483
1343
5827
3541
2245
6200
1370
4505
2526
6018
5750
1860
6544
4696
2338
4519
2408
6901
4645
1436
361
4328
2672
940
2920
4492
6708
1145
2444
1060
5909
610
1429
3187
3333
3469
4382
5282
3438
5518
495
987
2384
6582
5723
794
3947
2775
2835
2012
290
3659
4005
1471
300
4589
901
6929
256
6815
5197
5260
788
2162
1564
1086
6274
2076
5409
6328
2248
5820
4227
3204
2522
6465
511
2361
6542
5592
908
716
1780
6892
238
2660
1936
4536
2373
1983
6574
4048
105
4131
3664
6718
3692
2596
6486
856
3004
1708
6635
1142
1476
2458
6281
3257
1159
3217
5992
119
872
2248
1696
3556
1256
4874
2600
5786
6397
2268
3202
6248
4771
1604
5461
1969
1145
3265
1062
692
6219
5957
5004
4105
3600
1822
5863
5555
743
5564
933
4944
3363
4622
2480
4445
680
3605
2247
1542
2320
4234
1912
6220
5639
6515
5287
4024
6911
3344
2069
3203
1825
5268
575
5152
3769
4951
762
2177
4
3824
6400
5838
3737
2832
2818
6564
6737
5874
1211
489
4132
4926
5252
230
5554
29
2849
6342
2258
3782
4623
6579
5266
5487
6480
2448
6612
1575
6629
6488
5666
2088
2438
3045
454
1963
6369
2989
5152
2156
6413
295
5316
732
2026
2676
2471
2948
1576
536
5750
4303
2160
3759
5227
5377
4194
5276
2045
724
6643
3397
1579
5873
179
6754
2637
1771
929
3068
544
2695
3820
4475
5643
2479
479
4888
1202
6703
599
4801
927
2711
2820
3683
4919
78
6170
6697
5232
2744
1555
2298
238
198
5250
3353
2284
2035
246
3470
773
5671
4658
5538
6527
6237
5821
5895
3792
5159
5203
1326
6136
2521
2215
1722
5043
5203
6507
3114
6681
5799
3158
6124
5052
539
3304
2869
702
6633
1205
213
1092
6105
2636
1079
3194
2216
650
1510
3980
6466
6080
2218
4343
3098
4238
2882
3242
3651
2714
6172
3412
5471
4801
264
4579
3828
5577
3659
5838
2967
4425
5086
352
3024
3229
5102
1426
5973
1577
5831
6651
4018
6753
6242
3182
5486
3156
5534
3160
6530
3323
4898
2317
4418
4497
232
5583
4382
3808
6110
601
6530
1877
1270
5670
6312
6146
6221
1985
3600
4287
6488
4072
5974
2403
3114
10
5857
140
274
6122
92
833
2657
5648
2669
6185
3994
4210
6747
6010
6410
124
4581
2567
767
1033
5118
1791
6389
5628
6436
6694
3363
8
4959
6674
2733
960
1063
380
6314
875
5070
4865
6997
6344
4396
13
3609
4899
554
1075
165
4145
4494
818
3215
3125
4997
6031
4453
5679
2366
4923
6990
1030
2739
362
4511
3450
2043
1288
3234
5960
83
2991
3121
5027
1539
1361
1416
6147
3036
1398
2592
4861
5807
795
3144
5799
3913
3023
3462
238
5467
4939
668
2350
4597
550
5269
1485
690
3682
5086
3620
391
1070
4737
1643
4749
3049
1549
6024
3031
5640
3466
5484
6581
3868
216
4946
1030
6747
455
85
5460
1513
1488
1205
745
2626
2651
3221
3216
255
338
2972
1479
5267
6050
77
5592
2177
5034
3670
70
3740
6925
4210
6476
6810
3609
6243
3009
5430
6057
31
6824
3313
5256
3814
5620
5284
2868
1318
1089
5548
690
2842
6461
2978
3552
2357
822
5798
469
5215
5109
6127
3197
67
240
298
1737
5069
6333
2557
5499
1210
1177
3751
6847
5021
201
6214
4668
3803
4304
5132
378
2517
256
5382
2590
5232
5052
2626
97
1482
5065
6589
1919
1058
2740
1127
5762
4
5902
356
6207
1921
5493
6471
4168
2383
700
2085
873
2778
5987
6083
6126
6558
6049
5852
1217
2992
5549
2123
2586
2680
2108
1874
398
1781
6125
4909
4146
2725
4065
3054
2585
63
6350
4542
5673
6584
2850
2156
4188
5333
6676
421
5218
355
5478
2448
1756
5905
6646
6132
2731
4415
1645
6065
5143
798
4103
1608
5940
1251
6744
1784
718
4609
4432
6526
2541
6834
5445
5880
1299
4962
4944
894
51
6760
6386
6453
3820
6065
