6571
8230
19996
27110
21061
39563
46756
24933
6206
40003
48204
38836
34207
20449
11752
5687
20335
22677
19511
17533
37876
42064
14603
35675
29941
38996
32763
48798
25355
29842
23424
6731
8341
47185
17085
23412
42802
13216
3471
18290
40608
46816
39732
15466
39772
43793
40528
46781
37347
15544
40066
32007
18605
21081
18885
27404
11153
15223
26850
39178
30779
43581
17011
35191
8051
5944
8523
7280
16935
6211
13801
1738
36912
20662
24114
41769
9466
12668
44294
47115
23084
18736
819
5984
24464
11484
12966
7937
29725
34013
40705
16569
21455
6262
11934
3084
12048
43327
2761
26683
19960
21785
4651
3825
7352
5289
23187
46142
34797
39023
3415
43989
35039
46571
21184
40491
43889
28571
19947
27543
26851
17034
17708
15833
20114
35296
46214
19808
3842
8074
37621
5187
37658
10430
33828
44083
47741
7246
41537
45724
26345
17390
12342
36911
31776
21187
31444
1501
10900
47123
19544
19786
16136
48435
17487
46763
17561
47640
40326
44581
9955
1925
4345
22580
15896
5334
7629
2420
7555
7567
27554
18752
45251
34029
5584
12557
18523
29470
33218
32481
41702
3767
45672
42670
8719
12706
7222
15949
35623
17202
21594
4264
46232
23437
4523
6993
9086
18844
44173
27632
45854
36226
26625
33069
4198
47599
24792
18594
44515
29856
25016
44292
20730
29804
24904
29390
36686
4421
7845
8882
26752
36945
26487
7765
21509
41933
45598
12726
13969
21877
46958
563
10209
44546
21257
43823
24086
40720
13963
35788
26453
36243
42497
32993
26700
15734
39251
41648
18319
46183
14241
36615
27912
48834
7825
31472
23661
5248
34654
18727
19860
34716
42212
47200
34817
6675
32408
17139
4312
597
28813
44445
9429
7204
29361
43980
12384
24704
6878
1342
24527
40972
6804
13447
30780
45937
26427
23461
31390
39980
42550
46201
36707
27575
30132
17309
210
35841
45081
27380
15790
38698
32913
8723
839
44480
8540
41162
36995
28775
41028
4294
32946
3816
39891
32158
9751
27681
27490
29656
29194
565
22164
12928
27074
11247
31194
42700
16152
42144
37727
21815
24126
15035
48595
44864
7175
13178
47701
19350
28520
21879
1178
42530
26844
25928
19978
48441
10781
39071
17937
12653
8382
12637
4147
45583
40878
34011
48769
22451
41598
23597
13384
11799
33876
46147
42376
26185
23112
39965
2314
23973
11075
25059
46867
35416
1128
19278
22525
28411
22291
48367
15613
5031
38678
41521
30383
46898
29106
17485
40461
644
36322
6347
46255
47897
44066
39615
18148
20162
20871
11263
5598
20482
26985
8112
20700
13994
39211
17752
42385
44321
16828
26780
35633
25148
29101
16278
25204
43766
16178
36978
41099
19708
5414
445
24864
14224
12758
31291
30482
24151
37352
18484
29981
23729
25749
16042
9968
35061
3737
12217
47560
39702
30204
24803
6746
4470
19744
14487
23526
37462
30754
48797
47927
34799
6750
16857
38766
19672
13692
19762
24111
43212
35839
27454
28387
39207
5275
46380
12908
43565
32406
19229
7031
43119
17111
28087
8444
34931
26987
35280
31577
5182
32127
32339
10732
17961
11224
40602
2295
20358
32310
17817
44166
45677
3591
35355
39436
37791
22000
13267
47059
23030
10661
8120
4355
40943
40490
5958
5969
10117
6794
7533
8433
2867
16004
20904
24415
44630
1398
35437
27990
1117
594
508
46891
34358
9597
20541
39476
6646
42734
10282
778
45308
16532
21606
3902
33682
20560
43121
16008
48297
18857
33714
22186
17688
28286
37232
36971
22026
1638
14596
17767
3649
30323
41270
41764
44498
37917
16066
42119
4687
7643
44615
43389
30002
36333
26316
25062
26797
3197
27775
23395
44227
38115
7708
44288
27954
5583
45470
16845
26480
12546
13093
34238
9175
4669
12812
11546
33183
6131
6549
4017
21022
28187
164
44247
30574
14765
47469
7669
38011
48901
20554
34510
22087
25773
5013
26175
40660
42677
42454
17288
48062
23118
19186
15951
21146
12589
13537
35292
47375
30843
16282
27142
1968
23360
22277
30036
5170
48983
41604
38681
38352
2589
22471
39102
9201
1099
18739
26883
20883
5604
18422
32625
374
8192
33873
9246
10599
15358
35794
3683
37655
4416
12557
13138
26320
29904
24479
33329
34676
24657
4463
3500
48561
19864
11642
1143
5589
39369
8433
15648
4466
25366
28848
6931
10766
40674
48677
26863
33377
33724
17419
7270
21164
47639
8355
38162
30739
47286
38534
9786
45542
32997
4025
196
30354
35746
37574
12764
43006
15187
8131
37275
26125
30593
46609
18491
33544
36425
44570
22278
13997
45276
34880
23039
35720
37508
19607
40920
16740
48119
48798
7802
40005
15240
16591
13595
31813
37360
14784
45114
5706
36652
18653
5006
42977
43520
12860
35276
9417
36385
7197
20903
43622
11184
48996
9586
21448
30235
8044
34441
43151
33405
12850
25966
34454
29934
41427
17399
697
3669
13451
39756
21036
17609
28931
32110
26129
36903
2350
5131
43589
41886
2576
21734
22496
45278
16444
16332
44504
25191
9696
14913
3769
37166
4175
13793
26347
2322
18459
32579
17399
33749
46036
28343
44575
38742
16066
8615
9865
31515
48451
7740
12728
25675
42649
28440
30264
15322
23019
24976
5028
5613
33670
31197
24997
47429
41472
12440
41993
39410
43057
16146
10245
22532
26471
42662
24000
13046
45468
30814
3726
1087
3918
42610
42886
4661
41763
46135
13321
32030
31430
48483
1255
35945
40459
48647
29464
25119
38498
6582
16115
30360
42395
48450
18143
46311
18959
35182
20667
2799
26791
16509
292
38655
41372
8825
13883
33720
24058
20488
22592
28056
19753
32881
42023
47943
2305
4076
48085
44959
10761
23920
17335
16705
3548
39062
32799
48433
12706
39098
10909
47307
39886
46090
32214
14015
13505
34998
25275
7336
47570
19495
2928
36835
20287
16589
2615
16771
23797
26209
11400
4161
29281
15665
40384
36520
23937
2858
6716
11335
15193
16695
45176
4399
22549
45991
39080
14564
41008
12101
43153
37841
37751
21953
27565
13572
10838
42044
35946
31504
26340
15792
34710
12185
19909
12838
37345
32355
4092
13617
38383
26411
6267
25152
37897
11159
48353
11633
1102
40377
19638
34033
38587
5246
3654
46600
41812
32381
17407
31609
33317
20627
39977
26687
15427
44636
25418
14546
33816
34900
34355
32169
26854
15707
42186
11258
13939
16230
24148
4101
19229
42434
40183
31422
13707
36324
16529
46889
4312
34460
23361
33488
48277
8936
30912
46720
39041
13933
8739
5834
14143
640
31896
17069
4685
19666
5187
3032
43676
30130
47476
10701
24321
8732
31974
39978
37567
17167
22446
36497
38710
13341
9774
39927
25460
39083
3029
1169
17086
44008
1677
1514
20052
23243
41969
30921
17430
27533
4185
47551
37767
26237
45531
9103
11861
11186
16416
32494
14513
16459
24616
20570
10257
3538
7898
8351
3303
17992
35997
38004
37230
5834
19716
32453
36121
1408
34481
48601
15576
41222
18577
25979
4135
8868
34687
43110
32677
26480
33184
5345
48814
7283
1739
21130
25285
37105
9635
3454
41914
48986
482
26063
32956
12029
39467
30903
41171
5685
12908
45473
47308
15195
24607
37391
37722
17898
35035
12773
43253
30242
30556
19100
3562
8125
20115
33627
23031
11221
36355
13624
18281
43662
42954
11333
7972
14896
15399
41397
12038
31924
19422
5085
42784
29799
24926
34735
27018
35413
46428
13626
30994
43389
7517
42990
9233
42107
22365
10883
44562
33747
26383
6369
17472
35528
41535
33921
33131
20524
17852
35163
15310
42410
948
37521
26184
6503
19443
36952
5084
44199
1724
28711
28024
8516
48674
28952
18007
17297
16323
13532
15003
22757
8530
9219
24747
16107
27447
29273
11036
4743
19093
11516
7215
20978
34009
37161
8367
20414
6306
25342
11701
28381
18408
42034
19106
22387
25973
23361
44208
1325
38547
23276
27677
37929
35641
19093
35437
34093
28910
22584
48443
33083
35256
7180
42892
21810
7336
8633
41505
46280
34102
35260
11999
26379
61
14102
1636
25007
15059
19099
38503
16169
16824
22917
23493
24835
41136
15833
5500
12200
7518
34761
17997
13527
5422
19121
9747
36212
35215
39821
33019
17425
17620
47079
41935
9469
24678
45055
47402
675
44336
41306
36170
22379
36166
31685
1189
24509
4970
9859
4538
2257
31548
16530
29886
36380
35486
32820
24071
48317
16809
32881
36304
14574
47344
35402
26369
19078
25719
24904
27938
10611
31583
12835
27468
38884
4161
5695
44532
32045
41836
6888
12741
42980
41325
3374
6000
32880
16098
40499
7987
37993
31595
22202
4484
12554
693
32082
41560
459
4596
42343
15709
283
31765
48610
4840
32059
21933
18158
47363
45750
25185
26812
48751
22348
7404
6145
17778
11278
39022
48242
48484
43444
351
43962
32884
21185
19704
43842
44626
13912
45185
34143
26721
26304
45037
30050
24707
28723
17871
9976
20312
40796
15495
1818
37933
25431
45396
32639
47965
13298
27136
44116
34767
24025
35259
35102
44467
20160
35804
43111
5778
15441
46835
17180
18009
24957
19412
1919
15489
8039
9777
35368
45599
4212
27592
40446
22739
21623
11147
31948
26831
40025
48570
42798
47230
39677
33977
38946
1830
32698
14791
18348
9451
43145
23341
12458
9026
37366
862
42958
42743
36660
40329
38538
10955
12417
14984
12589
5061
15761
2845
38076
48116
42678
48632
32540
44814
22644
43055
36307
14328
31787
41787
39694
13571
32453
42474
11237
18439
6000
8134
48755
24247
6054
34898
19250
29536
19735
36660
40187
13391
10112
39836
40330
44198
8245
815
7528
20387
22458
12320
36523
11814
16423
8292
20296
36476
46738
16536
17033
26060
19686
15658
27809
966
45192
144
41211
1947
28651
40960
24515
46965
38242
12142
14388
24123
32818
26507
2873
12801
26194
23080
27815
36578
36211
23495
13423
33211
9825
3530
20554
34542
48980
32339
4669
16127
35016
17271
12427
2367
2263
496
48706
27898
20161
30909
11965
6191
19842
29456
26345
47220
23250
26884
1980
25483
4370
43800
29311
22013
10545
29053
31972
18849
43974
26440
15314
18544
43256
16996
4765
2033
13009
7143
34435
4532
10778
30215
20682
23405
11192
45865
42508
30879
316
17214
24748
43235
18160
41027
32867
18212
48996
5227
26075
34143
30993
3467
4373
32628
8797
45585
1733
44115
13245
29802
16915
48710
26153
34863
48069
38025
26632
10483
41479
47824
24229
36212
35973
44446
25953
25827
2391
12693
4488
42706
32347
6566
13432
46681
29121
38590
31579
27500
39231
41068
39613
27269
37869
40451
9161
42585
5475
8440
7511
31914
39734
29962
47088
15921
31105
38600
22538
11365
31040
21299
23678
18588
11744
15018
28895
42957
23075
39876
30093
39920
18751
23366
39279
26003
518
30080
36632
42129
12872
12902
32016
26033
29716
33504
17587
23265
48926
7982
10494
9676
47546
23668
41981
5071
5342
10070
8194
26036
42310
28648
5185
14817
1905
48549
20775
3601
23025
16282
40816
47396
12040
42949
17727
35333
9254
48375
7088
35904
12734
5092
1321
35830
31848
1195
31096
34998
626
24646
94
38074
3079
10048
42625
20451
31161
13773
45047
3738
10827
18019
7686
43276
47175
12627
38728
2849
7255
40300
4156
13410
42975
1500
28400
8172
25927
11427
4874
1269
30294
38647
18174
42154
153
2446
21458
40987
48796
21827
19141
45651
11015
32328
10989
5431
48354
14980
3072
17483
23675
16617
29763
39083
16028
14196
40014
29085
21082
9706
37136
11265
28823
39060
9958
47233
17705
48991
21063
40011
28812
30675
36132
19328
39490
22437
59
37416
29291
39282
22746
33956
4359
1075
27072
30976
46600
3424
32191
31707
14637
466
17758
22068
9897
28778
46571
39043
45731
18039
31582
2529
48910
37927
29216
33812
35392
44886
210
4155
2495
14260
35586
4003
44207
1886
33312
15076
8361
9419
31904
42523
10630
33793
18360
48004
9721
16363
15432
26947
306
12522
40873
26264
47590
20310
48478
25869
21780
6086
28303
47468
24363
47795
23213
12298
37214
8334
28224
14419
28690
39825
24563
7440
32510
22337
34729
12788
19369
12414
25001
42238
28570
38852
31373
38787
2416
4881
329
14716
31298
48643
39302
18072
37129
31165
37686
20326
24025
47422
34889
2993
30558
10415
27398
35447
42004
10783
13622
6176
46078
16517
28211
17792
1360
21224
31302
33145
15321
3662
28925
12928
3495
36240
7419
26505
35246
27006
3113
6234
47284
24836
5554
13050
24347
14840
18773
20932
6570
31087
41819
18932
34349
10804
19832
40108
28328
15348
25247
8763
28459
1312
25382
23579
34367
32104
39777
27829
39783
24841
39402
6619
46681
18699
27358
22858
33268
29225
41570
36227
10372
17501
45204
23644
15504
4271
41294
42471
21077
42218
37158
38862
15051
2212
46305
14986
20725
42336
18125
44135
34190
36306
22726
35357
45047
22774
20576
28326
4781
36421
45987
14463
42391
3781
1989
4564
48013
32411
34081
27141
25660
14432
34877
22335
34606
33358
15241
33736
16806
27461
14675
699
2097
19750
11888
32068
23000
45986
261
2712
43138
13416
14795
46004
6262
26771
9721
28889
23966
13132
29931
21905
44848
26432
15217
44753
38534
19544
98
28730
36981
41545
13327
1669
33354
16824
7884
9811
34888
3620
27145
102
37639
6575
32143
43136
13798
38226
3733
42118
10209
48749
12922
37072
133
3056
28629
19160
11616
36072
9601
19924
22063
31489
22668
44970
24335
11564
12182
47583
41476
23486
36703
29667
24832
2493
37937
28733
17475
42720
5725
27799
45088
42226
29993
1821
18785
5250
12471
25864
48689
21682
2649
36729
23783
38585
1376
36
32962
19999
44787
931
15896
24829
31556
25451
14721
31407
6119
37431
22880
46263
4493
38352
8801
37231
13469
24702
6813
12147
33809
30773
12883
27176
14366
29174
5738
31301
2485
3249
42401
19541
20782
27724
29127
35901
16957
27187
41622
38032
14165
5300
29849
27645
23032
13445
16951
8273
46504
24669
27352
17311
37176
45043
21500
1465
14700
28311
39211
31169
10487
20419
7535
32480
6844
9446
40037
38162
24148
26037
42083
14661
20773
44078
45027
32260
4139
6170
46573
40540
38400
21142
5052
2986
41216
48663
22670
24934
2528
44031
35239
18417
35892
12568
4231
46990
13287
11828
9471
504
23813
39911
24228
29392
5493
19442
28762
4305
10850
22348
14801
40043
38081
38086
8669
13223
45164
1180
4415
22357
36437
27299
10425
31944
2886
23051
26679
24691
20605
24883
31433
48915
26158
40812
26333
44400
42232
23131
21073
36984
18913
31518
2454
7890
24973
21217
18600
45604
13802
17253
38378
40426
41479
9271
6294
19340
19891
44625
32986
39722
9201
5751
13966
20590
1257
4111
14938
42142
18242
11750
16365
16557
13692
31299
38624
43142
6986
35939
6024
42596
21364
33224
45010
33760
32195
20478
41985
9703
2213
4620
1148
4735
19488
14651
5243
37007
16507
15511
1263
40376
42808
25374
35745
38572
43678
11017
30186
45570
16067
6183
37522
34098
12871
41
21549
9899
4715
42181
34543
6046
42168
39354
9856
28039
19941
37468
29995
40496
47344
8397
39272
2298
40349
44297
27554
10769
28268
45876
25138
29002
8453
30258
24594
36628
30343
8962
9214
16880
18677
48800
46548
5262
31026
23941
33396
13901
48236
37270
30635
14151
23595
2174
41154
27479
13173
23169
23387
38576
21794
25342
15083
38091
46370
31191
16835
6444
25207
1456
34720
47274
36565
43922
20987
1201
19525
37995
36843
2414
34921
5756
35942
19806
10162
39287
31983
37051
47701
23578
15441
7684
46228
42196
41841
27496
39912
41211
24241
48207
8652
21448
5553
11277
42733
32264
19416
38140
17334
19191
31113
8685
7057
10571
12737
37354
16791
32930
45100
13627
10336
14730
239
7107
46789
43083
17632
11198
45066
47946
38649
1985
14634
10885
40604
27910
5179
31926
37233
41707
19505
47550
14738
30606
33038
44263
22303
43079
71
1741
6781
9410
26218
37610
38442
37663
43579
21670
9068
27984
15029
24112
16415
40086
16197
20715
21093
20560
40563
43415
16303
21618
2738
44050
44066
8118
9911
16867
2669
25913
23110
9523
16679
43100
38047
26857
19981
42006
3704
13833
27553
22898
28972
17048
40174
43834
10137
14942
14056
3344
20327
39672
43528
24453
40236
11608
32021
10456
41877
21604
21174
37828
20191
48673
27276
9990
22364
25049
42925
23370
8192
45168
8027
45273
31219
1558
11251
11745
23753
20274
17913
4401
5909
48692
11760
36535
33725
41517
19047
20729
26582
6918
25191
35148
13879
3625
39450
39908
20900
46575
38134
44864
30993
38695
11342
40537
1158
8656
40089
423
24890
17371
40083
5176
28560
4024
44242
37742
43647
12988
6316
47236
17421
37964
15652
47237
33579
46480
8819
43480
14163
38407
6123
13836
23165
47594
6926
25380
5506
35384
42869
47800
11752
28406
25276
14760
1092
400
9467
45524
41286
35121
33896
38525
20086
31219
30504
38866
16596
25003
3908
41880
3613
500
29832
32018
39754
26430
44615
33408
32378
7123
48074
23375
2207
46502
38639
4333
13646
12832
34902
5455
14072
24440
167
5617
35030
19126
42439
40553
9073
37853
46914
15960
34071
36051
7954
22974
5146
43942
7533
14313
4754
19860
41837
27986
18795
43431
4824
45724
7081
43179
22784
35041
11743
44909
37973
48243
4864
17851
19958
2276
16060
11842
37703
39979
12660
23895
45405
11396
42337
45494
39252
41010
44935
46184
2009
23403
32631
13669
44916
33840
45689
10734
17020
33711
6704
18109
24727
9144
47032
21139
28129
23576
43059
25422
38297
43133
45576
3245
26116
4167
36757
27386
21129
30063
25219
1467
12291
33039
48496
19524
6973
46854
36587
23556
4271
18014
38239
29594
12303
1211
13066
18997
23499
31570
31704
15789
22115
1155
33912
33569
18915
13981
104
44414
18678
5421
37804
36952
15678
3834
31522
38032
25792
34088
7553
31531
17493
39800
15024
34362
45538
46024
29523
15523
13169
31340
47079
8036
33464
2232
31543
3623
12728
17312
41455
42054
33536
20919
3142
26684
8743
40969
34473
4166
11225
23605
9777
34596
26305
34458
44982
2608
48220
43956
40278
22562
33438
30715
24310
21157
27094
36185
27609
21810
5268
25246
974
31191
36939
21082
2275
46043
35682
2390
9976
26992
48420
40599
20751
46926
20655
36127
42607
22128
7866
3482
38783
22813
33079
17715
22183
44702
48928
31425
22635
21455
37245
11473
4241
8763
45308
5817
40121
5528
41802
42997
27476
20428
29509
6498
38493
17867
20180
11189
39565
8774
32750
13303
6219
36458
6775
42216
7111
7090
48625
25708
47423
15697
42575
1382
13243
15312
45997
15352
24187
20744
36835
28644
20769
5829
13144
34114
29689
27776
31860
17863
36309
29847
23245
13374
19900
39186
14651
38510
35714
20221
3623
36783
4891
37245
5638
27209
42577
27553
31931
28588
17646
25223
1914
8958
46387
14007
48554
47956
12022
29320
10554
3376
19490
29893
35724
44507
28992
43156
19854
26024
26388
16587
46941
27477
4843
13567
2844
11206
48663
15274
26035
23168
19565
2912
26147
48463
13918
44423
42205
34428
37145
41136
3946
46062
10378
12038
17285
1363
35067
9290
13877
39772
38664
7952
25231
10923
1217
31474
13768
32297
4577
41192
37079
38840
32180
41856
40617
28874
16285
3871
40046
10709
4956
42084
25665
39019
22911
44181
8870
31826
38728
30153
29747
29180
12332
37905
40593
45332
227
27851
7060
32270
9435
44013
24629
9017
6455
16371
26985
35453
13149
5997
12594
5059
45221
23855
14811
42893
4518
5022
505
37362
37674
41284
29381
44190
15106
41793
166
5852
3836
36070
32044
41289
45152
6703
40399
36623
44979
12524
48454
8474
36322
34875
36299
10450
34088
1110
43363
22326
626
25789
41924
35825
35832
27288
14439
37844
39174
18996
32956
39624
13313
36015
16397
19646
22405
44064
46123
9069
33258
30224
1044
8462
14120
45847
46823
29847
2407
11389
21238
16179
36881
17014
33497
36531
46027
41497
38764
3627
30070
12301
31726
14675
12364
44977
9738
14704
42670
13582
16235
17535
47299
43978
20993
20485
47154
29588
46472
33126
384
23552
22687
24776
38701
8310
17542
3427
43569
44035
4088
34463
44284
28435
13128
43258
12627
18568
17536
29805
46647
4764
37733
18137
43335
38192
42230
29211
9821
12263
31308
27218
23302
43162
41291
7209
46899
32728
13349
46245
31429
42697
33672
756
30397
11447
4550
48024
8922
11802
44051
13119
23283
19150
2244
43512
37980
28428
41218
16140
16045
39730
39061
8951
118
7583
22533
26266
29639
1527
8828
4094
37787
43343
1096
21686
33709
40094
14196
40345
25043
42537
29998
19523
35775
19529
48043
47528
42749
46042
9447
20428
22086
9483
43665
39242
18314
5725
41434
25342
20157
44881
5926
30625
27664
38811
11211
17305
14736
29429
37942
530
12196
29505
38606
22477
13759
2055
26344
36116
7886
32359
34185
43943
1884
44172
10706
33686
16256
23198
42061
14995
7472
20393
37070
13346
41671
41167
5021
4889
2098
39487
41016
28422
43608
39240
41630
5050
999
16638
41230
26472
29868
28047
20061
31081
32298
47683
13270
28671
14692
12126
45043
20700
24397
44332
8170
44270
13500
44839
13836
14329
7030
28784
45511
36490
27675
280
33986
44708
19987
24633
22753
38489
10665
36686
47478
14237
20645
47795
21743
35426
10232
34259
15720
17788
19760
25900
43501
46129
30588
45017
46641
22431
26529
48612
25661
28873
22458
989
30416
12071
2318
36636
12140
2906
20171
17999
38521
31153
47425
4224
25675
45882
17506
44246
23591
39648
25165
27463
20155
31262
8457
23991
9051
8173
15287
28383
27015
39456
47128
35357
18817
6561
21221
39347
48109
23879
24310
15575
1042
11911
37290
41719
15949
39292
28693
9766
12644
48157
46560
19047
24560
3793
32425
2421
1635
34249
13795
12181
14665
37434
26345
27994
32492
14765
10748
26586
20639
20029
20029
40785
21236
35461
26667
22346
46641
41139
31861
43749
30796
35261
35044
20082
8968
24534
8376
20713
11312
28621
29187
45771
24071
42075
14826
22064
20122
21351
42527
4974
16742
33959
46796
43714
21459
16789
23162
95
27210
36564
35799
3384
10803
14501
43542
14723
47070
37994
17208
18253
11819
25230
24761
13644
1598
48328
44022
20580
12130
8642
31289
25057
7862
37554
46679
21878
772
19028
1313
27353
36134
45249
6646
9891
29580
47681
32122
21343
44232
7593
37767
44413
6659
14088
33434
18932
15936
13860
7033
48514
26118
47964
26144
1513
38915
32281
1818
19193
20667
5102
29893
29995
42688
8433
6262
25289
2459
5589
32844
32848
16385
20149
2256
4359
20066
36743
17578
37767
41946
39299
34183
24926
22930
2663
48678
29497
2441
48440
48186
18494
19507
37599
5449
32132
892
6709
38268
26239
40686
48349
5647
22811
11413
1413
21912
11317
30444
47783
39132
37801
17385
1850
7813
33371
13859
10424
46104
28253
23564
47420
44146
28714
35057
37763
7387
10733
10182
15260
45298
47817
29310
37284
42600
28837
39384
48266
6034
19771
38190
29836
38757
36358
40751
20628
37678
28102
32868
28611
18585
48690
48472
45081
26247
25496
42704
29782
24701
403
24130
17295
5935
11418
14570
18304
37483
45569
27622
34
19218
34654
47027
23890
43313
36267
17914
1910
15398
38827
33506
11140
37423
15098
22129
1553
30699
27061
24309
14011
19900
14387
37948
39556
36604
29135
18067
19907
46732
46219
20740
47409
20780
3106
21568
38884
30620
18618
38612
24987
23385
34685
3481
1439
3788
14307
15675
1986
316
45085
24691
1032
30524
10824
9632
35214
34862
43891
42736
2123
28127
17103
2340
22177
30604
28347
33849
25144
26546
8449
25795
25512
27708
42545
44796
3880
15541
37511
21706
15832
25965
11899
9671
19159
29496
17485
44594
11770
12130
21715
25306
19082
36247
24217
31499
27465
39479
20356
23793
39616
36838
2867
15313
14280
34194
42570
3327
46763
3893
5244
12538
25022
37243
15580
12356
37030
10949
17408
20694
47227
8676
39587
48856
5453
38393
38174
9805
43530
31040
22074
12189
13898
14526
48524
3212
5559
7303
19349
15776
22252
7098
9725
29407
47024
32553
30244
44671
44471
48655
3413
43184
39686
886
4831
30396
31921
3201
4952
47526
21786
14020
11001
26352
39288
14708
25648
12838
30210
28056
36054
17296
23030
47334
16998
43894
34507
33867
12878
30555
41079
20874
18462
38684
42382
18902
33266
14578
5536
10611
20293
10450
2669
48046
4372
18006
47463
41916
3884
2733
24644
28376
22401
19509
33447
8382
21804
47041
22530
21837
15847
5573
5618
25794
12264
846
47791
11535
37961
27759
47047
36882
43088
47446
15670
34745
41384
40981
47531
46276
18818
42580
19874
28787
16993
26299
40193
6622
14121
37645
46218
6884
17763
4081
47068
20866
46768
12810
22310
28437
45799
28878
48041
16371
6413
23228
32929
31756
27992
20990
3704
42822
29080
38214
30455
11174
25467
23581
44602
394
47323
32591
10438
2690
45493
7154
7145
4216
3081
29700
1094
33021
18649
572
32012
8186
45912
21721
28690
17976
26705
31000
34762
26975
29121
17177
48279
11299
1186
47104
45348
38165
28125
35761
46426
17622
33834
540
29989
30278
1103
15505
28028
12570
38531
18285
28587
42715
18878
38218
32911
25843
8063
37572
27669
13931
9217
31616
19095
2280
37107
11679
716
469
20963
37128
26011
17601
5262
32444
42804
21344
45878
7051
723
32400
37496
48316
7033
14386
31569
45721
46489
8440
47110
38545
5092
10038
42212
24847
31522
28281
35066
799
33694
10348
18761
20937
42372
44265
17052
10910
27721
1340
33250
3015
47407
9619
29622
26758
19340
47946
32287
25964
9302
4572
38681
33985
44429
10091
40015
1265
30021
30400
27234
22924
22782
22758
12067
4062
30625
9817
37241
39277
8674
27500
21648
35434
3269
38232
33190
2238
18694
8920
11795
48621
30745
19377
35908
43192
47914
26896
10300
2508
23187
11139
41776
41800
536
16465
6453
43357
775
565
17785
20534
35081
34989
40578
25374
47560
21786
14639
10144
45709
46640
12625
33130
16783
8429
28837
25563
16057
46463
12673
23907
1592
38813
26064
3570
17287
37439
32356
8872
27434
21810
44319
6148
17900
26067
36030
48336
37749
5885
4563
18785
12099
46102
21141
18997
41379
25739
32198
33845
14748
25124
5457
13418
29529
20323
36405
19844
417
43741
16347
22477
10781
45003
26824
19444
13133
34842
20047
40053
43783
21614
48375
2069
36181
24046
41947
48900
24561
25360
43892
44035
18344
29861
20816
15733
5425
21447
45852
8570
7521
33255
7902
14942
16124
36780
14776
25049
5817
15629
35025
367
38938
14160
34262
42487
44751
12971
14184
13145
16758
43711
10498
29593
15889
27020
35266
24640
8221
31031
17761
9817
6706
30033
1025
7073
12755
24449
34666
10648
13004
45138
45200
19108
18707
15071
32909
12732
4725
5858
38631
26754
27398
33980
25029
24834
31139
10254
19235
22959
48120
18047
28784
18749
30729
31310
24536
9713
44407
5999
31547
38100
39866
37723
37137
7150
9749
8471
5224
32264
7643
26583
25755
3962
18019
41899
40953
10178
24138
12959
35424
3150
30598
30953
11724
23577
43851
8372
33623
20441
14300
4969
38998
5218
13319
47653
7294
13419
36181
3077
1010
2861
25508
26445
15346
1452
35779
15817
46441
34614
39946
27819
18843
47793
36492
30123
7361
185
15474
15845
19539
20743
30253
18843
42584
42853
37951
45851
39781
21373
6390
1540
21168
37186
38438
13282
26255
1734
33394
15273
25794
38922
42919
7613
13914
10668
11285
47672
36141
15251
2787
40789
9671
21622
10222
33602
20453
5698
40709
59
48521
9250
7836
30112
45614
42745
38532
7448
38727
46579
44011
4871
1776
46097
17437
36667
6408
19371
15478
1652
8882
10568
45906
19626
21462
30985
34252
849
32353
10452
4471
45655
19382
26509
21972
36694
951
25206
3905
13572
45836
5086
32874
48175
40310
41368
8831
16375
37265
21754
31914
44060
2764
29990
3723
15038
42542
30126
17018
27340
14327
26832
904
39308
43664
27017
37498
4328
40104
35598
14762
6290
31108
24405
5916
35622
2737
23410
20227
30670
46329
6902
20133
23443
15760
48105
17482
22478
34515
39024
47324
17791
42772
27466
28211
27397
39363
40628
5440
2900
45236
32797
44868
20861
15241
39003
30492
40439
45189
21380
44059
48099
28421
33113
16924
9917
19562
26988
10722
24998
2311
3635
28135
791
31747
13981
20117
45984
27740
12377
35924
34574
42561
18774
31649
10491
833
9316
13399
40006
21357
35105
8916
1716
37383
39536
14715
35063
29958
44644
24881
11034
47095
28171
42966
26047
44370
32517
42842
43423
421
11300
24706
43137
25265
28205
14462
26102
43335
3708
17624
928
36310
2022
19226
46707
2061
3807
3460
19596
23535
43461
12202
34110
24432
6900
42870
47571
18922
6783
16671
7639
35884
8112
30693
680
11976
20415
31783
44002
15120
21679
32731
46008
29124
30270
27634
2061
26490
10283
4909
14736
298
33465
22544
9789
9357
2586
43722
44904
21458
21591
45694
27412
47340
41043
45401
40890
23404
36216
8616
48469
45190
30049
389
13826
36618
30422
37093
26397
23946
28038
37290
43351
19555
22487
24208
6716
4418
45265
6398
14496
19244
32696
7852
10434
16113
30752
21875
23016
1270
31379
19772
25754
13478
45558
38177
40867
6373
25426
9602
28705
19281
9997
40390
9038
19421
39577
31063
18735
42563
19845
21607
10505
44869
44895
9316
3604
1144
21235
11246
43760
15853
15877
43721
27420
45253
39202
45428
26949
15385
25477
29940
37779
30875
35941
16933
29848
40949
30819
29983
6913
22996
23098
1665
7503
18544
20831
19708
20055
46739
2280
1222
47245
15683
33769
23250
27808
11110
2761
27809
16326
47649
3515
10511
12624
43285
31232
27460
14321
48758
26626
17837
48480
529
15828
19166
10116
47898
4933
37543
48991
34272
39091
38160
9435
22501
10140
24754
35658
35965
5639
38532
9210
41554
3593
2327
13908
48745
29836
16110
46037
10814
32898
36301
2126
42367
32783
26420
12014
14783
44076
16384
42960
38657
33224
10192
5407
14615
6625
48807
40733
34446
39672
15714
23779
23272
46219
48607
11619
32373
41995
11896
20881
23830
8078
20699
44168
7513
9927
14607
45169
11514
30897
7173
17365
11076
46099
568
8412
20916
9117
44715
27495
10285
31712
29246
28863
22238
48516
16412
25592
36628
44499
13877
2192
12589
25130
82
35074
41427
14328
34050
40631
5480
887
1848
11636
35532
16952
36247
12798
39897
9043
28531
20530
7183
45827
2877
19449
22113
22472
39243
38072
32122
37422
15713
26910
24285
8595
33392
41959
43009
31998
9089
14182
29477
17267
22855
34927
29709
5531
5038
24554
32729
6544
4163
9163
32302
16278
32914
23038
27180
22948
7430
24607
3524
25938
46713
1496
37379
30789
45448
3228
21255
29886
9433
13729
2820
30808
11940
29371
38964
44528
6651
14930
6401
34039
16119
22637
42536
33163
43265
20840
38044
308
21386
1217
732
40418
1128
19193
12074
43451
36021
1294
44225
38394
43685
19636
18778
3027
24244
24267
42147
46051
20001
15636
32045
14101
43947
26590
48880
48919
47511
47101
3133
13147
291
44418
12392
31841
22186
2365
34408
43114
22445
41254
7812
45479
33890
