36293
11493
29932
14119
30846
38131
37069
5023
5746
3008
43825
882
5829
28119
39813
30660
20993
29001
40950
27071
35643
8218
14587
1061
11001
14836
42607
38808
4999
10949
22163
11953
42040
46064
39890
785
29090
2006
15814
41166
32506
502
33209
29661
13670
8920
4406
46689
32530
15162
5213
25110
23578
8125
6621
38357
28007
28079
34379
44316
133
20525
30825
4768
31296
7045
3083
36698
12158
5022
24658
29227
28120
22468
13355
33325
26802
9020
19994
17120
25706
41288
21223
16854
16413
44391
45499
4508
30237
36428
33204
41725
46487
14585
28724
9908
27504
11233
31272
10013
12392
34631
6100
40121
6278
27214
4300
39677
18931
42933
46677
37942
5891
32470
37321
5811
27246
13100
19290
43286
27334
4591
6222
15976
22560
29302
11368
11384
37308
38415
8231
15264
1170
27565
31872
2837
38962
2087
20847
4273
6310
3009
4939
33118
33836
20058
4199
42456
36058
40313
19940
31952
1622
39108
43620
44089
5110
17846
8049
8489
19977
20940
31756
12822
1889
22845
7922
18338
23752
15500
11697
28724
26903
35843
10920
26108
5198
23710
11052
24771
35413
22528
38135
43645
41441
41606
44802
12996
5827
26431
10483
23538
38634
6484
28338
45066
27480
8034
35134
3060
13642
25656
9461
25932
36145
32927
3584
22653
10582
30270
34820
12615
12603
12015
925
30489
6660
13578
28821
36101
11860
25195
1091
18456
22419
18714
30966
15378
44469
22976
28384
33272
21950
2641
22728
40715
22866
21762
38735
27308
15337
23151
39596
7023
21831
3529
31780
28025
8426
27299
22009
39136
20420
38880
21315
43710
46105
4915
11764
44240
30274
3779
38332
5729
34128
28448
45013
38246
1908
33902
21465
14006
12090
773
4360
41584
30502
42250
13222
29481
11391
17422
46225
17224
27825
5473
43360
14552
19343
25099
21702
18354
37572
31927
20478
32435
24498
25788
27001
5121
10932
20361
12379
23254
43294
12276
5587
34495
44476
35055
23241
26244
15640
9263
12842
39003
46789
21995
3486
34851
13497
24373
6675
19266
15327
35456
16914
18275
6130
2231
26895
21472
5254
9237
31615
39120
6191
41287
39722
32470
317
4058
13527
27230
39032
7282
46807
9467
10285
30072
20905
32522
12331
21503
24637
32365
6231
15387
41212
45413
24867
29966
780
15239
11341
42928
41170
26561
44699
499
15392
41562
17213
9793
32486
28467
41195
24962
10980
24486
6061
29189
19590
16145
31578
1778
17128
4631
21039
19978
33713
42140
11329
43012
26964
4018
30702
14341
36016
43364
32934
44763
42378
21479
33239
40006
12425
36560
31045
9420
38311
28262
1777
31671
39847
165
31248
17677
36905
42508
33445
6651
43131
9732
41353
28038
2274
19069
1133
14745
31054
2550
1706
1348
17267
30345
15888
11039
14627
35257
21491
22283
43041
22576
14748
2209
5529
12938
9292
20881
22836
11888
34491
28561
15679
30809
24286
18880
40578
33603
32006
30382
3030
13090
11797
4602
10032
16427
40700
30583
17738
5432
72
45668
23777
1513
659
42367
585
8826
28527
22685
3388
9806
19989
7360
11801
3000
40908
35534
21833
23290
18973
2610
16478
21677
37770
46481
20420
8139
16991
27667
3545
10164
35897
32059
24913
27795
45882
8461
7425
24556
9039
46515
9717
9900
44129
18149
17126
26701
16135
20571
16667
30573
28837
15855
29728
32810
36342
13188
39140
12228
14668
12909
8612
36526
5176
1819
23517
22242
3413
46639
27399
30737
11199
25728
20012
4036
44673
26258
19624
15363
7180
36196
23827
5615
31531
16395
5538
19693
39051
680
42395
14481
28808
15522
43663
17356
31747
35202
24354
3428
16360
44338
39077
28583
14979
17640
10309
35540
23002
42693
9988
25894
14494
15780
38646
40821
4923
15009
30790
36987
20247
8224
42454
17160
23431
18711
46686
26090
8781
37097
579
6284
22622
25064
2537
22218
36064
118
29915
37350
36560
46640
383
13810
12225
10576
5015
38755
31897
28397
36274
38127
17261
31881
45905
25107
11205
28983
31396
46746
9259
639
29285
15078
25140
10727
3861
35340
6489
11007
46731
45536
15383
31345
32891
46908
18458
17964
38547
15750
24912
21180
28312
15093
32546
39743
39959
28239
35422
36102
15407
31403
20207
29782
3548
11637
1798
28290
9343
3492
5842
4927
19864
15516
8218
24995
31638
3056
36020
9115
22429
14080
26782
9656
35342
4154
1
44221
14148
19600
40717
33360
16050
43622
28295
21386
9323
4239
10712
26917
41905
18795
41935
5441
16567
7455
45711
33675
21530
16081
38795
9122
11874
31253
45389
38447
42230
18113
37430
10024
3885
16906
8767
2081
33385
43745
13134
46745
11070
30742
28245
46740
7113
34879
40573
14954
12411
8069
36304
6331
35453
43075
11347
12909
24093
27867
20754
30244
22190
31607
24021
26772
35062
19009
2208
16742
21088
2712
3753
36549
13298
21799
23226
43172
8810
17812
43719
18677
18713
27138
4153
24216
25377
4627
39769
7719
6851
7149
11560
5499
30953
28183
34603
7780
22642
32329
37700
12841
25412
13334
35203
30954
1299
34255
25948
10303
5751
40972
25241
8384
13324
11785
4632
1527
33500
27748
26192
26501
24319
17847
23621
33760
1202
39670
45739
30414
27461
39782
35270
17224
2967
11343
34912
14622
22156
28912
29844
571
44758
13182
36112
5765
37729
22632
12023
6923
10776
45914
39396
38699
30454
40804
24099
45055
43607
38919
41433
14139
4133
39211
12228
798
28750
18464
18412
15835
31186
5199
42721
27619
29506
22059
887
38632
43860
45898
21756
35952
2779
18338
26098
26700
14899
7754
34431
10980
24643
6
8785
46802
227
44262
11520
6167
7821
980
32996
24669
33408
22960
4821
33947
25951
9161
17882
2782
1216
46970
38401
7946
10472
44223
24908
33581
4187
11923
5949
11964
19906
45880
44608
22005
7974
921
26367
38663
19336
35735
9083
20946
10395
36622
43517
43239
16041
39476
21981
40235
21945
9798
15690
19934
9434
15254
22976
41378
39986
26564
29144
23346
31384
5744
15881
32008
46455
1690
41524
36715
2827
25150
23237
3044
41502
46607
10901
41363
39947
30863
5253
25011
41692
35928
37893
45502
34231
41842
46130
1542
12179
17057
3749
24394
42808
6074
22872
38033
9341
19475
24285
2949
23187
1204
25951
38223
22478
43166
29753
36332
22051
17094
36493
7761
35405
33429
4076
18848
24354
29239
12756
17814
13051
23823
45049
7024
37320
14667
210
7426
18929
13169
25460
46115
32658
44918
34724
6144
8102
45294
13821
21172
31980
38430
18705
9585
43391
16161
3324
8478
23959
6538
36708
10445
42597
41567
42413
38752
30859
22839
19506
46999
29194
22488
41174
33032
16421
23783
41136
41371
44907
19893
20844
7537
35218
29314
32141
36929
21615
46112
31433
23174
36810
28535
23014
36081
33645
23640
7256
31166
14221
19081
18580
15765
7802
23956
39678
11120
31129
11932
19583
3964
16928
36997
10467
23910
11361
24846
45462
42435
11664
21254
2615
15827
12382
31944
8372
15396
13808
38309
30373
32167
11490
37333
30941
248
6117
44393
16754
46311
3200
30736
39766
25982
42130
29443
5246
29327
11533
14967
44399
26644
1070
46463
22737
3298
24585
43076
9980
29042
16130
26962
7999
2021
6782
17119
9919
40844
2072
28899
28132
5482
31071
23015
11304
31966
2621
24067
45376
33344
46970
17232
32709
18703
43007
31383
23756
6757
4342
24148
6745
20888
46326
36122
17443
26766
7773
19836
32008
22404
13662
20454
15969
2859
16627
40678
28233
39568
34780
37634
43279
11390
36892
38486
106
36049
38812
33690
9556
8794
441
4126
7519
3082
17
17683
18949
14493
37835
41848
7500
44517
5260
26141
14469
26120
2806
14152
3797
38511
5995
1353
36253
25435
30951
13940
31660
31326
9180
43427
18109
32483
8006
29549
2963
24004
19198
9879
39080
44038
16197
43662
32381
9827
24662
34510
22780
11403
28398
17713
5769
39632
11143
28079
16639
33221
14783
4039
1055
12921
27704
42744
3802
28814
22361
10118
17256
19929
20114
32740
15985
29430
23877
25042
5425
40529
25655
41443
21577
37554
17245
8846
42544
9910
10436
9271
32345
30503
22913
19322
16309
37872
17871
24163
7201
950
36982
9036
10666
1158
2664
9612
45477
22047
7592
20440
1403
18908
41452
19225
32921
9801
37289
36907
33694
44990
23661
39325
26286
42333
43167
37057
6428
9956
6147
21737
9044
30384
5249
31700
42909
34038
41101
404
34046
17471
16618
14053
36272
23919
37456
41765
21856
26194
43780
33578
36480
25564
9382
27748
19787
24827
27150
40889
207
20996
42936
27606
32256
42870
7415
37905
45254
33342
2781
44088
34696
4096
46143
8805
24946
45648
14247
37305
42578
25546
39332
17593
45817
14020
26109
44698
14948
38965
7930
37661
8858
7394
42235
34919
21728
365
19594
29695
21472
22762
2147
31844
30065
12104
44228
15883
24047
31808
24903
46706
44995
44534
46676
44044
23613
14361
3435
15769
39213
12528
21376
23665
36794
44346
35423
20270
5818
7450
35159
26619
18944
10646
18307
7948
28539
42882
41787
3091
2122
11126
39009
35156
33614
24073
28719
9678
4800
2392
23975
2503
37074
42766
26946
35362
19042
1370
20481
32559
28968
10584
36450
16440
24904
4853
19954
24652
38243
11635
23649
32458
9712
25572
17244
35211
27360
17382
44315
35491
30143
10876
27722
6846
4158
11397
2413
1876
27358
23956
24509
25792
43695
16667
4111
1203
22142
5556
6340
22215
31205
93
16635
34307
10316
17959
33937
10395
22773
28028
15211
20712
14741
28258
39579
18107
2159
22792
3406
37553
20322
41364
23262
516
3347
38319
44523
5455
30133
16102
44316
28227
6628
32470
25539
12234
17666
25450
5391
37295
6897
14180
17827
35672
40551
19302
8235
34386
13551
20603
41751
33064
3131
39320
26992
16911
14871
1576
24560
18416
17442
31824
190
32666
38630
13864
25662
45956
1662
13186
4048
277
26735
6155
18159
480
34359
8051
20105
4607
18986
4955
42590
1794
40428
16841
10009
32292
1121
17899
23267
32659
40743
374
167
41722
5797
44561
38241
6300
39389
33307
36952
167
13100
41694
24210
14115
37835
27766
23967
39398
42646
6290
2469
605
27481
23854
33594
6673
40811
7594
21689
37139
13466
14483
34435
1997
44382
43668
40254
28479
40610
44961
364
675
44140
19399
43794
3493
43454
24955
31305
12738
37613
8438
25842
6421
12287
23465
44129
34960
22906
43611
33612
45981
17223
13364
27781
3656
11557
4517
4603
5800
34049
5599
25823
779
6739
34572
24026
9195
34133
6845
2068
10217
6988
37569
10911
11412
34833
9263
39738
14230
19009
6393
12345
27964
33984
38885
7618
12127
15061
35593
3011
29660
40983
5906
21558
35444
7117
15552
18726
39456
31218
9066
31412
26126
39543
26137
33754
1361
26883
21804
26080
23159
44702
45992
9477
26524
33051
46921
13589
33038
13211
26274
9185
10918
40078
45069
21693
31474
17893
23807
28458
17233
17187
17651
33868
31444
3818
36889
25733
43917
14625
17059
18320
21471
28067
20060
9482
25698
23283
45597
30531
26953
17483
17702
171
26778
29900
44333
19911
34817
38888
22590
29050
40881
1515
39799
17608
1849
15592
34438
14374
5566
5840
16241
20701
26546
46405
21098
22966
33169
23365
44109
38551
22804
11089
4272
32843
9069
21253
11246
39808
38069
25610
33519
14122
32445
27735
8816
2853
903
6911
16442
34456
29840
38467
34458
17668
13100
39008
26764
16691
4190
10163
18916
13334
21011
5849
3491
41303
31250
6131
5427
45293
25594
29071
17144
39022
22375
8426
12522
14767
42387
28129
14235
31454
12357
15270
28689
24225
7561
9359
28912
2063
8268
7755
19519
23155
8410
23926
12710
12466
3765
25036
7201
1250
20972
15474
14187
16250
29806
45448
32571
28161
41049
34162
30523
45742
46460
21326
40483
26782
33685
45696
31033
40173
43007
19728
44234
771
31108
36046
26722
9792
1363
15780
16932
2138
16414
12105
3662
2698
28547
13645
21437
40800
26253
7816
27888
13595
32326
5070
36083
36434
17403
18693
13611
29760
36604
14335
512
14610
9799
46274
15844
18324
26280
22245
43927
19634
32678
13326
28316
37083
38940
19550
684
38679
40995
30197
42357
17017
8857
36634
41926
46471
39969
44163
3354
9446
735
15907
26782
14003
36461
46401
38457
13404
33574
44109
4159
1597
26774
31429
10354
39079
44301
2502
26437
14922
41759
30679
11662
42611
38801
28998
24568
28737
46625
25638
9682
34466
16970
6544
46184
46666
10467
35710
5420
12099
43683
18159
16976
12152
4236
15356
22490
44819
46049
29881
21828
42527
7853
34183
3928
7919
30009
37823
25629
15117
17985
1849
17632
30735
44123
1474
24121
43756
44261
18108
42312
12661
20531
24519
7205
45150
39474
27741
34226
46923
23676
22940
14061
18072
17880
34372
557
42152
17629
37392
7464
16559
26579
3745
9422
8659
2062
15390
35006
17341
41311
11008
6492
30646
17745
40066
41899
19748
44453
22062
12804
23244
619
35746
30043
2873
38638
8561
45387
7506
5498
39309
7966
13938
3652
5218
29146
39673
46270
7343
18763
19632
23229
44854
11673
43466
10193
5027
18542
33773
29401
18641
36798
14016
34913
32599
13987
20047
10145
28073
21628
6001
6875
43827
26034
20995
42944
20496
27823
21885
24119
32785
5451
5210
5163
12994
26628
17845
33976
40198
41825
33446
17834
21754
11915
10796
26642
43391
27873
6533
6270
13737
10598
6769
34140
25333
34361
11629
5011
34119
32649
27395
1590
38057
22075
31374
22653
16367
31818
20411
4625
16935
4241
2483
3564
27007
10431
8213
7523
32031
4344
46160
5970
43517
36588
35406
12018
38655
46167
39860
27889
23466
30596
2415
38646
22961
44511
26304
29111
34426
1669
15248
45521
24043
22370
25183
5427
24746
25775
2317
19392
16034
17005
12779
22119
36584
29891
7420
22872
17229
26783
15742
29238
15167
21445
2069
21467
20959
1434
16406
12172
3519
15611
46528
17403
32677
30447
28622
9699
32992
34101
30233
4827
12660
22443
11443
29426
16120
2949
10263
25475
21084
33430
29988
27477
39871
39646
46232
25634
17335
4257
28289
13914
20970
33343
27399
1971
20921
41629
16477
3119
39981
1319
8758
11163
28273
39880
1300
1175
31015
1256
40531
46846
2447
38896
5565
25516
6041
4253
33870
44463
33923
11415
34520
27643
29455
6805
15065
46414
2308
36535
36528
8013
36053
3848
31070
17793
22358
29966
28529
7106
24898
38558
22620
2326
27354
37521
12394
41709
16616
33805
30410
27052
44985
41017
43068
6501
30129
32850
31362
9375
3657
29083
28330
20015
28747
31380
25639
29875
1182
3265
43591
30367
28709
22333
14143
8198
41937
2676
42914
12470
20287
31930
35393
26376
45877
32899
36348
31098
24813
23200
6822
17555
19988
28298
15103
14843
20468
38191
13772
23212
46693
3054
33681
13657
45651
32456
7742
34362
1177
18789
41047
16345
26251
27480
3029
46540
26457
23577
6954
24503
36871
46061
43106
3045
13681
23595
42364
5315
42484
19677
18936
14993
17896
1633
21035
14206
24698
12843
20782
42911
4757
30330
23893
41211
10080
39396
41387
39982
3763
4310
23874
22672
1683
4123
39344
12705
4189
32688
10253
27348
10959
7050
10265
32253
27274
39845
34146
16824
16412
4291
43027
30288
43849
13629
6321
12176
19906
18624
18023
20185
26358
18471
40281
45873
25388
37872
26613
7516
7347
32902
18365
40458
28617
835
28121
18653
25231
6152
5122
30037
28029
18634
37194
5113
37466
27258
24918
13948
27372
6474
29293
42330
9598
22727
33266
15206
15704
36471
14429
11434
25351
15416
6577
46809
31325
3875
35262
7868
25227
40627
36366
35863
20507
17350
5901
17239
36163
21063
32721
1971
13067
40557
34465
17932
32984
13659
12866
28763
10009
15877
20797
17997
33982
3140
29428
17477
28888
26382
30763
27350
28451
757
29403
507
21177
28994
10385
15174
37368
40278
40486
36561
11315
42165
4568
27892
4607
12655
20733
45291
24083
13308
38207
32315
46619
23931
7387
36794
5534
9144
36724
7112
44666
3136
18204
20701
22778
34506
667
2568
42582
40659
14328
46626
6336
22350
20812
33237
23151
41350
45094
34796
32724
36650
14673
5152
22138
20396
31433
32667
5371
1237
32500
15653
21005
39801
33182
1121
24227
12226
7181
17356
14383
11812
34131
1977
16582
14492
36034
4035
6340
1421
46418
6640
15990
34377
26117
2111
23375
44489
3523
40222
18538
33729
10473
4786
7934
39059
31629
23883
46223
19014
22813
6427
27849
13003
19397
31580
43736
22235
14894
16651
36883
15848
19492
7533
36223
191
34152
37964
4879
32175
38316
24821
11976
13353
5470
9306
45171
8355
16355
34519
13708
8083
45093
19555
34056
40996
12079
36981
14779
30952
39037
10056
14751
42659
39432
30717
4688
17935
43159
44500
46341
17657
39841
37118
36241
30464
4543
8929
22711
37693
7
12553
8636
45635
23395
24432
45878
45372
46815
10794
32587
40758
39937
34599
828
17553
1348
23213
43000
25333
10804
27162
13093
1716
12366
21019
13585
1913
31696
18116
7623
22388
2811
8333
40660
42516
20401
20076
36065
17047
40265
31709
21428
42001
25616
32123
41135
8174
35633
17929
43754
27438
16405
40434
32099
4212
36614
14441
11788
17322
18965
25230
21381
24973
9483
33518
6776
25665
16517
26774
43476
36745
21232
44043
3345
32709
10484
7896
24419
23280
45814
2045
21513
2764
42653
8793
25660
18989
33077
36684
10789
13151
98
38996
8543
836
34556
19586
15340
5286
35849
25431
4892
34429
36217
12632
45255
38806
8483
42483
20620
15369
29772
24677
4386
30789
959
44810
6963
19058
37136
45776
21649
22930
43587
4697
27904
22012
25338
5523
18884
46175
42835
14653
22875
4352
26855
30312
30354
29104
37943
37888
21758
42381
642
39885
4761
37612
21521
42178
30589
11831
12515
12553
6436
43480
11708
8561
16421
5714
20944
4246
19707
1240
39846
44756
10263
33102
14199
7935
27406
46728
2670
35233
9398
10930
32153
16481
21042
45908
13758
41236
32268
16466
22249
24819
43146
21510
11745
43297
12009
14602
8427
45023
7270
41166
35621
6326
12820
44098
26533
15321
41399
21649
27226
24604
1367
22002
38464
11532
37376
8884
28417
37013
8654
18125
18695
3610
36606
33031
36094
41405
22232
28551
27862
41339
5009
39692
13390
27138
21996
5977
31620
10561
18856
34190
10441
4997
16277
23313
21201
46852
41088
861
24408
16176
45526
39004
3880
706
16709
5863
45791
40751
29054
39870
8237
36988
44063
17094
38980
5953
43325
12646
42136
31797
7390
10885
36173
5967
36781
16669
36760
43643
31918
25580
34238
13793
1417
11109
4472
35118
16331
44658
14864
40165
3112
22139
13246
42614
23798
9928
18747
36689
37562
21118
24702
45584
5445
13226
29356
29926
18793
15376
346
30135
1502
40134
23295
29653
40434
28306
40629
12380
5820
9900
42110
20995
6585
21665
10394
1255
30920
25734
550
29766
23000
18365
14873
17013
13745
38079
129
37766
26231
46318
29203
30906
31899
6310
33326
38447
21037
17023
16752
3142
11988
42649
34859
980
23125
35677
8744
9898
27930
28356
37195
42459
4457
26839
43310
25257
4822
15985
10360
1853
9587
29325
4478
35017
42939
22759
26409
7164
29310
7930
2544
40577
11206
38
17060
46148
11665
45443
22833
18699
12999
13942
2789
8204
8867
42887
18681
36400
13543
32301
37020
2804
39015
37767
8855
1424
27496
34984
6467
32935
24058
7605
39551
809
13655
44918
22181
26376
22000
11758
15940
6989
20109
44897
24584
33438
14945
35074
33205
11271
32241
27462
20371
31409
26041
12528
22243
43843
29127
36306
29280
25204
34875
14492
36529
23779
2843
45612
34059
40155
17718
32011
37947
27166
32798
4696
28848
33556
16512
9283
33879
26152
19728
43376
17872
41343
41701
18613
36990
2014
44099
13794
27156
38648
16104
44549
1675
36785
5518
29174
9160
39897
43367
15742
714
20368
26823
15655
3793
9538
33547
26895
3690
16384
36799
35359
45847
37411
35485
9234
42619
44597
35594
9173
18219
29358
45810
39114
42240
32127
9740
8744
33217
45279
17336
12650
4118
43168
7596
266
33143
33509
41838
34338
39274
3306
19444
28903
13116
37664
3079
24779
6167
34172
45614
32437
43473
40538
45839
37887
22613
46523
13808
11300
29907
528
44140
25396
3826
25330
27953
32725
33630
2368
4661
1767
37989
4388
27945
3397
34547
37803
11598
40259
44853
18334
10292
30168
5186
32705
2114
32369
37078
27744
4055
10279
13136
5161
37183
38087
36395
38298
6521
9197
42186
5728
25277
20308
34348
23641
32115
26675
37112
10399
2326
19287
37466
39785
22312
1377
31586
36103
20783
31220
10742
40626
2733
25342
31918
26789
1461
33264
7805
34924
16825
20452
45655
39848
29881
44234
4422
20980
18590
22063
1271
20808
14492
12938
38153
18103
34205
20868
11749
21679
19139
13564
21145
11820
4414
45836
28367
14897
16035
43683
39315
19684
27117
36600
4145
20173
14781
14720
44236
28819
23549
1764
4748
42259
12299
21738
8799
31982
29177
40782
5280
26869
30504
13972
16740
8099
9541
27413
19233
33632
30908
10780
41113
31502
10761
12652
7957
19106
39086
17352
23253
12600
10853
12982
2451
41459
38999
30232
44751
8496
22094
35481
43885
40294
23773
15153
40531
13516
27199
28509
42438
3214
41620
286
37932
7286
3936
37308
10501
10499
2558
23142
41035
39513
24547
26281
39728
25900
27868
26395
6022
7018
4825
6259
35801
33965
27851
38799
19569
45001
20272
36864
44972
17712
30784
30342
24400
8775
37304
37100
10502
33565
21635
11792
43746
30664
12536
20897
33711
18923
40871
45501
25415
38336
9925
19862
2112
29294
5296
4249
11683
35527
14932
2851
19085
43081
39963
41239
15472
20583
34931
33640
44724
4963
20425
20736
22607
15618
18179
11827
21700
43476
16579
24595
18607
21246
31320
39432
19511
15782
18023
33612
45116
22466
24350
46600
19079
16870
7569
8422
15897
18008
16830
43581
46036
31017
12938
19562
42541
30691
9798
38866
11339
393
13189
44136
3746
13520
30092
31372
5008
30744
34444
14811
12808
36102
36556
19293
10509
13706
39510
15767
36646
8639
516
35085
36112
11588
3828
5972
41417
29663
4519
3425
35776
31561
20623
17066
14987
9234
18974
12743
33144
17665
22036
13219
5589
4231
11160
16837
42923
25817
16207
8766
24196
21841
17715
3198
14957
26536
36762
6880
3071
16010
3808
45062
45616
32701
39847
34218
11862
17119
9778
24715
37980
40700
44033
35680
34893
35785
527
12708
6724
4912
21655
25454
38070
11264
31845
35243
17936
7191
1377
5770
21514
26143
22501
26612
6317
33699
13264
2399
14456
8149
39988
6198
41398
9101
3505
18822
46748
42136
44812
238
8862
42738
2027
18964
32177
40897
4359
44600
9691
2424
31740
44360
40575
4708
30188
29504
12812
10087
15679
39915
39765
35454
21943
4154
7843
12737
42904
15296
10807
5663
36685
19360
43996
46780
30333
17747
25408
8600
15693
11978
40507
31188
31983
8396
8833
28403
26423
4676
26090
26043
40934
2899
7992
16464
20128
34405
10312
6587
13696
34122
44769
16116
12196
28148
15786
12265
43203
11776
17496
8305
11882
42707
44445
20249
21798
10770
45636
12162
27843
23974
43345
35526
35819
24962
21606
9261
29163
17994
9479
5688
10719
31498
29911
20881
21110
34824
14068
3437
9016
14079
18317
35519
15500
45185
27155
6331
5509
15360
15005
5499
35276
2385
43934
35777
6298
19581
43218
23458
38436
32685
4382
38291
24073
12410
27300
27643
33623
27551
28742
46549
44801
44291
17098
16256
28733
3926
3699
40324
35785
32048
37320
44812
39990
7920
6
6674
22061
14000
46873
29995
494
15267
11287
32641
24328
21127
37933
21415
38466
3285
27308
820
31136
5081
25651
37631
45194
28528
2760
339
3150
41958
32896
11903
29885
1994
32283
20637
24706
10790
38158
29100
25783
21094
4416
5093
31226
27436
32798
17783
15997
36534
32650
45655
41763
44125
26877
16463
9742
37298
3141
26857
43134
10575
21994
42569
8692
39264
19531
11133
4228
35764
4134
15233
11137
21332
556
7611
5146
16998
18098
46056
14850
24166
20876
45345
36661
24178
4404
5845
6703
28625
36848
13628
10303
20831
27826
20894
896
32799
4056
7046
26144
22134
27380
40078
24457
2951
38118
1072
43956
45321
14813
33158
29990
27017
21166
6214
483
42237
12315
26598
40967
41127
16036
43016
14252
16970
43826
13362
23125
19060
17656
19452
29224
29599
34101
25335
23418
41797
45148
44367
45
45328
40181
68
38437
32604
28100
22251
1992
16442
9382
212
40843
36897
42716
11896
35313
17787
13633
10384
14206
21433
25653
37277
17914
30516
29164
2095
14194
8042
4825
40428
40320
35312
16803
11832
37682
6042
2514
4291
20912
26772
16315
25164
23975
23764
39278
33496
31122
14239
43841
9478
26993
3892
36269
5282
12066
3937
25494
26428
13747
2888
16104
46812
35801
33477
45461
16645
19618
6311
27596
45635
11951
25896
44155
36418
15470
27051
22701
16484
43876
34481
37486
4487
23720
8072
46083
38649
35298
249
43582
24488
37178
4668
967
42091
28533
23458
22535
2510
41617
33375
1878
13862
10658
21346
22420
30466
1398
18362
28589
27113
25114
7687
24589
40174
32856
23953
23586
14605
1216
43225
7577
39249
1659
44891
31745
35099
24214
36604
3308
23033
38475
28462
31988
40673
6916
24253
30074
22040
17137
9101
21361
16147
17713
2770
305
25217
44300
37316
30776
25867
21823
9317
26731
10345
31417
36624
23522
13107
30842
42655
30481
10480
33916
681
13354
10502
7921
6062
28720
9007
29452
14128
31095
26901
8404
44657
23383
21194
17778
5907
13480
9838
22739
2824
8959
36245
28889
19350
19094
4484
19381
4646
4489
14872
45031
4850
4205
40236
43038
11097
39635
25461
418
32504
41986
36771
29742
37214
24451
19886
11764
11924
38782
10802
28449
43199
36689
8593
42399
34827
13705
6892
3665
31326
38345
22398
4097
11135
15871
25100
23414
35921
45182
1229
17
32256
6350
17818
6662
28558
35088
29905
36775
27962
39773
13820
3108
6574
20247
43649
34359
31043
30511
43262
15284
41979
29156
18500
45550
41779
32853
35124
12085
43683
37382
38114
31043
5883
6655
6837
20525
12844
32731
13871
42487
33521
21163
29896
19552
776
19986
11945
9701
1064
30652
23927
36281
12056
3279
20055
29890
44882
32668
12312
14119
41010
40551
36785
36573
23703
19441
38432
28657
7021
5527
20052
18048
27445
27155
13976
23290
27514
33968
38349
34772
8992
40348
23802
21949
20330
19518
22755
31377
9152
20862
2675
2545
21652
12388
41871
42747
42223
8160
1152
1373
13013
21857
24940
18741
7802
46073
7170
5396
11567
10973
40513
12578
21149
39475
3940
42387
37501
884
4931
15654
16529
5984
25097
41150
39147
20153
32166
41161
32248
28072
20344
5357
33624
43156
42955
17195
42348
40889
25370
39564
22516
20756
36432
6017
33621
32997
8896
37503
39972
16941
35053
10702
25898
28679
45407
39642
5707
34627
19347
46930
30068
8245
25837
45614
20873
17220
41549
29422
32008
16215
43459
35886
11757
12058
6928
8877
45843
24878
2186
46373
19380
31358
18844
5125
37613
4421
36408
41513
36481
5806
7682
36899
11793
42667
7746
21819
32348
22943
29437
45922
40193
43607
8857
30548
30238
36442
17347
16532
1539
34314
10431
3505
8696
33563
40483
4118
42768
36272
36753
36968
9209
25453
28175
16984
39705
36110
7348
34768
37991
44639
37585
2155
14122
1445
37537
24212
21778
5777
21430
13920
31489
7333
33290
42704
37326
30623
41024
20719
38030
17154
6197
19906
5375
40260
12373
29957
43298
13867
30782
27706
28892
19512
11259
44484
31634
4253
14614
242
37278
23770
18862
28702
13218
5715
12864
38837
15888
34862
3997
30082
26051
38265
2048
46619
20862
7920
23538
44069
41319
34068
33468
6100
11528
31247
17840
16546
13114
3467
22581
29488
37341
2386
42165
34290
16457
15928
6108
6613
26642
45589
1887
40396
8324
26712
31871
8248
6475
46285
18417
23302
10860
46046
35763
2002
22006
18551
43812
19217
20151
23531
6057
3764
35548
6613
34400
18696
18065
15905
13659
45850
5729
26096
3978
32825
3491
818
5213
9300
18241
45550
12917
46970
43166
42517
20214
32912
39507
5365
32988
30524
12198
26145
15422
39809
11495
31758
12443
38076
13248
23608
31151
15762
33
43754
29290
11436
3998
38421
32886
16059
5413
32176
40908
19902
6407
16805
20817
33115
33219
781
11434
41809
8593
40489
43489
2523
29666
5857
40826
25921
13409
850
6639
45137
10046
14696
6315
15699
6119
23476
46679
45041
4011
36182
12744
2157
31197
25891
40409
1221
9577
4273
36818
39066
4366
42192
37533
20119
7944
36907
21160
16596
11121
7604
46164
19065
30891
15109
12473
35480
31516
45658
22028
16819
21711
18477
18742
42893
13123
31905
39930
26653
32058
36240
6570
3948
42632
31792
14719
31648
13846
12152
3307
44745
39210
9800
42604
23096
9277
36174
38088
42912
20408
7629
37656
35484
25868
26504
1618
22304
26301
17045
37359
34340
5810
5604
8749
1595
27475
42838
44754
4098
8631
33251
10646
28467
16073
18795
16019
5113
11439
23150
16140
46886
12495
25824
4823
18705
46350
41500
8224
4659
34559
24577
36412
20760
19244
39026
7623
46474
15779
40422
39714
27865
39360
42560
10628
33832
41163
18210
4508
18641
38310
16106
42112
23696
37630
39839
19709
34956
18339
26084
45252
35874
4213
17026
12189
7260
20821
29533
39179
27999
21189
11405
8804
34498
12717
16124
24195
26098
6235
27319
42283
33282
32198
17910
39282
4192
32639
26413
8943
11291
36157
19981
10530
8768
26124
35989
41359
8068
19088
29401
22879
45556
8372
12485
40043
30408
37369
6243
24413
35982
46533
46752
10597
10882
13522
17509
24268
36627
25720
33472
38617
27689
10497
19723
14454
