5268
4723
20680
22275
23525
20440
12832
34709
5292
14137
46438
3827
50576
49746
42527
6479
12153
47539
14550
47101
35181
26914
11501
4260
33529
23670
13269
8002
6083
4818
45146
13547
6884
3530
13682
23413
25043
13606
30588
48570
46324
38000
40813
13211
14888
41682
36397
37926
43534
5737
11776
40884
43327
24544
13121
24698
29511
20923
20681
28041
18231
13601
48701
47868
31920
41364
35573
41526
5234
31497
30593
28269
26314
8846
37910
37279
27834
11973
16806
18479
35314
17644
5070
45828
23316
7989
20513
6511
29901
10657
32017
29390
28096
6668
22117
27282
38972
1933
17054
6945
45894
5389
7228
50841
5593
32401
29542
3538
4009
15405
7287
19151
24008
11423
8027
35041
47728
35150
35240
48487
44679
47957
9330
2325
48440
12839
12911
49824
42053
17368
2937
6204
5210
5974
8033
49250
49774
59
40393
6370
32331
5160
38098
50944
41164
22759
45716
5390
17126
33893
37044
8734
23079
25234
21687
14658
18491
6254
11365
15650
38254
46986
6537
23945
36884
13777
325
44773
14939
40761
12162
5953
19650
9273
24661
21441
39083
41584
37188
3473
39259
17039
25344
35849
19995
28277
42765
46617
44591
20702
19221
49973
29331
28911
49355
2246
35862
15112
9434
19621
28582
40270
2950
21660
45483
35516
15418
39827
37608
14381
11096
31452
11827
31449
21672
32204
13662
7226
6592
9494
19862
45554
40169
37469
5569
27282
7194
46181
19245
11697
30750
4375
12923
19055
39576
22072
5138
6797
7607
18444
47463
45484
49996
34268
26346
23854
33240
40858
19477
15212
13251
9844
9789
10909
18111
32701
44227
5384
29811
34788
9972
32335
2491
42286
40900
36576
18661
1159
21842
1144
28158
17000
85
33054
21923
32293
50932
19258
44508
39663
32450
26112
32330
34753
50352
20237
32161
5777
4085
9245
26353
45861
31401
36198
44822
3110
23087
2636
12768
37334
1160
21394
30621
47778
1220
45306
23433
14188
26180
21265
31464
8863
6203
33722
33386
40239
8643
19797
26829
22485
39387
18972
30329
20277
45294
35058
14460
14460
49919
48920
33070
19481
44928
45110
39750
11518
1083
31698
17675
26203
38503
38439
30552
15591
29076
2509
44207
43788
13873
28449
7534
37622
34010
18042
31478
39840
16776
18887
17559
17204
11553
4464
34890
1388
34126
29671
41359
47217
37283
5595
19445
19391
30377
36593
11144
20043
10703
40510
28684
27778
37456
12838
50647
136
30085
49194
6709
44962
17811
44818
34101
22920
23743
21255
7841
43514
27158
49187
1763
17854
6898
10328
37178
17315
18102
23993
21828
2254
14138
50729
27429
35870
29698
34422
6990
12998
11496
16410
32233
1390
18403
22878
10313
22870
31647
33602
24894
35329
4419
29573
27613
30322
9018
17774
23
46261
15545
6909
18480
7668
38248
21865
33463
22404
33052
24423
22382
13244
34000
25307
22287
36530
11747
22087
14126
49498
17941
43261
29622
41051
37739
1402
14387
15928
21618
33505
40975
4592
45920
27072
39208
14786
13309
3843
30942
1344
145
47484
17890
38799
5640
10628
41586
47529
10440
29809
9138
13503
44971
14811
6444
7078
19288
43732
42664
45988
44603
50820
26742
6311
5653
16182
7784
38179
43118
21539
50605
43350
34494
31969
19768
4890
13196
13319
44959
30182
40302
18280
6784
38969
45711
38089
42045
36924
41422
9657
39304
4811
7243
39988
48786
49480
18308
45220
26372
43011
13054
37196
11505
18282
25408
28498
45915
17641
8096
14873
48290
10551
20425
42856
34131
4781
46964
18627
44317
37034
23107
27603
11359
9248
37485
26197
17268
34773
39179
31500
43137
39335
30017
39875
29269
1832
24441
8171
35215
38273
3433
15565
48710
10038
17596
2806
25481
7262
24206
16500
49007
27517
3337
47392
43400
25751
50421
1010
49411
48955
924
35355
3161
3058
31204
16812
22702
12699
34413
27753
29032
50941
49018
36129
9919
45536
23964
34340
3749
26808
33386
13481
4247
7983
21
20531
31825
1053
41872
39704
3473
12031
37365
50390
32657
17113
16162
27458
38231
10489
25386
40230
1354
13538
19615
16902
4755
12329
8470
31840
46435
14928
45115
29486
40787
22429
25859
25801
5461
13238
2521
30643
50658
39123
12840
30952
1949
30703
4095
35378
437
42444
41362
10760
14153
15315
32141
33251
46123
32117
15291
34261
29078
23329
36061
37198
16100
7571
9215
17356
18672
16140
25780
13942
33355
37388
50017
31165
226
9217
13927
27064
36612
9962
33138
32690
14505
26340
44279
458
43949
23096
28362
38847
33172
10472
15677
28878
27560
2404
13508
41897
50006
9846
10949
39358
25775
4782
10862
14193
24586
41754
39783
5775
5935
42941
12526
28080
43758
11370
42545
42704
13781
41158
29005
23914
8688
44872
48237
34345
17539
5686
45023
47117
34339
39749
6233
7686
4395
13676
49105
45529
6987
47670
31762
21892
1498
37210
1185
42838
32868
26089
27455
32648
1110
47147
28234
37587
23414
44350
28276
11797
28696
46228
19108
3915
31507
24887
42755
36220
4499
49092
16175
1215
41943
6330
15948
29586
5946
25845
30665
24353
34135
3283
18862
16559
35893
34939
1339
3068
17314
33789
23803
15555
49724
49521
28791
37079
4658
13960
42839
38122
7706
4553
36036
23985
29540
2745
22601
25822
16850
50802
7808
4907
39107
33686
6801
14049
24245
46873
17212
26811
41696
27065
11335
15194
21034
48123
20564
17901
35109
8730
22418
5508
2716
35670
40076
50498
42972
36015
2878
29452
3872
16613
5835
31778
31180
42230
19916
42649
47099
40011
8075
22107
10292
47039
21117
11348
41511
11012
13806
7905
6790
6532
47927
43095
32038
44465
33962
46973
22269
43377
49958
29752
12189
27170
4510
19761
34662
15950
44283
26996
2402
21091
4098
6040
1314
28402
33441
4606
18006
12121
9026
49640
30906
5271
8570
34551
3932
20836
43139
25337
22081
38555
44013
1109
311
32389
22444
8788
30053
378
6515
12798
50799
7966
2454
15566
27310
13886
8109
39627
19916
46782
38628
25212
21309
36417
5479
48176
7225
13292
47347
24807
33766
7623
15568
15800
38730
31017
21955
13623
32566
8935
10671
25578
14318
4736
5835
43137
25644
45400
21999
22393
47557
7695
3904
46371
49603
14374
35667
3117
25162
16773
23838
29300
38070
36348
12642
19508
19193
5100
40181
47999
7915
44032
5395
37094
31553
5062
3693
45862
28480
43916
20578
18385
35140
49464
13849
20976
35209
21833
43857
41379
3714
50731
15448
32221
6575
35139
41655
13230
17953
15456
32575
24774
41873
16010
39804
15763
21143
38122
27839
25208
38799
14652
21650
17906
48621
17301
22261
47831
30913
49926
18941
31717
35221
1306
43180
30173
11980
44210
16620
39442
27205
9058
27188
3298
35108
35672
47005
24592
29562
34160
17526
47002
15155
37015
30468
31614
19317
49058
44302
45796
32216
28242
3908
21456
18017
37406
45943
20248
5496
42629
13643
47188
34506
37831
11090
15974
19361
7822
14666
17159
18974
47862
11590
39754
50417
27102
14235
36850
11928
39723
35240
33908
13683
16752
3377
5824
8448
47939
21797
19050
28849
43046
7650
20431
18507
40937
49931
6790
1202
26161
37920
27524
31704
32535
30611
7436
33469
15047
38699
47889
38905
6779
2233
22537
5972
2548
36160
44689
44294
16837
21298
12239
29506
16092
23301
9680
23893
43085
44532
29518
23725
36548
45313
49020
27700
34607
2193
42642
6612
41926
49248
8032
41652
20552
22699
23505
18529
13787
16061
29462
10456
22047
5113
34699
19095
49432
49774
18874
33171
2247
44081
12946
8516
6204
21395
20715
36141
14281
30075
27345
21096
23365
37855
43163
8014
22300
32156
8471
44764
8904
30405
50108
34161
1615
19623
12155
26180
37392
49979
21602
44018
14114
23589
36190
21861
28868
8938
50893
25056
48379
32790
42838
45118
35859
34171
49197
29635
18708
48398
18911
24082
16872
3875
46134
6742
48855
23608
4481
23741
50464
40527
43468
43181
3788
11669
1967
8338
44544
6368
25021
11120
351
910
10564
29259
6473
10600
44411
30622
15717
16733
43333
41696
45838
47715
22761
33746
21604
15456
26227
19493
23090
10231
41139
8585
29200
15214
46904
33185
2909
17915
40680
5538
20002
599
39847
23473
20085
30099
13249
50380
49393
45159
7949
14801
41103
6313
25241
38266
22395
15459
35884
14322
34517
47197
13420
11994
3305
12745
10277
11812
5190
16422
49626
18161
24736
13292
11099
8606
14843
33191
5011
28672
24613
45102
15644
29136
17181
10314
15353
44490
17646
33444
41312
12367
722
34279
5019
46171
38589
50677
34010
3681
8936
29934
42870
46098
39453
24794
18924
10100
15206
23008
7964
29983
36725
28591
46877
44739
15447
25409
22942
44525
36954
29328
41268
43944
37975
15809
27155
23360
46758
22293
42355
39738
32734
1725
6193
27744
1325
32742
17166
43401
10514
35658
42504
16516
24556
10398
28347
32004
24966
26307
10796
30855
8523
9707
7730
48993
32568
49053
16977
12855
9458
44468
50524
6509
25820
39681
8374
49176
19812
48481
390
42439
7243
10098
34333
31548
50224
25367
28892
22777
37217
9026
1695
24662
32269
8481
12632
30654
17704
10665
4649
15825
24747
26879
22890
37341
103
9062
40099
15149
17022
12730
1598
47572
37383
41555
44509
20546
9988
43845
4843
23861
44233
14076
35970
41419
47843
35349
31496
49612
42811
44776
35302
47708
22966
33762
8320
30822
13610
33798
5338
29164
34199
35995
27260
9026
12439
33641
8452
24515
34387
15173
5269
36684
3860
38956
34233
28012
35443
30101
20128
47029
31709
17750
21605
37204
45423
2640
15305
18187
3762
1647
55
9785
15962
961
24051
35431
12329
15665
20656
13403
4243
24755
11212
27609
46157
39191
36450
4997
19535
8531
38987
20550
19964
42344
27066
44308
1338
5199
20411
14898
6418
24276
29391
13726
3381
46048
13551
7446
16488
29093
46099
43029
15526
31059
14742
28754
25721
47040
6639
19097
46669
26227
42302
38075
50737
21393
37024
35369
3683
2049
13330
22374
3286
41338
14462
50202
22570
20396
43181
7250
11977
47459
31265
27725
4209
4736
773
3818
24571
26331
9332
12317
41551
36267
34643
880
18
21981
492
43342
45445
20179
36032
33083
46219
10995
26992
18975
33407
33209
8271
43769
9695
48471
20327
13848
47521
6968
35463
5701
3840
39788
11847
11284
42915
10901
47536
49938
22458
19249
42442
22904
50790
35184
18698
35085
29628
45269
19616
50786
41950
27818
4379
37342
27294
26748
12521
15706
26880
2333
29023
48135
323
35312
7306
267
18539
49975
10751
2987
30638
36032
16069
44354
43120
34054
42093
8448
35214
25004
21555
36022
44628
8572
7196
31909
6851
42989
30987
50950
15947
43260
10810
1228
25944
10921
13889
19309
26524
43922
20710
13272
27889
38086
27730
15601
11265
20271
22252
10248
9628
31242
22476
12463
49301
11035
18830
11922
2938
18953
1264
37496
10590
11648
30130
7840
6676
36190
35537
23687
9018
42093
6440
22398
40136
14255
5036
4824
47859
46472
43083
38257
38803
5821
27208
18330
21805
8714
40205
2360
48157
25561
27789
49798
13188
16015
39564
27927
7426
42632
29822
30061
41081
35523
30177
6183
3053
5648
11569
44812
46627
34125
20758
12159
37453
17480
20107
39403
46304
48751
6717
35365
16618
8531
43102
1993
35931
39811
48637
17197
37383
44461
45868
20258
45229
26455
34230
21768
39895
46388
23323
23385
8198
24170
22001
21398
26065
12191
5160
13685
10010
18132
31066
36084
629
40666
36998
16175
48150
32081
3608
42846
24158
35480
5550
40330
3833
6246
38241
25422
31631
11559
1958
19898
42646
22162
34536
42722
38528
47247
48564
25253
40654
22518
21697
34137
48977
186
30562
18124
6224
23477
23545
9014
13019
36989
40689
3946
2483
32084
49200
25947
12412
44317
50967
18427
18464
34546
32136
15783
25025
7267
46923
1534
146
40889
47653
43888
32490
37616
29621
25044
49895
23906
7812
44801
40995
21241
12225
13126
17677
25557
4662
33149
34687
14011
12218
22921
21071
34374
12404
15601
21909
27727
10216
32125
17216
3968
25746
39685
69
36351
2436
26049
6957
11710
10133
31523
25177
43791
15441
39185
43189
49092
18663
38190
45950
17060
36771
25496
20809
45098
41528
13492
35194
28240
36857
48613
29846
24657
20900
27668
21053
34547
7275
7434
33367
17355
39665
3416
35306
33627
32246
14431
33813
31782
19903
21956
44252
8548
2437
37163
27009
22865
34232
32580
18275
21816
43103
49195
494
32238
26399
17729
30119
2281
18462
5329
27377
39070
31810
46877
6681
9969
41131
38493
15026
41543
29858
5881
28462
48816
15893
41071
14843
5297
46104
28702
44309
17237
27217
875
37053
39651
7199
2912
8046
45675
30960
32074
1727
40123
15638
41668
32170
29902
17134
46159
25201
13547
8221
49451
36175
4227
18830
25639
47418
16948
28660
41836
36187
45883
32377
216
42551
45190
45721
32390
27182
10415
16430
50650
23813
41317
1224
9794
16898
21437
17304
13016
35796
22693
34562
21389
31956
47177
31141
33024
48891
10607
19137
31115
23810
49540
39227
3694
4336
8554
48183
5637
32260
33705
22283
15332
29135
22673
45228
46747
18620
46242
18352
42085
45040
39003
28383
9458
11880
49279
43070
21901
5771
37149
16777
19879
36605
47974
11597
48642
20604
13146
10127
10002
13371
20539
2748
35765
12737
48971
23526
39828
1781
1674
24032
50489
5768
40511
7087
20608
38351
48543
45877
18043
16348
34948
43442
30901
37696
23652
20249
13456
43815
33155
15236
36249
14000
6851
50229
26497
207
27127
19019
20079
19960
41007
22117
28161
2106
50622
44526
9130
49686
48983
39525
1565
5619
20598
17063
25655
29968
21459
23587
31971
35933
4041
39826
48663
32694
3372
48082
7395
22204
39841
23661
21946
40354
27271
9410
21544
27361
29851
48880
49292
7968
24915
23586
11208
9220
16368
40068
44059
48480
30342
14025
43695
50537
32159
13510
27662
29961
29835
25094
7599
1790
2780
25026
33007
45941
4390
23932
19443
42000
30660
28161
3914
39450
24973
20762
5047
31427
9094
43949
39955
43133
44113
45965
31745
28833
47682
22762
32035
35102
29610
37973
12043
39503
40461
8509
21619
36984
36871
31967
35742
7309
14155
50998
29359
1207
46187
5967
42535
29244
2795
43615
41125
11570
8480
50083
45861
3583
63
34612
27387
5856
5023
48429
37576
32780
36352
48642
50043
1908
20157
1927
41876
28658
36477
5394
2601
27707
872
38502
47915
22371
37965
34124
33987
17739
27176
21760
4310
12353
38031
40286
15848
33804
46878
6424
18724
28065
19745
41293
30825
11288
8175
2151
24513
10869
29982
48416
30515
1915
28361
5266
14432
47611
19238
20746
67
23749
46315
24752
16929
39617
18721
20390
7359
5765
23657
10267
20155
2371
32851
37266
3323
8741
30478
3564
50578
37480
50122
11214
27361
44434
21072
26056
3098
19994
50075
5676
49319
22267
21616
1127
30345
49532
17632
6575
48693
45599
25054
2985
15256
18236
29244
32550
33716
30929
9416
45801
34314
29168
50052
9552
26679
29189
10011
45836
14364
36554
28599
48798
20165
1978
784
37384
45339
1166
47351
37798
324
16879
35112
13719
30952
1561
9238
5260
11679
17879
38488
48915
7918
2017
50177
488
22665
1367
19606
29809
11354
32721
29800
45276
21327
14173
28065
2192
33146
47203
19011
6773
38642
41200
2700
35105
20806
5413
2382
28119
22090
28052
31546
34054
25746
15231
24253
36875
31371
21621
39027
8468
2537
36657
39408
7243
30083
43456
12662
26251
22787
7999
14736
19905
50481
40143
35244
4138
19831
45710
49351
4157
3680
17091
18531
10381
13385
46518
4468
42774
31497
36345
6392
22017
11773
6855
6860
741
26612
6232
9259
16532
15985
49110
50697
48287
47519
21799
18502
18159
12415
1999
40135
43529
48892
3849
29822
47213
3824
25097
1393
37668
12431
16866
26608
50307
34745
1207
25512
11992
42574
16896
40645
17240
37281
44227
36292
32890
36287
22708
22590
28540
46121
49931
12920
11448
28820
16969
44071
13786
23962
16142
29433
17137
43401
20401
50287
6631
40362
42805
25119
39095
45564
27389
47094
35202
23215
17532
30739
29758
14396
1323
36638
13916
7609
32248
45087
36108
27507
29927
23171
5959
33276
6432
440
34217
46468
19124
34418
29009
46763
30981
21631
23926
7964
36762
29380
2575
43814
7508
10747
29223
38980
9455
50476
3292
39556
11576
43904
43907
25981
9280
15292
12793
18233
21090
9066
1088
25274
20871
25396
30812
32313
45611
29946
47601
17961
15035
10243
15387
35098
41174
39895
16826
37690
31309
1579
15392
22861
9856
12398
21711
50133
15239
41360
45396
19398
31761
40155
33282
41752
40181
36465
5589
33775
22179
6525
13724
20855
44661
43374
22042
14592
20023
22141
29425
22265
34328
18047
14659
27913
6988
14622
27310
11257
47880
891
7363
3694
10234
28350
23980
43474
15474
2814
47928
28474
28696
28835
2300
23410
47627
31681
18311
14148
44427
12335
16978
11127
11093
50389
22434
44324
28937
15573
43843
21908
43088
15079
22899
48414
48263
448
40177
2253
8003
36486
42352
46357
19976
35074
39275
15318
38466
17136
27231
34481
6511
4274
9191
40255
9271
13904
49960
12129
225
39388
30835
16186
15243
4498
42936
20273
23717
28725
11420
47203
17491
42653
16594
16437
33869
44244
39623
18767
45141
6535
41949
20723
14325
3298
41438
48965
26266
18708
9219
757
1072
1898
45264
22695
1828
12335
15525
25212
16584
18897
42404
46649
43718
28535
3913
36557
2693
11862
50515
32473
25177
23027
32830
24167
48658
28531
42322
4677
33443
41654
26348
48515
4980
39697
46943
8399
45895
39299
23879
35762
2524
20760
12138
31732
37257
41553
30851
44890
14898
2444
47755
30760
35920
30791
37878
38601
27977
18320
47488
45003
2877
4760
21194
23496
36120
38503
26637
50790
38336
38713
41738
50232
41285
38517
38211
28430
29984
46606
8249
38816
26057
32546
18531
5512
4921
42768
15104
5372
19416
29206
29562
29050
14980
47673
46439
14295
7488
41686
2725
19376
25772
6333
37737
32274
31198
38029
28220
11308
28389
37698
21082
28178
49038
33475
36664
12173
4845
17904
40105
5341
32706
16017
29990
26344
29117
31330
50456
1501
11495
20267
10259
13241
45599
6595
34345
49619
2653
10156
27815
41251
28782
11041
29008
25924
12661
18908
36524
39451
40291
9917
46413
20431
5170
28157
2110
10960
16740
18129
6913
32349
16562
28257
20139
4221
27836
38583
25557
44791
35533
4965
21210
43861
23639
26392
9848
3771
26490
17473
43045
19998
41412
49978
21336
4735
14302
50894
36072
45758
43755
16832
38277
6500
42798
34645
28937
49617
4303
35542
9051
6691
12209
13446
34368
7096
12675
45330
8622
9307
12697
28294
37918
30978
50814
32804
11053
43496
29872
5543
15639
37110
21176
40974
41377
47221
49677
24956
2586
3647
29892
12403
45260
7099
8518
30969
14117
38727
20238
19955
44149
48711
38581
47503
33771
28203
44780
50670
46848
32295
15390
37893
38184
13261
48239
37116
29136
39861
21164
28463
4488
46556
36704
23395
29807
16866
27753
39019
9949
14165
44365
28696
36090
2267
7884
46951
16
13677
20819
14532
26711
16592
3738
1116
35925
26477
33267
33792
19383
26799
15535
41917
4737
20516
3095
3481
29494
30861
30804
13376
32037
19584
16747
6420
6728
14901
41272
14707
24714
49597
14974
26778
3716
17934
16753
9383
36299
13243
37952
22469
49890
35264
38178
7561
30440
24716
31236
34177
50006
19007
39396
17339
10231
48154
17829
5011
4084
32742
7031
32287
9235
42757
12378
43381
48427
34877
22855
28380
49039
50131
34915
21967
30413
45332
44969
12030
44465
38710
3531
36495
7882
33077
45229
48042
12337
24305
21758
21602
26402
18725
34051
30022
16129
36122
754
10624
41618
40570
38632
18237
45156
43937
44551
38483
20979
25750
13048
50705
29760
49143
12249
14615
49896
13226
11971
27983
46478
9672
3058
26915
38741
21315
39489
4630
471
18097
48106
24991
20579
33289
21760
12999
7862
10921
49049
11948
9936
9338
28690
11542
25850
13844
15601
3742
36945
29635
20401
13247
12458
49715
22974
42324
39650
11167
14966
28393
33136
32660
48287
27574
32586
5989
14466
1286
31281
16368
4044
19590
11658
36805
10229
31176
25385
45343
2855
12279
16300
44243
23053
5701
15089
38453
26013
40257
13645
29906
32244
24012
4971
40153
43468
29346
29661
12922
9868
18245
7745
31064
8796
24293
45355
25267
40308
50509
15395
10901
29136
27487
48579
34535
19058
1639
34864
41260
34740
44020
13714
251
18695
23011
19985
47682
30254
4190
6534
2269
6368
2874
43347
42638
44246
35454
8088
5999
49242
28799
43067
27827
1143
32920
38915
16474
44787
12879
20777
17787
19838
24331
16148
3556
24133
36809
3879
45772
29808
46318
36097
16906
22468
20527
16849
35111
11109
49876
38588
25006
34660
28523
31101
25187
3841
16296
47151
26081
43461
40370
16370
25006
30591
15017
3711
14689
37353
49764
38818
10636
39046
29575
24283
16468
37746
48193
6081
14709
32390
38979
1092
18595
4414
14997
10429
50115
37137
18082
29740
19920
18733
13364
12286
12905
24988
14851
4473
31287
1823
42054
44469
18685
23477
34236
39200
16552
32088
25252
41926
1310
42820
2288
12708
10178
34900
47336
49207
8077
4996
15219
47806
42522
11645
47272
17681
12072
49368
21723
8860
37090
12842
1300
34596
14074
33232
20697
17868
15985
17248
44067
42444
2268
30051
42878
48071
20193
19115
24297
31288
44351
32540
20622
2017
11315
28922
48212
42391
9047
50624
1359
26621
24717
26496
10433
50267
23433
3748
20250
802
25756
15959
2939
43591
42397
18088
16569
33426
49129
18060
43820
33794
30500
24776
22407
8680
36360
25280
26762
1132
14154
47127
4443
39471
23892
31723
49539
36854
28212
32044
22564
28143
43604
15913
32944
49068
30219
27990
32853
42585
28689
49190
50973
12939
38479
47226
12546
34775
45605
12123
28583
49037
11917
31913
44617
22887
42092
6648
31540
49169
20041
2708
34730
46743
50326
10506
14966
41229
32780
6874
30143
35367
50043
36660
46304
11294
39214
37318
1356
9732
28581
27743
40487
10348
35492
8539
16919
9697
37289
21452
1673
45689
2235
31313
34128
15445
5037
1589
45673
32904
29730
31903
32290
21385
43331
48154
2072
32599
32388
2744
1952
34193
24860
42776
1309
42975
26275
9600
26304
30296
25486
12017
38750
24688
38773
19998
19803
50270
15150
6744
42388
18384
7507
27266
16074
8435
22806
23635
21410
32323
12708
7269
18002
39546
26135
33161
34054
28625
5454
17277
25144
3241
46688
35068
40854
17340
27973
32784
48174
29437
48605
28558
15260
9433
4657
20325
49668
43584
13855
1557
1362
30164
25556
11752
32686
36077
17282
26488
374
32022
44513
50781
11524
50592
19842
36489
2183
32184
6974
15994
6573
20759
22517
26130
43917
35247
25386
26535
39770
49445
24195
40994
38276
7960
4415
30086
5545
42524
39936
655
41321
24650
33088
533
12967
18392
43864
10611
23611
34816
43092
49872
42396
704
41490
32826
27771
38598
48065
13617
4723
26510
41070
20055
12708
31529
7377
18586
5166
30395
15998
30684
23251
45818
10776
8296
37333
7254
46400
20504
44815
35641
35707
3199
38136
5292
23585
47896
27569
22171
3962
22881
40824
43782
17027
30752
1213
36165
11670
2649
15722
45912
16815
22265
5831
2712
16939
37634
21427
41909
40844
45931
2063
11133
33591
47154
19988
9606
39246
9577
35077
11136
15416
12803
45039
27586
5758
35849
892
30879
43386
12214
18567
1181
19832
14627
20906
18962
45470
39031
6364
40555
49976
5199
37910
2538
35012
44718
24028
35139
6644
46073
16521
8627
2809
1258
37426
37502
38404
24766
34693
24179
2161
1789
2691
15174
13509
16846
26224
5003
49606
19333
33596
43770
39633
39330
41217
47171
28517
35950
6909
10102
24631
26940
27410
31631
38920
41210
27680
32181
36441
7627
13300
29070
5295
33691
2113
42585
8280
41302
41613
9895
27341
45141
17287
15454
17506
45222
30716
48228
12720
25175
10361
12868
37756
37894
37819
4248
10505
7104
44442
37756
42104
31900
48540
29410
50064
44731
30894
17552
23624
20695
3316
1242
35144
17301
35274
7636
46872
5496
41659
40497
13240
48043
15518
8785
12535
3019
35346
10722
30952
13247
27606
21606
41566
37181
42322
49853
28696
22234
47388
2959
7807
48557
26835
18560
22676
520
46856
3888
17446
37812
44610
1742
3298
29841
19800
1360
31139
24103
18177
31370
18633
12532
3759
35481
27998
33977
30794
20362
22259
23091
46761
18843
10801
48916
4276
2862
1507
8891
7117
15430
33689
7678
30316
37935
13984
46331
29673
4879
397
44726
6237
33690
4280
43217
6537
35030
45629
49878
10328
15381
42085
12202
25153
43144
30291
22159
47156
8870
37147
18497
37541
18025
46549
9386
374
43401
26423
40901
30167
47735
1392
29771
44449
27432
27225
15349
7665
50940
32150
11478
8728
1346
28050
9844
1342
8146
20321
23756
28470
40158
18654
25863
24157
34974
30989
26788
17380
7271
40739
37067
16366
4095
38897
32988
315
47079
29200
27162
29842
36469
37246
32343
39373
31901
12982
46940
31830
20260
22854
36413
32696
5025
5082
49544
19512
38840
30438
34440
10170
32388
5952
22754
32896
30137
5940
32435
16605
16051
48705
26308
30488
39942
1936
29315
3772
9347
22445
3799
35300
1627
29622
559
46580
16187
30633
24560
38642
19037
4075
12346
24492
22343
15810
39101
13515
50753
17203
20165
30596
33160
29288
32311
27520
46763
11449
24215
9105
42198
1427
50696
40557
2579
49127
26799
23511
43913
25353
45676
44576
47790
46448
22013
42229
3537
39789
49937
16922
50245
28085
34846
44436
43651
3745
27304
13444
4855
38149
19703
46528
34036
30517
42443
8603
40215
21090
28335
11565
19557
23404
22463
31253
35506
40058
14167
26890
22575
8254
37833
32025
20871
47244
36027
38217
12438
1120
24347
20970
22742
9582
15599
38060
4000
7981
38581
12028
49140
25197
4948
11889
50661
17304
20454
2853
38619
50141
32714
14111
21670
2967
38418
48493
37235
26740
9878
44238
5711
16737
14914
16454
14998
24995
40003
48755
19926
27040
14185
30348
21309
19804
40066
9657
15443
19800
300
21597
23902
4012
21724
20424
14840
39061
13031
31697
25751
37370
38339
26161
8825
8736
14028
22506
25737
20774
4295
40871
11298
19635
29612
9837
27391
34818
13925
3223
16397
19816
48205
34783
12502
34964
26359
32872
45027
13933
16636
9945
6357
37954
14392
14460
8168
42178
33250
6868
23836
8435
5286
12500
26913
44384
36081
18085
16942
23204
29160
35392
48798
26579
31014
49657
13080
42256
25768
4820
20218
33257
33614
37161
15545
37807
12672
24715
30784
27297
626
1831
10914
36304
29478
10848
25933
40452
11549
46439
12390
6766
2969
25775
7738
5519
12738
29623
28680
30533
33579
21736
377
20862
48624
19742
27473
15349
42031
28204
4133
23906
18784
6000
32488
27190
42889
31437
20844
4140
47603
20655
11074
11498
49347
50482
16006
50751
38757
40875
45218
24631
3108
9576
33036
42961
20591
48323
37431
28193
34864
33377
26627
27370
4382
43545
10258
36307
12757
24017
8793
27898
19111
37906
41262
44519
1249
48435
2020
45927
19852
45035
32129
39233
26823
21144
49152
47180
33870
35020
12463
16887
44961
42295
9879
39075
675
40728
40859
32771
11100
11349
43944
6260
27782
44691
6168
11263
2185
21431
37858
49619
19979
15250
48689
11255
41407
38403
8751
3069
7017
17766
35583
46858
28300
47186
37724
41650
22112
26689
14033
12209
36971
50520
27461
15596
35643
7590
19178
33558
189
2658
15555
9175
7525
4301
22960
2558
50842
27006
48959
25286
50613
6748
30889
1887
34078
23718
8734
39508
11067
42614
48269
21202
11998
42941
44204
10680
4562
50088
32257
38081
1546
24119
17331
19462
45238
30766
288
8385
3491
34237
10219
24381
10517
6314
43881
19481
49443
39750
32729
50539
20840
47125
6046
9713
19777
19535
40298
30594
8152
37884
44688
36516
44284
49636
21798
45622
41947
19195
42381
4893
21333
4820
20727
5549
36942
24205
2972
34557
35287
3800
33129
12437
15945
44625
50294
42875
31208
1259
33633
36632
33712
50574
25860
26210
543
7355
22440
6466
28879
30208
25757
17294
21318
10918
12935
30513
6307
15023
24710
2542
19158
50462
44026
16924
34229
11855
14881
17299
28975
33389
11671
28893
42799
24762
46225
45887
19015
48825
18726
38182
70
1967
33106
41143
36672
48392
6040
24263
26800
25614
32035
22433
19932
15124
729
6502
41605
46017
40093
11502
25970
8329
2879
16332
43000
21653
37762
11744
41832
42873
33546
47687
2613
25110
50408
8597
21760
34966
27652
38850
15890
2213
47190
46217
29605
31288
25617
5397
42039
44629
12932
45743
48213
32058
1341
26587
48464
49721
46564
5417
8838
41289
34530
29335
19343
27040
34597
40163
24250
15596
5217
16525
42668
8097
9948
24899
8789
300
10357
5551
42335
14943
50962
10091
36067
24989
23190
1877
20394
35405
19811
47813
40532
25715
34681
30579
48073
1161
49667
7661
31050
41382
24386
18222
36667
38229
36152
19947
14679
21518
19195
34399
30032
41441
50565
50846
22842
43814
25388
1166
22058
49090
17794
7337
2160
18940
7763
16279
46318
6166
29006
45681
15684
38807
6715
11552
37746
5477
8152
35044
10081
22936
17543
15520
17006
18209
41191
32131
11612
41761
42269
33402
5949
3254
25110
45216
31540
7160
3676
44959
28458
19218
44508
30112
40788
20116
47448
48799
45397
50701
44789
24154
8901
28782
28811
27960
3358
41906
14332
32014
48094
19489
9363
34828
14862
35956
2659
22223
30862
27227
9209
28535
23802
9009
31431
21257
42862
44185
10437
2135
38345
6706
50582
23298
7001
6638
13972
3706
39635
38952
48489
628
28964
15508
44820
25506
12833
29240
108
30145
42272
13872
17964
48412
12026
6528
48995
50765
45213
35178
18391
43532
17633
40191
11213
26288
43215
45514
46119
32434
14529
47336
10850
15873
41170
39708
25283
19367
12827
21487
1462
8707
31263
33380
963
15216
25516
3770
43134
1563
34791
16994
18312
47841
11418
45552
35807
32879
19084
35815
47863
24467
4501
9685
18563
29176
6636
21478
708
33535
152
11964
25909
1592
12615
36011
23937
11256
42558
18331
40673
9197
50334
10687
42862
22220
18711
21866
45575
25123
5756
12905
10272
34299
11634
5483
32887
36077
26126
44157
41476
44606
1923
45035
44012
39157
9596
36689
50722
12449
32252
14887
27627
33575
34119
23299
50020
37184
50365
2552
29834
9546
15075
31500
5294
39733
30477
30383
15827
16222
15628
439
26197
50176
14736
36680
776
19301
17090
40497
34866
24189
42977
43555
37446
14614
45727
41506
1966
22489
7007
27262
45804
33925
33181
7131
7533
31477
22297
12955
42531
36284
39602
41814
27933
42401
37963
49744
4165
33325
12557
26569
29981
18473
3353
2194
31367
2789
8752
48218
39152
2403
6625
17464
47425
6626
17718
13323
2050
37119
36379
5710
42098
2845
2915
27191
18527
28917
49793
13774
37438
22353
21921
20003
36496
18482
30337
1536
33738
6601
1487
47661
17407
9267
14752
22307
21252
4221
28905
9192
5807
23199
27846
10729
39989
34901
24477
32038
2279
9904
37894
7070
12000
31740
45361
3012
37614
17946
17460
1849
45658
28126
29544
34393
40765
20163
33183
26346
29017
36137
35684
44814
4370
37665
9062
1634
28839
27319
14258
11990
37921
47526
45877
5381
38303
9234
41723
13799
24378
43391
33911
16594
43140
34647
5207
10312
10912
46048
38818
8089
35790
20547
42257
3608
20022
8961
50560
7923
8230
13584
7368
7805
33817
15851
46034
35214
37022
14584
39305
26778
39482
26803
1460
48910
35227
23264
9560
16358
15659
35398
31222
50644
15573
26391
40414
21900
17487
75
25599
25771
5267
42948
31865
41421
25100
15628
38761
9277
27290
21602
30513
27407
25937
25180
36122
18929
42156
19286
13806
24289
1906
41497
5358
26408
22155
39287
597
39788
11833
48459
15664
6363
13717
25701
46274
3851
31508
8243
39831
1462
46030
9915
32405
48019
492
22149
12059
24440
18603
41245
9719
11299
50105
24597
4103
6040
11323
44586
21403
36085
36032
42333
41013
7937
44886
37506
29727
12050
18111
7949
2128
16030
43223
6176
33106
36674
12149
27761
16283
9318
25028
24048
36221
18785
4869
39479
5412
13129
23458
17946
29884
41490
42833
46661
30397
12768
14819
17061
23732
