50068
47888
4313
39189
23114
38954
67181
3881
5797
54542
28972
35368
67226
47381
56591
52466
67525
66414
25736
48250
6101
12131
6591
6414
37136
25627
28007
21041
46622
9691
36508
54382
148
23133
55212
61400
67984
3450
68191
41836
59956
57659
2772
60656
6545
56467
21313
20613
2377
35177
19998
10727
42033
37146
46303
43813
59193
42603
6468
66484
27266
30691
24695
18678
54963
36191
50970
68936
1079
11856
61274
20049
25302
38991
48252
38277
19631
2560
38410
6138
57751
38068
56921
58075
31272
41992
42611
17535
5097
51867
66860
61254
29102
34717
58163
45106
52212
20347
67343
20304
12531
59976
69075
13610
58056
5765
38871
56493
15486
14424
48973
24789
49161
38562
47773
1545
6574
2771
18597
16057
14042
63712
57009
19092
38654
46308
547
10542
65796
34373
28895
55470
13272
26637
24093
53557
54622
46722
25219
29946
47916
14919
69814
16739
50459
17784
28510
54206
42800
59077
1508
31286
50777
48190
19736
39625
40558
9717
48627
30366
5606
6000
11461
1524
18035
5165
20548
45917
37427
13297
47867
69257
40244
305
42242
14455
15075
62722
67808
2486
37512
67267
7465
6834
69242
14832
52789
35027
33459
54202
44656
247
68567
6521
69551
40967
62126
20779
7997
3846
70772
15998
36850
11310
68018
27690
56517
3597
20426
13019
6294
7869
41620
35674
40971
60770
29720
42530
28148
41572
3575
64552
55461
9716
61339
70931
57576
68866
51919
68195
35820
33677
36028
8767
18374
53301
70074
45022
54642
54986
10791
24575
28990
65159
48175
31820
62603
23656
46312
40201
66817
60745
24824
20539
45022
53041
52397
16499
24187
52979
705
50209
62587
65237
2257
47750
70377
50073
46992
32930
33597
44113
3692
595
20778
60375
65677
30943
6391
3075
50973
27649
21392
4261
14145
68007
15176
60722
20130
14284
13981
58692
38208
17609
32713
11194
65060
27543
34976
39567
24040
6344
28555
67318
7334
10035
58367
48035
57074
17509
14906
50836
31524
38469
51061
38286
4494
63248
2327
10508
50534
5435
69659
17394
60168
27704
14567
8025
268
56143
63231
17203
5327
27549
10071
37157
11673
16738
21002
63469
21266
63748
13617
39568
70225
12081
45547
39606
19691
2250
64157
3218
44348
11620
14607
28089
57342
19360
2995
20596
36091
41825
45914
51081
12144
59733
41429
9323
62768
11141
18773
47009
47825
21359
52911
44348
50968
35043
52024
69906
40524
12698
14832
27384
27553
36346
3942
66717
13164
16254
31592
25785
56630
7794
54717
19172
22647
10076
65554
27331
20480
37903
28741
66973
15588
7753
7841
29164
1796
39188
12262
34222
70526
23026
37900
62163
41897
62177
3972
50201
1480
27742
55675
56300
11688
7830
7220
59161
32656
40159
40721
23649
3148
22405
46190
50803
29038
61424
26666
1498
51874
26355
41866
55846
25427
6287
36852
46358
35895
45558
21245
35851
47877
47292
38311
42943
17878
7576
57075
55036
16975
16920
43599
36834
561
61986
48212
46072
36859
5375
36286
41380
12949
69225
1689
69893
25161
61534
21812
8013
46272
9165
43061
13765
32255
49372
20857
31736
52316
5828
49526
49737
47128
13572
45567
24217
67203
17827
9499
60640
9759
42906
50234
70085
30154
23277
54973
28248
30595
39489
32937
6765
22832
60049
51639
9851
46946
67475
5444
21362
64030
50055
20624
66796
8376
38896
47885
25898
3902
16443
69038
59615
29742
69644
64217
42841
41005
42920
55387
31947
23181
149
18518
59464
52514
7902
69457
49427
67194
39131
52212
16642
68255
12565
45783
6032
5850
190
67846
30993
27701
56063
3315
2768
67780
37227
63504
24413
2497
46617
9431
28402
63268
19319
11112
20972
31123
28689
29942
5831
43523
32897
12830
21626
38723
7017
32949
13242
31802
66316
2789
17483
7133
43266
56188
57624
28342
10394
61098
48867
43531
21074
62084
21305
21674
28833
10890
68349
52311
21822
16689
756
68594
13722
26661
34904
29912
14824
34783
37054
20732
21684
21439
48907
57953
17561
11911
17427
50318
14565
35163
22282
54895
37767
12480
23483
40301
52257
61128
5437
15217
31168
43631
50998
7242
23944
33502
56752
44336
27541
62626
960
388
50044
15991
66533
60502
25223
32358
31189
62754
21296
38424
30979
38929
43957
38758
25029
46687
12969
64583
40090
55254
51548
26837
977
53823
9792
48964
26676
59216
3260
11112
14515
8886
47102
42818
56853
39712
56313
20990
42434
41437
43103
29924
18004
21100
57559
13113
58971
14438
9135
24690
26375
51138
11765
42149
14976
59981
63919
5556
39162
46483
1235
60934
46885
591
44464
54571
38904
69626
39715
23787
6093
34531
29222
3116
7128
10444
66330
25215
17089
58189
36302
8782
2537
62176
48072
64460
41857
56072
64319
2632
63805
10158
24203
20544
47088
16337
66533
35662
19377
30145
8056
44617
4675
961
66089
30843
67739
55031
10794
10458
24162
50609
52937
3830
45938
54397
67280
46990
34022
57660
13294
32583
68410
34309
38547
33297
5537
39954
52600
14792
68389
5817
18189
45172
5768
40409
59052
39469
11378
26991
39482
37056
46900
67532
25894
62614
2944
42284
43546
48975
44620
18726
39551
27642
18715
47955
57957
64711
19443
12829
63087
18740
44558
57909
28957
68928
33872
27313
38507
67495
70631
34464
67327
70203
26817
17779
52864
57603
28007
34411
66097
47531
68166
45889
70645
39183
50030
7277
13821
61581
50404
13718
36317
46022
42818
34418
49172
53897
1214
44004
210
58373
50552
31224
67660
57728
64501
65403
56002
63424
2873
39267
20746
10109
41361
49344
38214
9578
1663
43879
8424
28438
5150
29009
42853
51995
67164
31356
47935
16882
6248
5662
15421
12641
64913
52801
4717
61635
25902
59727
32306
26938
30948
52291
15937
6947
14962
27873
37132
33166
27792
1468
18729
11704
6294
12171
18965
43695
34617
41606
28458
50881
24776
13011
16408
65785
65093
58647
55288
53256
53222
41411
52451
66308
8347
15253
70337
33751
23731
56504
6637
30463
56495
2777
52349
1581
44776
48710
33352
42900
33420
22373
23472
37744
51115
3935
30711
20465
31215
27744
28438
56763
36546
5011
53033
21562
2531
4734
46742
33215
21152
20951
3964
36234
59263
67954
21264
43706
35303
46968
33002
53049
8321
37901
24310
7933
22180
7670
18543
27484
1638
69405
14222
62583
59846
44803
51976
25265
63038
1849
2805
35933
26871
13011
52484
8322
3028
35138
33245
1780
17256
66308
51311
1071
924
41009
8863
2122
67665
18029
52650
12766
20611
41429
35105
22826
3478
24272
32988
40677
5858
16636
6258
3150
54482
11025
68939
419
61107
6270
43584
44597
48584
12718
1219
19620
30122
48790
8288
66068
28492
60847
48373
57308
12948
70322
57142
25366
68934
693
40184
46560
49490
5872
47256
1502
57926
44812
20996
33706
29335
65785
50918
56826
13288
59234
20890
30739
48653
63008
26741
30511
63490
22463
13460
55433
19692
11689
33159
34481
67745
67085
48058
24648
58403
38860
1683
8585
47303
52808
39555
66482
11956
43969
25187
40535
10839
8181
30128
41753
19100
30066
33112
28039
11326
62723
26188
60081
59959
26110
21688
41197
42220
9430
6725
42993
63776
44450
63816
50931
11513
28729
34548
17264
28295
63064
59986
25295
19760
35697
70393
8953
12648
7793
37264
32456
34790
8007
39663
47993
69378
58652
566
28895
4923
13027
34349
70974
30229
53919
58243
7696
62855
56195
9963
63575
19938
28154
9576
46856
53678
22268
69369
59320
36591
69329
8015
62886
20332
39597
37011
35389
67992
25936
40268
28924
50873
30473
4662
67491
48654
25094
20607
13516
51102
63659
7124
70796
56707
5468
5704
7037
53670
16833
50964
30521
61892
41181
34465
49789
47365
23506
11922
56375
50581
25182
12679
9110
69068
40354
45013
50333
23736
56028
65553
30483
56994
54979
55251
42818
20134
7970
51959
63489
24764
33420
18974
61704
46651
25738
45891
64880
21173
65451
34146
13317
69926
61865
13779
47642
56550
48580
19932
11503
16998
37925
31676
17656
53151
5321
33052
22053
53317
65488
53472
66330
50739
57545
19419
41274
16825
47948
5209
34445
55464
26987
69749
64227
60541
47654
55819
2899
13748
22945
50808
44781
67708
16908
30661
17033
352
55400
36227
34490
9758
2961
60152
39690
1512
59836
36599
69346
36545
42806
51718
47606
54241
35334
62801
47764
15825
8488
30179
53895
35234
32039
3429
36060
66423
48806
61791
55232
33827
70628
16188
70564
5101
53578
23082
47494
25800
42129
67822
26301
22695
13957
70062
5585
44133
61064
56640
30908
29203
49516
3897
26665
33875
14513
10407
44040
27753
51959
34055
14586
3890
29681
12931
22023
39260
44030
47635
56394
8309
1325
67556
31254
17087
36508
7527
44432
6464
64293
61512
36648
49696
31950
6686
437
51524
55563
51346
13459
8648
41154
26145
12708
45610
44723
32588
9608
47169
18770
35399
70634
6339
68939
51790
60386
19302
57904
7434
49640
16950
6162
33195
59579
69485
37298
62176
174
43449
8962
52427
54747
35600
4589
65120
41456
6230
57407
4483
27723
66031
21626
1336
33426
24376
35303
36926
10723
27607
57661
13701
14413
62435
39337
58887
60986
8646
63347
46987
11009
53542
53520
2844
37740
31547
55249
54728
7683
8732
471
57164
50923
34178
38418
9189
662
5550
24589
50241
42952
67766
5975
60324
41795
40898
66400
50783
20368
31485
64285
25482
2867
23327
25475
22258
929
18471
29973
57558
45025
50038
26233
56827
7340
60215
1877
55272
9322
65226
59521
63116
20266
3112
19913
68130
70886
6504
9546
37614
1745
63048
39278
38498
8990
62743
58766
19098
16782
70975
37219
32862
56173
43417
28560
33533
55090
57409
11736
14165
58570
54160
30391
67233
59791
42503
408
60524
10674
47569
16987
52538
64634
38866
20712
13966
20535
35436
19701
45574
55480
13264
27743
18491
40845
13473
12736
47108
50506
9244
13006
11745
70361
21243
8652
37445
39267
18721
52479
9621
5898
19681
12799
50974
46982
29583
40720
53699
24122
13352
70996
65851
15130
3109
28766
51689
62988
61441
7926
17845
46184
7348
44020
25752
50981
5009
60683
21181
2481
55466
47683
49250
28292
64571
18635
10446
62018
34236
14609
60661
14691
11367
48663
66334
52457
59746
21980
36997
8461
38207
28060
43829
35839
15638
50182
20813
53976
15124
68376
41883
35029
24068
6720
51583
7386
61548
49121
42726
33521
37883
63864
63326
61854
4351
20403
4289
67504
53987
60685
10883
65830
53845
19384
26406
18571
46245
311
20597
25543
70297
61543
58813
27172
50645
49858
14279
68514
25144
33831
30922
52119
5067
11169
21309
68775
41770
66826
46466
57627
43797
11484
49390
3625
2536
34124
67109
656
25957
13164
39715
36550
172
7196
25693
6905
61257
13460
6614
67262
37395
40584
25389
34729
65797
24999
26828
28193
5333
53610
5819
15391
7082
32518
42667
39555
64371
118
11439
34379
20275
22785
24164
6714
49336
56891
57033
59296
6082
978
56881
30179
44505
28320
3309
45778
17247
9423
40391
5458
31764
64126
45402
3399
43897
38071
33877
45297
47276
35857
31670
34744
25666
22033
41811
45653
37914
3057
55515
69926
42974
32866
6308
51581
4845
61363
33309
47151
28804
55229
22731
69164
29075
43634
47658
4496
47667
4786
34697
41989
24301
24546
1120
22298
46806
5001
37773
38212
52326
9680
33529
12887
69896
9190
14250
48848
60580
35197
16345
59579
59120
9724
62244
55509
17213
48562
2174
54789
5486
28836
68658
6444
40867
35227
66671
56005
61723
8253
17133
42010
47632
36926
36134
10349
68332
66411
54367
22400
13274
40930
61869
19922
34104
70937
46277
25543
41560
10218
35196
28098
50205
16880
9557
27817
1066
38626
31225
24638
24446
11008
23608
17093
21340
61166
13277
66638
43879
23028
25960
30937
30531
11031
68830
49897
13270
4304
3443
23031
59206
15351
1887
22524
24868
50980
3525
24106
59925
61297
58352
50400
20274
57279
66201
31272
39445
53940
21916
70462
50564
35278
45641
50415
17618
38639
28974
65283
70912
58868
41905
29433
971
64212
52114
7734
5543
68410
29111
20882
6610
7550
45282
59127
34187
25174
36749
28622
53753
28684
3918
58112
42591
22405
22813
63342
42013
32318
15562
63341
41274
7338
36507
34561
54909
62692
66227
57541
33619
37726
23375
62077
58523
8732
50514
69016
12654
8448
54808
37157
67610
5219
35871
69712
58925
332
1953
13753
27446
8272
60030
16650
42727
28878
65119
3939
7598
37261
29461
37324
9483
70269
68584
60838
24181
13879
12747
1742
277
25114
58541
47167
57220
61283
48378
83
39128
36912
36176
10158
56409
1185
14894
37215
68122
17811
43462
32019
66876
68507
20820
37207
54796
70435
9334
10490
2972
67380
8979
15942
20310
37056
70840
61985
11541
52722
70613
20228
8566
50165
47015
39975
48460
10861
33070
39470
69738
23838
39390
37101
32352
4240
23052
11379
24497
30572
326
64974
2811
41405
33741
43379
64485
41997
66446
49656
10935
58491
14947
15456
54099
27150
14945
19369
12089
27969
21787
47838
15744
41571
14659
51276
18369
27617
22208
38404
20517
60403
40100
37924
29279
2008
35140
26401
58580
32830
53003
51006
70231
69946
4896
20530
47377
32888
48195
12448
62694
24176
67503
55712
32922
62749
33961
15150
22146
45707
33374
37604
54415
49428
9427
67697
52580
64872
56878
13509
42793
29295
19058
44592
19313
32307
12496
63382
11862
35799
37824
57801
55405
57094
48831
31187
6251
27313
43866
44453
31902
3665
43737
51457
55464
3685
10183
43569
18758
51600
15710
68915
8544
30371
25815
39857
37041
16067
3287
10225
58917
20598
43085
21582
67074
39191
42352
61488
10039
36339
47213
40975
45586
50695
42701
38631
21678
52408
36357
2936
22737
54847
11296
40621
39547
56263
40663
34279
32538
49852
47785
43870
62683
59714
31997
53571
49067
45879
23540
21981
987
21406
7860
6846
8626
67169
38710
54513
1228
9482
34185
35802
65544
22974
58088
47849
2216
23262
56454
2965
70105
65588
52042
62434
4731
32750
68205
21206
9906
38866
58944
40533
41138
66535
44187
22439
69825
39163
21928
14203
39495
60902
5646
23043
7025
5674
12658
62811
37322
8630
42431
127
15370
36590
6270
46968
39441
68232
30345
8282
7732
42077
22897
43205
65952
7217
68151
56750
64749
60505
56039
55586
27929
31081
38161
54478
61846
3952
59474
35350
68285
12632
55335
9824
28489
15773
12201
41828
40217
65394
44452
58395
15557
32442
2865
23896
41082
2946
69300
29079
26432
9312
30272
41217
14320
58351
23461
23665
1219
38227
6596
34934
40542
3083
40561
15285
49162
11392
45879
39787
2015
61792
40530
6292
58441
17727
14710
34723
19267
49891
21645
21270
31103
60259
4285
50996
25799
9771
66015
44086
67582
15750
63228
46584
46776
25033
42610
47331
56472
64528
51580
11768
31416
36775
39808
45370
63411
60279
16282
65593
70879
4563
8270
49303
41118
1694
70059
48544
50787
3083
47107
42883
45449
10679
37302
52135
29175
61487
34182
8132
48600
22938
53941
54328
39767
63363
62746
33674
33840
43758
48043
70918
25530
20964
6132
56853
40792
26669
24830
41769
12623
22960
39747
50810
28401
60682
49806
66680
42256
63937
47447
6781
70526
30483
50860
43166
52353
2696
58139
33446
8788
7144
32611
62823
64088
61899
47019
35798
64379
44812
714
38897
9655
58769
2374
7904
14906
20385
59440
51174
40173
2306
31084
26138
31790
20958
49782
60622
43745
61537
56680
32427
9043
61666
56744
67487
56758
18315
2998
31740
19121
25695
51748
36182
31143
28560
39374
33913
65904
32066
17128
47797
28436
29735
27943
48135
33131
51871
61231
9909
16938
22291
61612
29461
69369
5766
62725
6395
17920
38386
16010
27373
57102
33115
59430
49772
64380
30033
29863
36729
822
5823
55506
31018
59401
28587
23500
43064
23115
50562
23540
39030
51099
11185
21028
11848
45265
66938
58701
7901
33864
45849
35666
48619
67472
30514
15685
3182
68328
21930
590
17868
44833
36702
47507
70056
7742
70355
27520
45081
34224
63731
21367
27086
61605
9561
52723
65544
55880
28297
4790
23172
65812
52927
36491
42723
2682
35602
20214
29544
36426
28141
8271
33614
39821
9002
52325
29756
5193
42563
21847
19469
49366
7142
10229
57560
43358
16028
40694
5273
8674
49615
39603
49730
6823
52790
18888
66546
69175
44886
34723
26975
50251
2494
21573
54971
13718
12367
59485
26913
51549
31142
33484
47586
5835
8200
47003
42640
25977
33977
69840
24375
9755
50800
10304
49675
3469
68419
50550
34210
66148
59106
61145
19830
14009
21723
57828
34854
42016
70233
52287
34307
19407
11401
4435
19971
14913
35292
62139
51339
15667
762
55014
12973
68150
9241
553
49923
2923
11665
37424
59775
9981
38235
59085
38210
36935
14750
52225
49349
29590
58701
25592
8727
59817
45352
34722
37027
25774
31357
31971
36125
39270
38836
29755
1769
11048
8132
1105
25351
26099
70533
50179
3447
47109
46427
38545
5110
52049
49995
1008
26890
26589
2357
4506
55216
69913
36743
66746
51927
61652
26578
46909
50760
32992
62506
38948
38317
25549
27783
46414
17315
3164
20187
61339
3509
19977
7248
34707
47582
66004
35463
13636
65347
57505
28231
52298
32259
58859
28153
14249
7267
40679
62932
52903
44770
10604
44393
51757
34470
25457
20197
61883
594
68735
2414
60211
52149
26654
20676
61405
15671
53219
12958
35250
70266
4958
57694
12045
9483
37065
19274
60259
67580
10165
9232
2211
41183
23783
63109
63721
4600
35696
10226
70012
19376
65274
15819
57023
41954
28189
25261
54181
47116
1354
59212
29261
53652
34735
26142
38597
60004
58849
62536
51035
66372
54584
21970
68959
69826
28468
70393
42244
63208
23117
1466
1717
55242
20000
58582
3556
10354
7221
56942
22678
20946
63181
140
7138
19037
65529
18739
45544
52883
17774
38333
34550
60263
12093
9751
67005
21791
40351
24714
7483
13032
16877
14609
25778
4539
7693
63370
47854
56487
25905
12260
50203
3076
7385
64587
3260
44969
45464
63066
67248
23331
5013
27309
55015
63987
38088
9074
68187
58099
1852
28324
46090
24717
12556
20004
57055
60831
29142
60452
12264
10742
17980
62809
58994
59334
54169
18621
22544
9372
18208
51645
52163
27977
29688
61414
62651
39259
53061
43463
45580
69881
61760
32539
33540
1626
59550
54797
49592
37483
38005
25440
3798
2596
49803
58618
43990
32421
68737
3077
37801
8914
3101
31378
54123
9880
52717
62426
37798
4755
19855
6242
42428
47765
33654
7770
17373
53861
7854
4458
36489
33514
1384
25825
53285
18579
65170
43252
19370
69772
50934
46600
49740
10487
1402
54444
69550
35900
22856
30541
52970
10886
10979
20655
23150
53540
31570
36373
25427
65777
5713
66286
66958
23985
2099
53780
52897
37216
10868
8578
42492
32712
47755
57689
37461
3158
64852
41519
59223
64874
65779
63797
33798
57162
57557
42635
18960
34794
16872
18250
55215
70241
36124
23669
49796
47131
55785
49821
17709
24959
68599
13928
57695
65268
12612
54245
5663
2365
29463
39999
59201
17549
54428
60364
44772
33993
1745
29560
44613
6409
7717
45779
21015
54971
61792
37907
62853
43676
4182
56383
24286
65443
58989
59978
12047
43869
46989
1656
47518
41558
21215
34056
51546
50402
60030
68798
7120
34312
53786
9132
25769
20872
34892
53340
23687
6785
25252
2077
52646
62657
29406
31191
29647
29634
34627
26188
22424
27053
2387
30790
42551
50166
23280
42999
64549
67844
24741
35937
47383
31355
56070
20658
29376
26888
31377
47115
29067
8888
14186
21757
54539
48014
37005
37609
41965
19103
64876
36443
33117
65011
32249
69586
9182
21066
38669
54238
16342
58848
48206
43910
30221
69071
20639
28678
26126
66359
55153
986
9877
61829
15151
8153
69417
45453
68352
6544
47699
47325
36374
54305
21780
33592
25643
67553
56982
64772
58483
68491
18256
44201
20900
68348
24389
14045
30354
10244
44582
5073
18911
12613
46564
64186
63975
25020
68594
60268
43114
70689
40942
33634
65715
48884
16008
70042
61926
23342
52539
25089
58398
14881
48505
67995
30635
31157
22316
15004
10746
31776
69974
45392
18959
18906
58514
66884
36678
32394
48371
69887
16415
26664
4962
46424
5232
28903
35685
3909
30748
20806
3387
46477
49457
25756
33076
66099
26384
48382
61365
62119
37637
3799
51065
9731
30662
20770
25683
30175
15592
11479
68785
41969
15188
43792
50122
25076
57553
43678
24895
46316
7107
32021
48831
10524
50402
67985
41837
62044
26245
50051
42756
41298
53333
45788
24339
26955
59030
44564
35964
14302
12000
18223
40758
54702
32988
38670
58722
70426
4306
35062
10426
13123
4327
48086
15613
31249
24835
4146
40264
44546
42400
21503
4303
42344
66055
49138
26561
6822
29725
44410
60008
14839
14459
50463
66271
13067
13171
13997
36975
53894
58254
28937
19602
54743
21194
65950
18113
13642
7097
22261
4673
14426
19133
58727
3375
60575
41127
64063
17941
39216
29319
2921
66036
19109
15805
39106
11057
36523
25830
37514
46125
61924
27930
17629
29356
26547
52274
30361
54566
59250
50976
57356
54372
66120
1670
17510
61763
24121
9856
44255
56612
59947
53278
44197
5324
61467
10434
43179
3774
33907
60440
50833
40015
34728
51938
57508
64514
63875
55427
40195
10057
40892
11307
7573
7077
406
16449
59250
41685
66284
29832
60068
38018
15366
51904
52465
65043
21135
6381
36624
60604
56045
47157
27558
63617
63046
18810
23036
62201
11044
24503
65039
56646
24021
1231
43627
15840
37138
23362
25996
26529
23682
7089
65235
59075
57282
50760
66762
64950
57067
60211
58188
51486
14104
9697
13836
21472
38042
42701
36072
26229
1602
18436
69785
23439
53370
42929
60530
7889
11424
21443
67979
29044
12992
45624
60281
11123
64189
1875
20787
44832
5196
42704
60180
51311
32014
37288
5592
19272
13383
13305
2492
19826
16119
30781
3255
33451
40133
3714
57839
63796
6755
33234
47417
28177
56186
18144
23689
26255
63667
46379
46210
47525
51710
13408
48914
21117
41507
69727
7797
44708
62459
60824
54317
39189
6402
45486
35995
55820
61795
20857
52452
41389
22759
64058
52403
23685
56708
56095
61255
65825
16374
27750
68200
11675
12885
42398
48780
51522
64587
69506
20296
26113
48312
6927
45381
45072
62228
39004
39945
52158
52488
41273
32647
68993
49785
28215
24428
30316
31154
47511
56839
41414
20661
57527
52660
30947
51421
18736
37884
7988
57491
23467
9909
29418
7476
48425
7506
17616
8107
10202
10039
67150
66048
44069
47547
226
47756
41614
69569
18353
17592
35277
4229
19026
40849
63243
7376
65532
34626
42536
62320
57206
16495
13872
57792
69964
56225
20620
66519
44042
36154
62508
29719
24752
17847
17786
54644
57021
66325
42314
26134
6328
7921
15549
16069
15498
18400
70757
66873
2847
27456
58851
56475
44548
17449
64820
67484
8458
58324
51794
59240
5208
6446
34094
23933
2575
17376
34428
8646
61550
1719
60287
17207
65206
1747
49707
56420
19736
40678
36393
29546
58651
48347
20588
18850
20225
38632
4323
20453
38545
22193
10784
66433
21063
49850
51165
68103
33759
19961
42078
45725
51722
28814
11665
10951
13031
29712
24770
43141
49818
40182
22371
43081
53593
54958
22113
623
5987
909
43610
58273
51932
11268
9162
59846
16012
68571
60060
5615
49677
15461
4237
39854
53179
12847
70797
11218
14638
50870
12567
9219
62266
29924
65264
50615
59064
9007
21236
5671
58525
70574
57963
12402
37960
2377
67915
4739
44801
42172
70279
11593
6773
33919
5222
34723
63982
3477
33678
19270
55943
50159
62734
50316
39598
30549
31523
47027
25594
47064
62962
23447
17883
25439
45685
21365
35840
57179
40913
34797
55588
66073
68675
38378
12642
30740
27578
12866
47792
64717
41416
4037
56944
44808
63395
11140
232
34964
36904
55479
363
2390
22255
25842
13465
20411
217
61197
3393
14400
51862
52007
42095
23415
4747
31614
15305
68161
69032
42950
67915
15506
9848
16556
47826
42957
28857
39461
45486
3293
35036
61272
70936
9086
25446
62028
16043
60110
36173
50271
18639
45067
33591
39149
5600
1449
33571
20417
40437
39304
37739
13387
22325
67744
29297
28942
62020
34738
28990
28596
8818
36525
42513
21369
29669
66570
34853
33281
41477
55484
70116
56335
43293
2935
65639
27899
21601
4356
13127
37910
46779
8238
39606
27301
16536
8324
56135
6184
37775
7803
49428
33822
47922
47776
64622
26167
59997
47791
7366
61965
56267
25114
5170
12112
1471
26178
9116
68725
27672
19475
22612
22138
62742
56095
19558
47273
53050
60025
59838
57886
23562
12140
6888
2438
40009
4176
36228
57998
59932
70113
30918
61965
38633
45348
1868
66231
41243
23718
46160
16863
35696
55074
10389
63217
46675
69711
59175
23329
21709
19652
12195
58659
879
18281
69589
51768
61530
37395
50177
61929
59663
13060
6441
27628
7371
44701
63876
34768
29146
40592
20080
12030
29989
15662
2038
61230
29957
65626
29500
70179
53975
4440
29545
23988
28530
56262
13209
26736
44971
60597
66519
55725
55730
39371
70642
3101
46181
56273
11616
19598
8154
39844
69984
64213
40698
29818
59396
50478
53529
12139
59875
44226
24058
60946
56340
42981
5136
23622
53646
29746
39903
70737
17581
39086
17528
31044
13926
24478
47475
48077
66404
4238
12543
13910
66491
49607
45085
46347
17874
6692
15011
45952
24174
4178
34916
15964
2977
7889
18228
22863
6545
53251
41818
63187
14396
65175
20390
63977
43241
62442
38121
16436
30243
30436
30724
25962
23055
18818
27249
42596
22532
16509
54958
8339
56482
54607
34680
35933
10594
54981
63699
65067
11054
70381
52575
64512
42818
5133
53175
47536
24199
61262
46147
66058
69737
43379
51822
49668
34782
28722
6922
16970
8486
55893
18542
32970
48466
24525
8369
43246
52613
2717
68241
55503
59688
43750
63220
60755
28978
25228
41904
10787
51700
67748
70030
59604
6594
70992
64856
57800
57685
55129
49003
6327
50661
59816
25592
45311
16948
3081
45341
1526
17422
33980
44265
68799
45900
38129
20932
61937
32192
47399
26844
33416
48955
65450
51868
853
17714
35327
18543
15553
49783
32412
30386
30802
12876
43721
8536
64567
2298
35157
7295
51390
50800
2967
69687
17167
19694
37890
1531
26765
44281
45571
23344
24665
56425
23162
22514
39498
36814
39635
34534
69773
58522
10040
7242
63092
12927
1597
39817
21318
21961
53559
47555
42236
13662
39481
9080
17779
37538
28381
28357
47499
40680
36580
53359
51899
46562
40194
38405
56294
68225
22409
12866
3886
67560
28128
38767
31883
27763
34351
53215
4632
32933
70986
37332
14411
68375
61888
336
28023
61084
12710
62630
22792
45913
18757
38838
20602
2058
47261
6343
6246
19344
45932
60070
42393
19302
20032
61037
44275
30243
23332
70232
7233
56066
58242
4952
60560
43436
36710
26866
38319
17775
43354
12018
51159
60968
48779
7801
63642
16493
67063
63341
18629
54549
40858
42735
69067
41264
55716
33616
21391
64643
30744
15725
29141
8499
12459
67298
18198
68739
70295
23035
47871
70729
12692
34629
11597
22274
35930
37514
68567
20302
12845
62596
66919
41774
25645
51561
35054
32290
44568
29980
33579
55503
32614
20973
51608
69341
64514
59702
50922
42551
40536
42702
64866
55684
61663
45731
24885
13282
11165
13368
56572
61442
63465
41334
15689
70486
30729
45847
4935
55087
9232
67989
11044
16108
42124
32385
15342
43884
50441
43576
66439
14068
18133
19944
14374
50228
833
16080
65107
27892
25761
48653
19207
68965
8865
8209
1574
9378
17387
69901
44906
17612
68001
61879
13293
61717
43611
13536
24026
60940
26990
15484
40881
53935
51434
53772
60573
40319
7446
59032
27084
40653
8889
62581
20282
64994
42096
36223
37154
64877
17199
4880
66987
37237
28702
46599
16834
23374
51002
20843
18610
54081
1652
67550
50405
47147
12354
19495
38445
60383
68128
48911
61963
1040
37003
18806
4227
19263
60042
14598
55202
5491
17097
68
30822
58470
5259
62367
46648
56227
48315
3329
68408
8406
4351
50546
18902
38516
30930
23372
27848
53706
23700
4514
1669
10161
10568
33801
65812
64214
20003
42296
45898
62496
11660
12772
48558
63179
42860
62876
22483
31721
36538
25972
25865
57440
30259
9652
25408
56463
15005
23856
36243
63577
27111
21515
46325
48892
63543
25772
34802
13684
11967
1139
66004
17105
14813
27661
12153
50647
18869
16418
2685
12131
15941
39432
64890
12979
39860
67504
44032
28478
41736
30182
60450
2731
24236
29367
6607
12790
6322
32475
18978
60077
20506
54985
39775
34160
6487
24122
29921
6023
9274
12597
70229
7605
3334
55730
14845
23066
7847
51435
12114
8863
65695
251
3977
37539
56567
20098
23296
43730
16486
35489
67542
29412
5249
26856
52756
20484
18023
19360
30108
11247
24712
65378
67548
33324
38945
13101
56247
24739
11615
6463
40904
726
19030
49099
25516
53900
29596
12545
19459
15084
44135
7723
11091
27055
44031
21011
64681
1686
26961
54458
31292
43538
52377
10363
2056
35219
67372
45590
748
58136
31239
60145
50353
55773
45744
37361
50247
3843
55199
9950
24909
58513
55440
36588
55780
14776
66976
30078
26609
52932
8624
8293
42334
21030
53979
3357
52580
63278
39601
33873
20655
50086
2053
56453
24534
56202
43754
20681
32829
8108
46716
47182
33161
66588
4070
49057
26943
33204
25904
23788
20041
5873
63858
64004
25046
52237
20057
12861
3773
27778
49172
22929
69038
50705
4293
67807
28133
23080
34231
61464
4556
61850
47272
36374
38315
25257
36308
19517
59255
47142
9259
16355
55396
58529
28440
9316
18288
44972
69807
55845
38390
42081
31539
9186
22532
27708
14217
18676
28498
53884
34076
31514
1726
63923
59494
4232
12384
13268
16103
29845
7759
10684
29421
47862
34871
25345
28305
6120
23960
51391
3161
48819
70652
45905
66376
26922
57860
26317
4486
45734
45519
58472
27621
1666
26481
33
23641
38722
9596
2138
11459
12404
2981
69840
58003
55241
65789
22484
20247
69557
1474
43073
35596
11465
64418
32390
30095
64610
30228
45294
13545
23354
54555
47626
9461
19421
14431
58777
5503
23710
68737
68782
12515
54855
11707
26671
52007
13080
33794
59654
47383
4302
48898
14296
25267
27981
10388
17746
46662
33464
61366
12636
68893
55485
39055
23854
37873
29510
28469
13439
36924
42098
47533
36044
24100
34114
26399
23581
68327
15735
5483
2579
11580
39168
1044
30798
60577
45521
18879
29475
21439
44048
39991
46210
7550
62265
63001
70982
4357
51706
69895
28478
59394
51856
18412
4832
30194
6248
24027
9349
14510
27202
51340
3592
37915
18743
12875
19872
38300
34051
53566
66580
45158
61189
31900
67526
55352
67092
13693
45208
70412
5380
26665
57491
16462
16734
27897
30151
13161
68341
56132
18205
20568
33180
27239
24464
35584
21398
9917
3353
68607
55525
47158
43466
59032
62324
62135
2506
61143
57360
2525
68223
21795
21545
55255
43282
68485
3854
62800
67796
20964
35238
19662
45703
55946
56251
19370
41175
64246
49801
34924
1343
65598
35789
31090
43999
32945
34616
26613
63451
58207
12955
12168
37376
17654
46644
52701
59631
13914
60054
36686
41300
7191
60791
39197
46928
60822
5243
20481
68570
3530
28221
64445
58716
23558
14622
60278
7273
63885
50734
5521
56005
30541
41119
39623
7277
8848
5642
58847
30118
58393
2169
374
36721
2248
28267
30917
44923
33802
26302
55318
67483
44800
62502
13276
31421
28649
10667
29175
8756
27527
58642
66769
26844
65307
40482
19216
15260
18446
36230
33584
45290
9390
16170
54237
14801
3185
43687
21993
7262
11769
32329
53272
62873
25603
30479
59174
45918
50989
25938
9712
26490
55004
69342
63264
25835
30247
56703
46927
68281
32052
58909
13134
8184
13989
33439
57717
6367
53927
54134
5911
27787
59070
34944
45032
20061
12384
3069
19869
43698
22509
2958
19254
70817
32159
6105
2482
1919
27564
42921
10775
35374
5421
39539
67723
56300
41515
40643
70349
1584
26485
53532
20098
27791
7688
63983
980
56341
8651
66387
27509
34655
14901
63483
61732
66308
46302
21413
2330
20052
35007
27830
37612
2393
66742
48243
16957
9466
56906
18346
39639
21623
52640
70455
44709
47182
23024
53954
10832
19988
7279
69598
5884
3119
10593
60861
42847
8576
69258
14918
37893
8574
4538
9065
44315
813
2667
52897
47286
2510
22800
68336
25511
25768
54540
16152
51909
53860
14923
29245
68487
60870
55977
52201
1421
61455
4453
23
11801
50183
2282
9825
19768
40640
202
4701
34791
21118
21655
59322
4523
38339
58432
27272
44673
36239
14004
6158
54007
42660
34366
7589
22885
55047
9013
63529
63084
44139
19454
19007
45641
27487
21848
48754
1037
21728
65116
6960
68572
2737
1607
21354
31696
49902
38174
32000
6258
27857
50341
45514
35733
6283
30851
24164
55023
55852
20974
59201
16932
4406
43078
66808
34936
34932
10121
60740
58785
53608
4523
42701
53039
39593
69383
61916
23945
37019
20374
21643
50022
35016
66386
45171
9732
54197
43888
52071
26144
23736
51273
59030
14635
11021
2451
66174
52724
13864
48440
47588
37896
61988
15515
63496
5060
27466
18386
21140
21226
19742
27180
67013
52815
41971
18537
1059
62896
67398
22336
7331
26796
51936
5201
44531
17939
48148
51320
2973
3033
52273
66882
62837
17150
29218
43056
49605
66077
25193
23149
6207
56647
31290
69837
43930
50636
36251
57060
7742
10853
49457
59800
59418
44544
65846
38563
65349
39857
66935
25705
21553
30362
53226
43011
12675
68791
59877
37246
49823
63616
58080
14275
38809
37260
69516
56036
28782
61630
23510
66159
7937
19655
68004
44874
31513
70416
16584
62027
48360
66289
52778
44939
38326
66755
43639
47423
67396
66503
20912
36369
9644
50065
30238
66794
47277
3076
16128
32612
2293
25219
45855
67504
68952
36561
22433
29499
64989
51654
47297
64885
66023
43231
64960
51536
344
16289
12213
23001
59217
47209
26312
33238
14231
69395
21396
33700
55816
11413
47962
8243
26011
28655
54082
6264
23166
64489
31349
11760
1368
51337
52142
64940
39838
41015
62958
52813
34747
69927
66359
32317
59473
17171
53896
58024
35300
66402
34775
69373
46141
25993
57310
4781
11821
30788
33332
63270
24911
61850
25291
28436
63008
6810
6658
44269
9754
39669
24008
63055
36204
43257
66577
60225
12749
10663
50014
61627
58335
18291
40796
8298
31425
52326
25183
25940
70877
48537
52824
48020
10096
28183
65081
17819
3359
50407
64273
59419
70143
52589
41466
57521
15685
33948
41528
19463
35748
1307
1116
51643
32188
12609
23407
22319
70224
12302
7746
59277
11104
18663
1018
27815
37341
54165
44377
44409
419
18995
38687
2580
53800
46995
41768
50967
45659
48324
61270
38292
21800
11809
15111
63756
22127
69401
54274
63832
31820
59606
64035
66925
53522
34428
25854
36931
28041
59593
44816
64042
36183
24843
20257
50609
2906
44682
67013
46821
62082
60771
40425
29363
51285
6582
30611
31138
60917
15598
68355
1456
45220
49514
44734
44911
58135
43740
4177
11891
15704
27629
23642
15195
60990
18338
22441
54633
48616
688
69446
4984
26974
35456
28797
689
55992
14
16124
57682
61344
26628
58437
14180
62186
16686
67942
53183
22004
46114
17478
12156
24864
16902
29562
35550
47454
22949
52254
9422
66782
57599
5615
69354
70108
44732
58860
3258
39444
35853
45845
2366
47317
13672
6356
63447
14874
56054
22056
30217
62819
18306
69825
63609
33258
12400
33878
65729
47050
223
10233
12469
38770
10596
10428
69913
51854
29349
19828
5673
48582
28063
12987
53516
39688
14669
37429
31662
27345
40406
39641
5145
41665
53936
66815
22743
42541
15919
25112
2647
29181
31620
14016
60145
62413
16564
1648
29008
45793
46054
46056
41995
62818
22328
706
47415
10717
52735
9907
3637
33539
1009
33706
57947
3043
54898
66002
2250
19658
64366
37805
4204
8949
60609
670
45183
22766
18153
1656
48899
11426
69156
9845
22292
42387
35844
6566
24291
44025
40035
20410
43159
52019
61341
9226
3276
22611
44697
61120
19886
53464
60803
36048
12252
9109
4129
1735
68555
12054
38864
51336
68326
13995
64858
43230
63871
53725
50998
41011
24845
66590
54005
60382
41505
44477
21796
59219
46991
38663
15531
19309
31446
26185
48801
68943
12131
44793
63321
16736
66193
54836
44261
6060
46869
7066
47181
22167
60041
57142
30580
57908
43127
16073
19624
37356
1311
41526
6156
35370
47567
66849
7811
56244
19735
15585
15539
14852
43598
31068
54212
43932
51756
68122
54076
6039
17516
38265
32784
43596
52733
38271
52392
46918
53503
60759
30800
13055
55853
28730
49439
21163
35442
26399
59142
64816
60924
16229
66814
40820
24912
15316
21542
47303
11184
66532
68336
67055
36360
35022
31135
61066
55657
49310
38992
63821
68791
63834
24857
7659
35574
11276
19458
194
63652
20587
67679
50528
56610
54896
59783
11787
56372
31204
31380
62717
41467
53295
31383
41862
34980
13875
22231
33475
61591
62959
68126
67669
61125
60223
24729
20093
12726
70353
41761
7707
20759
68643
21530
44373
26869
50287
16784
59020
40016
27144
57929
27739
32855
48343
36316
16905
66548
12190
4955
31030
65763
54213
29999
33657
37116
13051
53137
59344
56723
11700
51680
28065
19008
43609
70724
29685
18104
49638
48622
44589
44296
57388
25074
16564
5689
16887
16570
14707
47084
33865
15752
38420
44354
55333
24887
50119
64793
31488
29655
53640
43375
53218
43899
1577
33540
37587
61089
15283
20728
67624
30445
26216
3790
49788
49226
3244
42388
22515
15278
59346
50080
38378
4529
51347
2024
48362
874
33769
28846
11460
32102
19361
41902
40158
18758
22127
63070
28395
28235
15875
15873
53065
12137
43362
56791
13084
2557
48096
58165
14824
66517
45824
7628
14004
35874
49198
9865
7713
8404
69299
30001
56209
25355
1512
28998
613
21557
22398
22210
8503
65217
53602
68454
27142
7438
34038
22160
35080
57312
65338
54608
37738
32577
60770
70397
58666
45448
46841
10320
29414
67193
47115
15284
837
43553
25224
2545
63347
37835
22148
30492
53970
31524
15107
69100
63779
56688
13906
12276
44828
19839
31977
51520
140
29071
63388
56038
49194
64910
41041
39346
59660
28605
13243
17533
54051
70364
32229
25283
64866
36638
24939
24680
22936
2818
7882
55543
34819
41762
30696
7151
5109
70884
44262
5450
62955
26283
70674
70682
62271
801
53632
19778
47383
62035
68137
51799
63718
35705
5660
29946
45137
27768
68760
33731
9196
64998
39844
22818
66611
21706
62029
66821
64269
46501
33583
8954
2482
19073
58703
40759
65317
6308
33212
6830
33884
54521
16902
16470
7156
60459
7999
68984
24586
1495
49863
26151
70324
49949
56587
46986
32510
1666
25501
21178
20009
37382
5047
16475
43406
66197
12368
45657
56600
17100
32105
24071
44718
60353
7297
15463
45864
1359
18292
23713
30753
24653
19779
29306
19747
36442
64821
56899
42833
46048
33404
63210
38173
43042
60658
27442
45074
46586
10481
22818
43275
3987
28026
12972
42594
53808
67149
64180
11533
60568
18631
24811
45643
40679
42154
51359
36909
10490
9774
61896
22447
35926
14829
39090
44485
21845
55444
61922
69619
46766
16902
6111
8180
46304
3787
12327
20692
22291
7781
38027
36561
37555
58011
12112
23788
4561
9326
27682
45334
25320
5536
9902
55573
38665
61757
14725
69646
42820
69514
62017
49052
40859
7458
21445
51086
21812
8232
43301
14175
1588
55630
34798
66295
37595
50819
41060
63295
40607
11100
30383
51178
35856
17329
11985
31222
19741
17768
52583
13074
69962
33711
46697
34738
5567
16298
1415
56597
57574
68085
28601
57592
43192
3452
38979
53267
52804
13174
67036
8201
65485
7023
6114
48741
55119
55940
20836
20143
5894
21794
24724
22254
43683
27976
15086
61304
20084
21443
65569
69621
30159
62567
38616
24354
35083
48834
34805
9921
23043
35109
49516
55397
2487
52077
42536
51707
55312
38718
52604
59516
35360
28142
54064
7135
3508
53823
32189
6875
2752
51006
57983
20594
39413
69457
22150
15401
22577
27134
25753
15677
30515
33158
12240
11863
63953
37240
39116
10640
13944
18698
4237
64632
27135
15618
33959
54127
27744
178
44594
7982
17477
39570
36101
68816
19803
1264
5303
27467
45285
12826
57921
46379
32368
55892
70251
36237
45270
1525
48993
16672
60450
28156
15402
54495
21743
59800
25542
10052
55164
6324
57553
55318
58056
66497
50959
28779
42542
30910
23246
63409
12437
25691
43955
25247
29863
14035
3778
66384
1148
66408
42013
743
56626
24352
69696
25054
22963
29829
51039
2200
56363
6154
40813
1759
64509
58769
10658
1479
38073
5881
6311
18746
35772
39189
52561
15101
59131
70248
5168
2039
39349
70852
38396
20273
40917
52178
70243
28833
50601
36052
20776
3585
51426
6479
18939
10764
38664
35412
6105
17313
32033
42996
55216
64007
37037
70835
42753
10737
67337
28294
68947
30771
40998
18495
16944
59442
54382
66167
23822
63475
60155
4771
32100
49897
15564
9159
31974
51218
37164
66782
44488
66843
15800
57884
13947
40351
7597
42475
46854
68335
20412
2417
57108
21859
8220
48123
53118
44662
65946
21938
42742
59168
56702
21492
38231
34358
39005
10238
32299
63292
49503
10869
33651
31674
27245
49492
17029
7236
5977
23383
10821
16963
1673
50398
22482
39841
35473
8501
53939
29490
25028
18120
64942
29981
21511
15100
49501
66442
39138
32377
42942
4694
3404
10979
43438
38082
43762
64592
69321
15946
24883
48732
29976
3705
26955
4167
18383
67969
2874
65952
6346
27544
32328
50652
30843
23246
51328
67311
23403
34627
62214
40162
19803
34830
63174
62085
53773
343
69083
11564
30972
6702
40224
18829
11412
18405
10686
22274
60448
34648
66139
11346
17743
32109
51531
12506
44777
36278
8350
46208
38731
35068
14182
48368
30317
66325
24891
36087
51525
31694
30748
25045
20018
13851
37124
43776
33046
20571
70647
25387
53296
26929
14880
60317
758
56389
4288
69958
69348
34018
21453
25124
70299
4296
16781
41676
10457
21249
70773
70973
22864
62225
14162
4334
66894
15302
39003
69839
42321
21839
41385
13700
46668
24777
49692
69302
37075
23909
64812
5460
31191
57541
19569
59672
11222
22909
67191
16356
69634
21878
51577
17770
26836
39597
6073
58075
43373
19035
61121
39895
36529
61822
19489
12683
48856
18148
36893
67921
12834
33751
58930
37361
27663
7900
62973
5637
6592
566
4873
28755
54645
28247
40347
31171
40884
47911
8299
69752
68875
24909
67593
63644
26834
13530
46514
13427
44848
35541
21990
5002
40216
15057
55935
57096
57223
35482
7959
44442
5021
13926
41902
11149
32942
11921
51959
41060
65700
32633
53630
26642
2259
63905
65057
21593
6600
64816
6656
21097
15823
23073
2618
13124
43072
39949
13173
22710
45692
18644
5122
5938
47570
44363
55331
37655
54632
37840
58489
66473
808
46985
22742
3100
67234
58082
22508
12356
20272
52220
47600
8519
39010
24499
695
27988
58557
61424
44211
30197
17962
3678
65089
2472
5193
65736
29915
38196
33529
67719
58485
66294
28581
16137
19526
18786
66244
44012
70197
3471
25188
56891
7885
48875
51540
70575
51495
68302
4053
43319
6490
50995
32877
52530
67162
21169
35520
65873
8162
68832
60978
24898
14431
46734
59397
39703
34426
66689
47676
56060
63001
59191
13602
30207
42972
33825
67314
14779
47895
13310
18900
47941
49921
20771
68216
22567
24743
62489
27666
8946
18229
30143
40914
60094
40690
61366
57070
35965
4903
16084
58551
53430
8493
55791
15461
7182
8712
69363
4920
17784
16187
5135
39548
5373
23257
38826
23847
68599
12277
36875
49155
15143
60711
67142
40459
67766
51292
58770
65227
65177
69256
21831
1528
22117
19131
45253
7617
41914
26277
29079
39561
38477
16815
63543
38586
62205
1056
48331
66096
28790
65384
65685
65695
21164
37173
60608
51217
41983
48079
67198
48552
47949
47098
10774
50341
67278
46512
34243
4634
37657
52384
34248
68634
62771
14983
7440
13051
25871
23425
18698
24053
65129
8852
24737
24058
11789
21570
67529
57362
55141
28761
31093
38281
21527
17720
11014
69655
24668
63144
4342
20725
10973
45732
21147
21423
65801
14367
44502
13626
9369
16105
69267
33275
63828
56069
25668
59001
16270
47410
47910
65568
46883
56380
19924
4723
3338
53702
20394
18549
54868
61167
4626
692
17412
7982
39034
9683
2320
37571
32503
66355
66102
5587
66235
36477
6698
23423
50033
52454
38019
25218
42865
50231
53398
54573
18687
15160
55889
23937
25102
15873
29746
54953
40210
11893
50792
53761
8411
8643
10239
67630
49798
10890
29873
53268
66253
51040
25456
61030
25030
43999
31488
44565
66721
20589
32281
48656
55018
12486
46778
60133
18783
4936
44113
7761
16732
15315
13175
70393
50298
54411
55496
66910
10166
64379
49832
4879
1397
22792
5777
52189
63613
29719
8921
8576
58055
3932
22296
26201
13865
57736
1152
62620
48632
1446
38101
9757
66434
56914
47108
63715
62785
41982
21935
62933
52476
25523
34502
60472
35143
19376
11506
67466
9827
43114
33834
7590
42977
7096
58761
47684
1767
68186
60639
66220
12485
67158
66195
43951
24025
2774
70130
58315
27854
39249
40769
64129
47739
2100
3767
5220
69432
63661
10318
2143
53884
33972
24664
61004
19994
55327
67597
29973
9217
