28264
10192
40102
7991
18504
26977
26012
892
13351
24194
46534
17846
18311
15514
2460
8342
191
6008
11121
8194
29309
15140
32299
20868
18665
19751
44415
19466
4500
32655
26962
29053
15183
1315
12187
23024
38416
24192
23084
655
4063
32966
38135
51169
35536
47298
40660
52172
45529
27312
46536
42020
22850
24244
43570
52031
15428
10429
7736
9184
41730
52071
39254
23102
39452
43148
43390
35104
4651
11071
42827
34455
11655
788
50727
1808
35379
13439
9133
46028
39322
23103
17953
23782
4451
16407
37251
10913
43784
37249
26
31515
42573
24703
18981
51778
227
45984
1372
42370
3748
25059
16118
9576
35688
28410
14260
16229
16878
37998
24986
48026
13943
2779
46158
24709
325
29753
12089
37702
36257
26230
52186
5528
42545
36707
33858
839
16376
29737
24882
47842
43511
38567
31752
30725
13209
23372
33521
24159
30573
31835
37896
7858
27076
44592
604
25268
21618
30917
11800
17721
46290
15665
51892
26891
45834
14782
30873
45231
39734
17221
19562
16541
408
52000
22662
41204
22885
3404
51322
45279
32410
17617
34946
31632
21741
26648
19672
36080
25768
17280
8965
17616
8537
39748
18605
28951
11957
1500
35544
25552
33170
51839
5610
29822
20092
9234
49947
26399
41079
38112
51210
28323
15131
47213
34277
7912
45222
45216
21284
49308
12771
45621
1116
36845
26392
14997
1679
27872
50437
44339
28280
45764
32184
48091
45676
3162
13358
31840
12828
20956
43420
7218
51015
41295
12419
14643
40333
37118
23370
39597
23334
22172
45805
25970
43656
46
16716
41255
43040
34170
34406
3421
455
3856
29316
6317
30214
29620
48114
15024
1285
23381
7776
14856
31396
3006
5871
191
52917
44238
29462
36074
5976
15237
52836
45593
41326
16869
34504
20949
17994
39826
41173
51855
32593
27592
34905
13545
26714
4697
29900
17467
46801
40455
8486
37421
41453
15524
11969
18652
48609
48491
15022
29531
44808
44818
4379
49406
48737
21295
18506
19070
10514
10516
40117
39244
15961
19256
45141
48932
7558
25108
13417
17360
32500
13894
23356
11005
22878
42989
50359
16686
11526
46603
45958
40460
30785
7520
33079
5654
45566
50224
17380
28499
51885
17179
49146
7737
30460
39900
19330
18192
50181
14121
44252
35697
25443
35814
26844
45269
16867
13454
18997
11843
12792
52672
36609
44985
38318
14186
51802
9173
4352
11204
38043
39481
39869
35819
30704
37490
20093
33472
24997
4035
26314
33701
37858
35339
32610
5395
1723
6127
6928
27979
39893
1853
19522
2231
48404
12854
46597
36924
25898
28223
50068
36439
25075
21093
30080
47473
12060
23834
42089
30208
33793
14344
39307
47803
11541
28345
9284
4641
31228
9121
27689
2807
52389
4840
44536
5212
31595
21520
46713
46363
19731
44383
4997
40213
47143
38913
6273
5816
51145
38806
13012
50143
42404
41603
10995
33759
1595
43544
7941
37156
25789
21061
43418
26982
1904
28802
51568
48027
16674
29001
10493
21626
44911
44354
34216
12665
12605
9747
22843
9700
22363
13562
5169
19651
9560
39609
4061
12886
26199
24788
2835
34200
15376
7657
5431
26325
10090
23757
14379
10448
22797
40839
39439
5022
34924
48243
21497
4745
33175
41726
42716
3810
52911
20377
41844
7038
47994
31700
52359
41124
34406
34960
26671
18760
38658
14064
20565
44975
10408
6653
26031
32599
46719
14013
25882
4266
17629
6816
39515
37456
25794
18942
9150
42653
18175
47128
51106
47174
14797
2466
9900
2939
49139
4449
23400
28426
46255
49415
32886
51592
38877
1816
49112
41508
27445
11175
32378
39122
24271
6522
40074
1393
5602
39096
35111
51194
22706
48891
15566
37229
50183
22501
42328
4929
16850
20723
49031
39104
34963
3976
4527
36997
16237
7736
46705
6899
44091
46978
22491
12227
1420
312
38579
23169
698
2262
42314
52780
29201
43541
39069
41632
26890
275
2543
13034
47967
7833
10683
7783
38913
42233
5940
38945
51469
10297
47143
18528
18757
528
10696
44160
44258
42996
17042
3772
19383
37454
26315
2344
36482
26363
18203
34771
30643
22823
42565
4969
10055
42264
3429
1419
38166
38652
21034
38809
24720
43864
2029
13070
46966
27535
40679
24518
1253
14619
5170
11871
46925
6579
23686
40192
30719
22064
6051
16162
50366
5549
20606
27458
16581
18300
5660
22696
48534
31967
13843
28872
45538
35633
8344
14187
44468
14522
4211
8992
19119
26272
26399
20644
3232
17785
33286
51963
31999
4338
1050
30409
52687
17970
10565
14090
47469
35016
21370
40506
5781
50901
42508
19755
6327
14016
27340
617
34193
1605
38552
22931
52238
14800
10007
39616
24700
47684
29513
13866
43491
10291
10379
8108
31553
24560
11848
50564
16075
7105
22011
3821
814
10706
3250
48693
23700
49120
51996
45805
1986
26468
8010
45258
36589
5527
11051
24774
9836
51888
23050
8804
7017
33479
34347
24487
30730
2437
13307
46621
15356
42194
21748
32469
10143
739
45055
28242
23588
2078
324
30723
21490
6251
32093
15985
52200
42705
4682
9468
27189
45017
42005
44122
15164
49883
24365
52861
27276
21196
24688
8064
51995
29409
8928
12766
51842
5010
20609
49487
4883
38654
14993
13647
13399
5398
36693
733
30820
33393
51229
47701
33755
51908
39326
29834
18680
3003
26918
2012
1739
4289
25620
52353
36076
21440
47708
37532
46155
21909
8578
29783
27205
38107
30687
12301
49619
51826
16807
3377
18044
7355
14947
17964
36154
21996
36769
22887
17650
38659
17233
43374
4981
41856
22211
4701
17772
36195
14964
37130
44944
22007
37440
9950
33663
35802
42433
31545
39395
24714
6821
16521
10316
8333
1181
359
17766
13716
17258
14782
25533
41390
9723
26505
15524
43741
29313
33087
3166
5199
7707
13245
14892
44500
1181
14297
50796
52494
17131
27135
24106
34657
22972
27338
22089
41089
26562
1304
18450
2563
34109
6762
18469
26913
15295
43119
37021
20317
5866
51724
44910
14752
42606
31458
2154
52752
8135
23796
36696
14124
18290
9027
38206
29277
41328
36639
26965
8244
7772
41373
45819
46266
41630
1184
37375
22991
46378
28237
31116
8898
27610
51143
9088
32658
3840
7131
6103
43399
5464
1681
21832
16752
33258
4400
297
39426
33221
16261
43726
5657
6591
46992
3445
33230
37825
15459
29189
25789
51463
7719
45549
17154
14062
51028
3137
33712
36469
4693
32470
9797
21766
17783
35527
30774
24422
13820
1296
18186
25448
15327
5560
12005
49696
18158
3972
40500
40770
33695
6213
30271
37475
8145
23124
10920
51264
19376
20028
47351
22139
1468
42405
46735
34804
34583
17905
48153
907
7633
50495
7970
12211
3586
39173
28484
33130
1851
22755
45918
6094
48337
14651
8561
434
23791
41268
50192
37917
44103
5525
44410
6939
10364
26094
27432
44117
12943
34899
5821
8828
40396
44482
36855
31947
18161
45651
17017
40610
38683
46871
31530
25479
8020
3537
34238
23223
34005
15994
49990
41410
12867
28281
51454
17020
33649
28966
4804
40063
10146
3551
22744
18990
23778
27540
26844
21373
15896
43301
51409
836
4194
43484
30467
46738
33317
49933
9579
1134
9454
52914
43343
28393
16050
18706
40455
33183
19807
23033
13423
14261
50549
2443
29556
30420
33357
28146
39557
14931
43540
13488
12760
8411
31563
44454
35077
7923
2399
20090
30155
47460
41464
46191
9845
6151
20760
6871
22689
40403
19849
25459
19037
28106
28963
14227
42462
45363
17034
17184
46886
51410
5688
12567
46713
36771
42900
5433
47948
25639
4646
21645
51435
41733
33589
22423
6934
2921
17416
52225
22151
30618
50229
34455
46730
48764
52289
19761
46169
5870
35501
46778
8627
37903
9273
34750
34969
47890
52423
3960
36413
32632
30359
45672
27447
6252
27395
28932
32029
11649
48182
13006
43022
40040
42910
45275
49699
42630
35938
48067
16266
24018
46266
52732
1417
9932
48938
18017
40628
32113
31874
40456
47002
41827
49581
45825
23386
2558
1524
24995
7670
44005
25271
48577
16353
21154
16815
21009
26722
6036
17930
41580
27637
28499
20332
9177
37530
35391
42535
42013
7613
48598
15983
8453
17681
33861
51973
13092
45697
14486
41805
40591
31189
12175
31150
2982
35453
3459
14773
949
34789
13610
12470
35633
133
3948
43489
16294
30228
16122
4341
20396
24353
43173
19948
22315
15029
50720
11386
48411
47336
44632
29522
49734
39486
32621
20567
34385
44958
27784
47204
34405
43471
15228
35970
19420
43231
23945
48660
8999
17538
9131
38391
11013
34651
33329
46891
11365
14666
21522
17192
51788
32266
44698
14255
17914
7806
21321
23367
22351
19839
12765
36657
35611
49156
13494
26496
28547
22071
52103
28752
44664
52952
27733
14058
1625
47225
3223
4401
25448
21348
36037
46428
51554
84
25125
22240
35128
48743
37105
16753
42323
40989
41653
30422
38973
24737
4236
44302
52874
13464
7530
39570
19492
34730
3923
6817
42174
10724
31986
50578
31488
52936
6375
27577
39666
19522
9384
42649
14836
36423
43992
30714
40113
34260
9052
35904
29580
31280
2882
28088
18771
8472
28677
51687
16928
14173
36451
12480
13431
17667
26047
7450
31593
41864
48506
34764
27614
23487
25597
2742
39978
27441
20969
39653
1350
37616
1519
39586
15063
15087
8076
6569
51092
34240
7156
41561
41681
37387
47344
34100
22400
44496
32410
732
15343
24490
31020
23456
26076
10576
38056
39530
50333
52441
33378
32351
1005
47260
31794
24218
48177
33561
12598
37373
8248
52414
13404
1677
15576
42026
46605
152
41598
52832
37349
40238
36845
17049
26071
16409
35008
31881
51734
22779
11642
4700
4966
47851
31866
11948
23600
1667
32613
7466
21580
41592
51595
22566
11201
47983
51108
23221
29960
32041
26835
48223
4719
27163
34400
22321
44321
7180
14940
32749
38082
35699
45013
48284
3073
40197
51810
23390
27726
6216
3256
35814
22786
31312
17226
7196
14854
41235
45399
12840
43708
44362
27182
46432
12314
52206
21044
3134
25309
36285
4374
25065
16777
47688
48146
31743
48430
3746
26479
46644
35615
29015
43246
20673
29781
14494
32232
25883
7776
35053
1846
39591
5685
15119
25128
42104
44850
16501
22165
30644
46926
46054
48609
50721
22511
42572
1789
52903
3331
22565
19175
43386
5352
23426
20602
43255
24159
40440
5265
6640
51314
19584
10901
8446
28391
44181
10583
16146
26948
22202
33718
49976
50162
16773
31193
4904
4967
29732
15953
29202
31819
37819
42630
23230
4396
27590
27954
49925
11077
39361
49866
18247
34553
10418
27880
44210
10461
4631
9662
51491
47188
49946
43685
15581
16460
14526
7643
45579
50437
33732
39939
41827
48602
33295
38806
15370
34712
30960
12120
39710
52027
44174
17438
6027
33904
14269
20435
6109
42013
34234
21177
4279
33469
34969
8532
38310
26888
35196
34834
38134
15550
30584
45191
33038
40932
34157
33829
40178
38407
19970
41209
42397
27318
25890
20457
6185
44204
30047
20881
43237
48682
38625
4996
31713
45276
31387
24104
30857
25626
48531
2314
31740
3710
51172
48017
41952
2613
12730
1398
20011
52006
9337
15809
712
16264
18617
37511
1061
10529
1210
41543
38957
14184
4969
11620
26751
38764
20548
4164
36849
48261
35136
6696
22490
52408
38196
26604
22555
17865
27841
38814
27649
4937
31561
11395
21611
8270
20824
31573
51706
51697
38860
18009
49457
30867
44157
22276
51402
24161
15080
22238
16075
12463
14158
28207
15171
38009
21148
50733
11541
44428
50270
43952
42856
43947
32037
35188
48360
32213
3859
2566
24677
49387
4191
33106
36381
15191
38897
38065
1169
34713
17179
33584
18713
39051
19033
38027
41933
12236
46639
9304
39201
11818
28054
10256
25851
18440
35915
36929
12204
9231
40716
18702
39033
44209
12904
10976
23198
52496
48866
30493
13846
15397
3128
25119
29529
30037
34278
14136
6250
31190
26115
41985
17307
2415
47469
32050
28903
9149
14854
41987
38180
23826
49842
16817
33188
28879
27683
20621
45998
12347
16339
28766
16054
51364
8173
14343
10589
21345
20449
16947
52358
43234
44970
30548
52759
33519
29646
6146
3256
25854
48881
19161
49795
38136
25710
52180
13383
1298
26812
36966
51035
5162
33944
48775
7844
30207
27453
36987
44243
31515
31332
27038
47638
2485
12353
12620
10641
6718
46573
21125
34865
4606
46210
29797
101
46047
39782
52298
17617
12942
26214
24871
52928
43834
31486
13237
44677
13133
45107
17784
4510
47255
52774
18736
9998
28578
24781
45014
41974
38801
35247
39630
20431
51057
29443
24493
37926
11825
661
39087
45172
31646
29039
32171
42833
22927
48240
9419
50181
29200
15092
24307
34786
41273
16376
12250
11082
41910
6672
16582
15056
20402
39631
5970
10221
43716
39041
1939
51850
25828
49680
41856
10669
47647
11018
41567
23466
17693
24027
45789
27871
12508
35756
51813
11372
38013
13672
11386
31901
19229
17999
23648
34565
14310
50177
49860
10081
34827
30936
10283
44046
3091
43746
7944
28431
43348
40906
37239
48327
25657
46402
647
44360
33822
33239
6989
48662
12264
5097
17683
4812
457
31966
41911
40296
40505
34266
30288
11004
40825
22940
16587
47156
52633
40152
6067
13480
40250
46813
18959
14949
12789
4330
50694
15932
51721
11466
13221
34238
36908
49264
48713
26210
26873
49209
37872
7733
11856
19685
42410
8701
24067
51121
6845
52690
23116
49165
31134
2729
41884
29309
12635
15695
38254
34862
13285
50846
4898
21126
24531
42951
30830
20744
8225
32460
271
50395
51303
13304
4253
13255
52566
1974
12428
22859
30462
52859
15687
18765
8355
51521
30559
17503
4998
3360
52209
28650
48904
41659
6981
6258
38633
18093
46146
43094
20382
9414
34967
5922
2256
2294
13589
33619
40849
15204
39177
9574
4586
47227
30941
11517
41128
19410
50590
8287
46318
6198
26408
43395
28579
12679
51557
43585
411
15396
4717
37557
28388
20939
46254
35713
14343
42217
45341
25885
34510
44818
13181
12134
28837
16398
10836
41344
44321
39825
42566
16913
16717
22445
52520
27732
28795
5789
3910
14735
5415
45504
52969
18489
18839
27208
37392
34187
21495
20951
21583
24250
34442
37989
17573
6934
4418
30273
36135
32387
51624
12097
18338
38857
14167
1695
18654
44282
21347
4594
42534
44055
5111
29294
30947
45223
18940
34937
19240
30966
39237
10043
43969
15949
4087
1025
38396
18012
43047
28694
50090
16297
33203
42359
46343
10715
36922
4305
48588
38488
22415
7746
36366
15359
22336
11016
21448
19650
2630
3274
32835
48220
5957
49425
26781
28011
33483
44746
20175
5418
42782
43907
10785
42838
33461
2055
18000
38163
14488
40696
14408
25802
26676
22000
16740
13265
12278
22516
51954
24191
36617
14214
33660
4762
31819
6181
33601
10575
6081
35851
40466
25741
13267
6459
46712
40575
29275
16428
13146
23692
40342
50103
45356
28533
9941
2417
21644
32122
38709
43637
41254
39241
14690
18145
14512
22244
27195
5491
24455
31958
25534
5457
1104
26538
21524
45914
49235
24231
40119
6867
52193
25020
18072
4753
10390
51108
15950
37384
33985
3174
17569
46631
47801
7892
37044
49625
44890
25334
11864
15744
1173
26803
2077
13551
47421
20739
20259
33660
18414
30179
22423
21280
40376
5141
9610
5253
39193
19636
27803
35267
10824
7361
19277
26294
14453
26597
13187
18280
21615
38652
37255
22878
27629
27570
45578
47506
35286
39549
157
21173
40661
52782
45463
18974
1563
7653
18415
21756
40240
15952
14321
39468
47012
5071
26102
44047
20672
13584
39211
46298
33098
42682
17804
49731
37381
33592
37073
14342
50407
43148
3966
7489
51332
39460
9833
19570
25319
18366
5877
25171
49793
26780
5323
19935
17154
1300
40720
43908
14036
18791
15697
27101
23432
47612
14426
14482
14712
31040
671
40974
14035
21292
6450
8373
25983
39314
12171
18120
32824
8709
8310
3967
27119
17029
14909
40673
42806
25044
22662
25603
42919
43040
29224
20779
49412
11869
18335
48583
22362
21462
48295
39103
20303
51720
39733
9876
45506
20580
35984
11851
40289
4142
42454
25186
20701
37438
10716
39342
35515
32987
21422
29967
21484
15423
50868
10832
10803
107
51317
5199
51150
50359
41445
38029
16830
24758
12914
7930
33505
6940
51548
28472
4047
44173
32587
40962
39385
18532
34747
35866
48045
17308
50330
27836
2134
38983
27306
20674
7649
26880
20601
50532
26154
43087
44797
17459
11260
14720
35782
40163
920
26448
37508
35211
16725
25446
43535
42810
18742
18458
2846
10592
2385
35957
32207
34478
33291
18508
5716
45075
24417
16722
32127
10908
35425
16264
19820
52766
28015
29164
8333
40579
31115
34284
17187
39895
50984
44613
26832
22550
3488
34076
1561
30941
7642
23040
11320
38561
11670
25483
29721
29679
46247
39203
9218
21033
9207
9401
38933
27658
1672
49164
30554
36742
42806
44307
33661
24233
16563
22390
16543
37531
43362
45807
45353
5364
48429
6811
17579
44370
20890
46983
33170
30164
13144
41448
47256
44777
28640
33611
17277
24002
16166
23342
14259
65
48046
52097
3895
9837
19779
39396
37651
48363
33762
38967
42841
33442
17022
46640
20978
17499
17829
7324
20549
25107
27584
19101
20747
48535
49015
10020
52134
48179
1771
43252
28066
40431
3861
7787
43468
47222
24571
42125
21215
38852
5539
19046
30989
5995
8880
24236
21578
37210
45706
7231
36893
37867
42458
6406
9048
51479
15338
2847
10502
16881
2499
42227
35716
50852
42192
8844
49592
28481
2520
25339
46566
46713
30793
25002
52386
19627
16072
20739
5143
36090
621
19235
51486
28918
39618
7023
27482
29734
49156
35233
6368
10087
38771
50247
4661
33348
5132
50424
15255
41874
22541
25660
47701
7613
52296
839
22866
17933
36761
5465
23549
9543
32658
23357
12836
35273
48998
26012
51575
46910
18865
40749
13841
1082
36470
27892
20632
23099
17811
10900
49006
4868
26423
25634
46104
4063
19740
44328
45363
52197
11063
51234
9671
24589
2717
29312
43852
19240
26791
52513
50105
20277
46341
29184
5283
10814
1705
10214
34954
32637
12650
15139
29920
7028
33634
12178
49010
22208
24137
52249
16969
40049
22096
15882
36874
28377
48281
27889
11465
4662
17107
50985
8501
1638
34172
15181
14004
6126
31064
29096
31071
13847
32550
49314
47097
31053
50857
32616
14161
35301
22227
32951
6518
31307
43965
43172
18330
32709
44084
13835
8103
19576
35198
40626
32943
47141
21387
14744
51840
50743
31278
16776
12467
3467
15441
34276
8101
22628
20912
40384
45935
25371
6390
21133
3576
20328
33141
35838
31459
9343
6409
47578
18963
6513
13227
47694
20802
42150
36780
10302
32105
28532
1159
47496
13618
27703
52377
48830
8577
40813
29756
26686
45329
38741
51087
51767
5811
22059
9649
13610
24736
31946
476
28219
36720
33279
36199
10370
41500
9749
45036
32170
13685
15707
19280
34790
10519
50222
48792
907
160
4484
29161
37054
32371
48574
13464
28258
3305
18889
36936
7494
22103
35418
24873
33521
27690
42907
52958
10171
18695
26663
28279
41449
20191
709
42997
27428
6951
8020
13844
39767
20158
34092
35770
41731
5024
39916
37478
18
19208
43686
40676
26972
47426
21283
22477
37952
25598
27156
48938
13003
46544
41638
50753
30854
27556
5097
6977
41815
3262
13733
5328
45103
24936
21106
28188
10795
42070
14051
25013
5521
26595
42853
49953
10809
41750
3498
46306
36893
2270
46412
50570
40151
43234
47712
43062
39278
50398
18345
27721
47531
3408
5350
37023
3574
32657
305
19498
44337
46639
46161
13077
31334
40875
46508
39433
32430
37457
21869
27724
35704
22712
33608
21291
36755
8696
6131
47395
19531
15650
29936
30077
12345
43833
37807
38953
9845
21054
10168
8424
45431
45895
3023
20834
29334
10356
2824
30560
38984
4646
10258
30544
13408
29603
29656
45155
1773
12026
9242
52004
25071
42063
19666
18119
24972
17740
30059
235
50249
26429
48164
37381
19956
13318
41385
38035
17494
5771
39402
31458
14358
46428
46213
12477
23000
1170
16199
37986
40397
27594
7744
40290
47908
38270
41645
22645
50302
44282
7726
22064
45111
24490
36423
39660
1433
32677
12852
47628
10226
2717
28870
47451
29565
19606
16994
29495
34614
18721
40761
45350
46623
51941
3722
13483
52328
10288
8083
35861
23011
32071
46278
34941
50861
40184
20384
8906
51665
42912
4685
45066
1846
51238
37927
2655
4145
44819
27982
13123
49621
37356
30705
49562
47086
373
7442
19067
20630
51284
14816
24634
32271
14031
51182
50165
25151
5451
6401
31273
45001
6363
19790
52160
29775
18689
44538
49009
4285
44412
26675
44125
20794
10478
51795
15809
31800
24856
17478
36629
12010
20132
15945
24095
9501
2231
28458
5381
24959
34481
44550
36110
44948
48130
39893
48131
30904
19515
24082
6839
10423
42566
32014
29423
34919
3075
18877
43504
3879
49825
45080
16853
23337
30557
15473
1202
47738
19921
46758
30912
48811
51532
15756
8244
48952
8106
24924
6894
38590
16856
27571
6171
46793
42366
44268
3488
31498
3185
14312
13252
12512
11364
36806
3200
3534
37378
41445
32277
1234
47219
49573
36882
12294
1489
37238
26281
43935
40149
39521
36525
21939
22123
20642
26067
13984
13887
19479
49409
40767
21234
16306
46935
8735
50013
31874
3449
51621
16864
41488
8870
45433
14640
7565
32832
3693
8571
21569
26800
13006
17585
29222
45629
17189
9001
12923
51705
27215
23349
14077
7208
12632
10627
52631
9774
30263
22640
52482
5860
21899
3251
10039
20463
25755
49796
31481
43877
978
47015
10417
30564
42761
13657
46241
10401
41487
16638
39753
9762
21028
7044
4152
35257
5939
18743
24770
35669
5261
10890
15016
10198
12547
17775
35142
27517
18363
2131
13141
36254
10859
47673
7713
29043
788
50081
1876
27302
7782
40981
33633
24266
29457
6160
21309
49799
51291
29827
31992
34416
48630
13045
13890
35442
49369
42519
25408
31644
12966
9521
47197
3518
44652
10636
51213
4175
6435
36613
16741
20551
37396
20067
26854
33037
46155
4141
7257
6830
48077
13107
13724
4715
31411
43175
45907
15645
12489
24255
31129
8648
8
12323
31477
28017
47335
19317
37722
49509
24425
7234
18207
51752
27247
6267
30029
15591
17406
12944
29839
22370
25883
23042
21211
45066
35243
2987
7542
3066
28360
31733
47975
50349
77
16467
24753
26020
51490
18904
15764
18234
36075
42530
9381
25638
49507
52562
48690
2996
34030
33124
5810
1969
41299
27805
42825
44864
22456
49909
12241
13342
21369
3731
48299
44678
27000
20823
7685
49282
11288
24440
15454
8280
19725
47643
24533
27588
1442
6348
34488
50599
47998
21172
39296
6964
11441
48592
17601
38147
13928
23697
48143
6340
44296
8973
48395
30801
14679
23490
47246
13400
5141
31354
7101
45564
31770
28464
15874
10567
28410
43157
4115
9766
44011
19038
19043
3265
32695
39758
13247
10309
52989
24156
27715
20160
50425
43809
27891
37673
44140
21120
42206
10417
12406
23186
24076
8706
35784
22157
14256
7834
23598
13800
44288
51187
22305
8838
2953
49603
19083
43844
47152
52108
13267
30328
36579
18655
1617
17449
12606
29049
33980
46765
22978
50050
39854
31243
30824
11293
10121
38174
21819
40889
35770
40706
45226
5388
29476
46510
18573
6583
6352
45182
34087
4410
4648
3323
43586
27740
43275
6217
41041
12806
490
41750
10998
12333
34201
20162
25196
3403
4858
1239
49198
7969
49211
18454
13662
18915
25719
33555
40051
28392
46986
6815
50689
3580
50918
9792
36516
452
27163
23415
10431
27653
24652
12181
19222
35889
21348
52619
4517
11183
4678
46181
18503
37590
14148
45505
2048
34021
41736
13826
52998
34546
24486
51524
52858
15430
7130
27747
51957
31922
34398
15949
12789
1336
38684
44672
12815
29791
50562
48257
41086
13396
12387
7138
43569
21346
33617
52943
179
1031
11217
44638
16388
43282
40375
41920
11469
29988
26944
31736
41505
8450
25359
50359
26806
18876
16591
11106
40595
2822
50007
2289
40892
23104
21019
42860
25264
3483
31791
35652
7132
37955
17886
33291
49840
48292
8129
3609
13951
3890
14740
20892
516
34961
23538
28483
18927
23069
12080
10263
32031
46319
31639
21070
33930
44285
34987
2726
31016
28109
19001
40155
31502
35574
35773
373
40942
13274
50721
37161
21451
16236
51713
23561
24754
33386
20067
35395
38916
37311
40829
8899
6640
21416
31391
7126
18381
80
11303
22268
20869
3307
35803
12889
34774
19987
48088
40840
48370
52130
3546
50932
8774
6773
25037
16997
29535
17898
2607
51699
43720
18270
600
3218
42336
29932
706
7315
43577
12973
47411
20250
44227
19137
21793
5193
52767
49576
30341
42568
8280
12784
28208
13047
21243
22195
19002
18571
3119
47716
42601
20504
50887
39597
10582
3209
45381
38128
7436
34393
44401
1705
20226
22765
52590
15052
1296
50088
40085
34024
47054
11810
46020
3071
24447
5334
43926
27705
19692
20159
11542
10596
33557
22574
3222
50658
42115
7371
25737
40639
46737
21717
5257
2958
52953
1535
2458
49439
28507
43658
45350
48046
2551
33065
46242
36371
42460
9557
35733
48810
48417
5109
31640
17175
51808
21929
26753
36352
38691
12307
44674
49214
23846
46339
45230
37000
27996
17366
4524
18286
326
27626
7092
16464
2038
9377
4390
23713
34121
34527
40866
49979
37131
22209
21441
15176
25109
31324
52291
25082
45993
12711
8426
15280
31390
2543
25220
23525
39943
5317
19198
41566
8421
5837
6123
26992
16461
26990
1292
452
2717
42937
34857
14169
20327
47592
4765
3716
2200
36828
3728
25285
46970
42506
47695
18369
3581
25236
15046
34608
45517
11432
45781
21147
39741
37039
38864
31436
34617
48612
51832
8593
25233
34886
663
17918
5153
1508
20361
48638
18557
36869
35261
28398
50426
11441
35315
19206
0
41319
43512
38220
20676
26323
37685
36183
32073
45755
32510
7470
45374
46855
13318
37627
33499
13779
29519
47375
33109
14819
49303
9538
43865
39786
12182
50847
7701
19430
37412
46578
1906
41259
4216
22935
25190
5306
48930
49352
34478
32518
7202
46955
4152
42988
33578
10902
16774
15508
7734
47072
34102
19408
3708
45173
15271
16856
24246
15261
27743
46815
15021
39649
20143
38293
22903
3867
38672
970
42937
4010
14878
25540
17455
44247
17578
34341
9512
40679
31718
37061
19072
2445
22954
46423
3581
48146
45771
8762
19554
22812
34043
41550
35193
28816
46164
4001
22915
34350
40973
36774
27828
18264
1583
1448
45650
6334
3921
1256
28260
22657
19336
28417
32128
26049
5611
45220
25972
15150
18618
15949
9229
51536
14614
41665
27222
6115
1107
35930
50488
970
50843
16729
17496
22270
26500
43351
50247
9676
27177
46160
5643
18433
18591
6629
19410
13114
30238
18412
26462
43612
22503
31661
796
916
29996
50523
52807
2189
17594
22766
8306
16268
44252
52521
43418
37665
35746
8021
50537
7220
24286
46241
14399
5242
17239
12260
11835
47251
9942
27097
20416
49360
52342
45678
14594
38262
31897
44425
10880
14442
925
1486
6971
18096
32221
38001
32636
43996
15187
17869
41829
7068
11060
32016
9109
38168
4388
27179
29743
10799
39857
41497
19444
28751
1147
16515
39060
13049
35456
15069
4612
18694
29638
48017
43914
8874
22778
52534
37444
38108
24085
12060
10926
35718
28886
39079
11858
49104
48331
21230
36441
46867
42969
7583
14760
9533
22371
41544
22342
22888
36550
49116
16361
39558
41779
33385
22617
31510
2302
13546
13228
17412
43020
42398
47040
21152
27553
38996
17040
30357
41639
23216
18045
52580
10011
36703
51086
6212
34393
7819
50723
5224
5127
6019
4978
7838
279
40795
284
30624
414
37507
41426
37520
1210
41590
1481
5716
26977
7185
4804
48124
12292
24286
37313
38444
46930
33261
7940
43290
50961
36406
3735
20710
49415
25317
25243
32425
3399
16674
21240
10083
15247
34884
13528
11413
42125
30881
46698
21975
24570
34004
4227
34256
13127
22388
25710
392
43532
573
29284
13235
46296
34598
19487
51900
7570
47374
13240
33387
28117
52987
51240
52493
34851
24288
18900
30318
8184
18355
50241
44126
52159
46488
44991
26837
42851
30309
20187
15644
3995
30892
11964
11898
35328
49758
14510
39983
45603
43154
797
48257
343
9522
25689
51992
12398
45310
15760
14720
18048
40127
24122
37131
50438
40330
48342
47112
45732
6494
2529
5780
26380
36660
15638
33507
23663
40915
35345
2771
42287
51637
38110
7342
2889
4626
34711
27658
43518
14415
42514
3838
15056
34154
52905
32091
20481
24052
30538
1220
29966
44091
30719
22748
34083
32827
13552
7451
7377
17233
24884
24188
37802
4556
15431
10646
29685
2440
45421
37917
26717
49064
42837
16884
26492
703
39632
28834
13516
44956
20993
19582
41958
39887
32167
8967
2444
18444
50029
397
31184
13763
26098
49262
1192
35178
22052
8222
30473
3576
13464
9918
15536
36966
21740
35383
23704
44780
1238
23643
29397
18836
23445
43145
47279
41015
41653
25539
37010
44619
1168
20037
14394
42358
52936
4261
47084
41778
4297
24369
248
29421
44691
30505
39363
467
24765
51322
26808
986
50605
51028
13854
50250
20580
25169
8893
12247
29262
9379
30730
34460
47679
5688
46634
17342
16841
51092
30516
49498
13810
26916
774
42412
45106
15850
47401
42981
11555
18074
41137
23696
18185
13736
18700
13961
2793
20339
31061
3466
45493
2922
23432
1372
7077
45754
33661
3990
20202
43089
46498
23661
26147
26810
22984
37225
21011
18749
4008
2727
51082
32442
49622
15824
30439
35290
5331
2397
37767
41410
5209
21621
49783
14293
36064
48989
15854
22989
24942
28531
5662
39406
11210
27832
25369
47383
14961
44583
38999
9814
46050
16141
7974
37718
2220
13983
49587
51888
1655
12771
8428
46667
16784
37852
26552
49097
30518
33765
24310
50744
50321
34897
48122
37865
41938
49797
286
24816
49925
11339
34869
7977
23652
18788
31954
8443
12141
33816
26200
22052
29844
33965
44755
51489
25003
44914
49659
12488
20621
50303
43928
1940
49162
32699
8897
30700
1276
8825
30655
30089
38225
29761
18078
18113
48833
51766
48796
18245
46143
19249
5682
3523
12045
15385
25752
1561
49360
3668
21740
15591
14066
38583
23138
11391
10166
3902
21216
20756
24270
30905
37080
15188
43736
29852
38009
50348
43943
8609
13975
11438
12902
211
16646
8033
6567
46921
21390
45950
35970
5158
40192
20362
5801
31585
49783
797
8720
5182
32466
25533
48986
4256
15214
30879
42734
3233
20240
3940
704
855
5079
2932
36276
17397
3952
24258
2486
13939
27467
24772
29421
50459
24795
11853
20653
6266
5923
35128
47980
43406
10652
22787
29076
38826
11851
30654
6951
9883
6919
8318
19633
24006
38440
25963
37015
13841
31403
9938
33965
18563
29618
9784
49661
10176
24984
4812
35828
41708
26346
7110
47262
49731
44841
49282
41850
30003
492
29484
27328
19319
44395
36767
12662
51674
38054
48190
4162
48716
50276
24357
12002
2851
19599
2093
49791
49704
19652
978
11928
6909
32112
2211
31147
16705
28302
18334
10198
1424
22502
49997
9188
47577
8695
51777
46723
8645
5725
29977
42977
24305
11222
13823
5231
34112
44246
38671
19950
16977
410
26829
45502
34568
4049
19546
3318
17523
39559
42619
49445
47883
13099
50622
39647
7405
2624
42001
24411
40964
313
8497
2193
9117
46822
11435
49513
33751
21715
11171
8646
29845
30679
39367
34522
43049
41801
25647
8523
19926
727
28420
1419
44050
24937
31042
317
20358
37650
1571
49683
37052
37982
37497
41149
31140
7567
49151
41876
30771
17034
29189
23348
2592
24126
20198
7976
11036
34605
19031
25679
50318
40066
40143
26372
47392
43098
30677
11243
28065
45760
31907
5743
9951
47665
34301
26137
35105
24326
15262
11235
7055
45119
10703
32699
38863
16340
35516
27691
10077
29375
8094
4221
33934
2461
1854
17419
33977
34220
52068
5204
5505
30406
13061
4779
23435
40340
12474
48978
15953
21758
34395
43180
21193
27694
32631
703
37646
30964
32566
23032
29529
32636
48342
22585
25643
41412
33446
51309
42769
45145
29987
6532
7924
40770
52436
11314
5547
19196
16012
41634
23488
48044
16819
15585
17485
34899
40537
9941
42617
40251
19721
9883
17498
17536
21365
33951
32
3178
22292
41638
48980
29055
24565
46944
32883
1221
8990
6818
39284
6533
49309
29767
42289
13675
41970
3423
17661
46634
2288
5343
41723
9668
29727
38632
21430
15927
49839
26932
42890
36212
30754
29578
4270
28369
14630
41251
15069
42349
51677
15093
40360
29843
28491
33845
31169
4912
40636
45217
41862
45295
44280
4299
25001
9908
48877
906
14688
46366
13806
19635
27453
45741
28141
41757
30004
42882
8466
2481
932
14
36511
24000
19948
1875
38386
4670
49884
1839
35605
36101
22437
5542
43494
1837
30758
39319
5102
718
28484
38231
42521
48336
48621
810
51569
15242
12001
31920
30542
6711
44677
1595
47214
31126
38077
17983
6341
42472
15389
35435
9729
14701
349
37572
31229
8911
24159
19736
1416
39136
22806
20231
15977
26272
42829
42302
9266
19086
35513
36478
3494
51783
2035
50513
34711
45085
20718
42652
5984
12575
5297
52824
44100
16982
49410
16011
16730
14831
29176
29075
4558
36940
9691
37395
50940
18405
49130
23182
35843
47085
36712
41031
10892
26783
20899
34123
28286
51759
1411
28527
27160
24997
19284
6907
24346
16676
29472
10912
30560
34248
18420
34581
3579
37694
27789
46725
51494
32374
42151
15717
25602
45171
38330
27225
50159
43467
30577
29702
15983
42177
31632
15738
31824
35680
22697
42224
13223
4906
23275
43535
44147
20823
1512
49650
2765
2337
4578
37235
8730
28628
9281
21864
48394
14835
2459
743
47664
30445
21313
3454
42734
24223
48657
27747
35765
37707
