11937
25990
20314
8398
25306
22172
1879
12162
26249
10938
12289
10030
3202
18317
3420
294
4418
11791
1941
14534
8586
1708
6992
7900
1222
19450
17397
9416
8260
17410
18757
1353
7240
25583
3003
398
3573
28938
18782
1517
27005
14039
28467
17795
4001
9824
18391
10497
14908
17356
1577
15719
2689
14036
25326
9464
23966
22938
11255
3921
8448
7046
3389
27687
24645
9566
15020
18220
17761
25313
20157
14806
8008
24304
789
9044
11915
25953
19731
23334
8045
28650
21079
19504
3797
21351
10886
1514
4526
4584
17034
9559
13369
1145
11006
25248
8508
20143
9119
23205
24644
1628
20302
11695
14518
22272
10363
12285
8748
7868
6571
27288
10203
20611
19729
4397
24400
17256
15227
11511
13915
2318
11419
4567
323
18392
14142
353
10681
24078
2770
20180
19433
8856
23048
13957
11963
2930
14961
18672
728
14205
12380
8469
16592
1229
8069
19027
27768
2836
15498
8044
16704
14578
6223
19004
4907
7839
6833
17502
8784
1415
16367
21709
21165
17865
9301
17917
5995
26740
10082
16148
27124
13263
12850
12440
21489
563
23694
19125
15352
6934
12614
6827
3339
9727
15456
21562
1844
7641
17794
26275
17060
24255
9964
27389
15923
1482
15641
22985
5921
1218
24676
6474
20843
21270
19744
4644
4233
21609
5407
25400
20581
11228
14724
25705
9750
27858
13452
3470
19122
7091
4174
8692
14754
4817
21764
16224
5783
28841
6425
24870
26074
23214
11282
12712
929
21520
27306
19742
28382
15195
2294
10119
16761
27600
21703
22586
13214
645
17765
1571
2585
2065
8184
21789
16310
27504
23114
21344
9837
14247
20225
21704
7146
16757
4521
22002
8115
15055
17109
19003
19466
12846
5085
25766
4090
14126
24884
4914
14807
21990
27425
11222
16086
10119
16973
1474
17091
17314
24172
22995
27050
7211
21668
24250
18981
3532
18595
27907
26492
23807
4517
2957
21186
1660
10394
10170
17644
9547
5390
1428
2748
6191
12906
5290
17892
2944
23841
16134
25151
2650
24693
3789
27785
20991
19431
8202
19166
7622
12565
18479
20592
5006
14757
5001
27042
23347
22704
9926
9417
8939
17426
27926
19995
25374
9622
5452
23783
11880
25806
3047
9236
6909
12496
23001
18518
4487
981
7571
14843
24415
23675
12755
9715
958
6738
7315
9694
23454
27115
17847
14407
20690
19579
24435
25718
5446
28912
28702
4236
9324
8003
5663
1255
5397
7835
13491
24981
16121
21011
7392
21606
25323
12465
24578
8186
11051
11823
13783
10577
4681
6550
40
5217
379
10246
19502
25738
22491
16771
3815
17334
3712
122
20108
1204
22616
26601
10536
10563
3991
20732
6527
10331
2110
17403
20192
16800
19203
24225
10473
20136
11632
7423
14957
3932
12443
24847
10661
25843
27218
213
7304
19081
5584
19855
24664
22806
22352
12846
115
11123
25789
27100
23658
2632
26220
7357
24754
19441
18263
11371
15820
25015
12535
12001
23315
26402
8853
7921
11778
26708
15541
2881
25047
27665
28575
14223
17600
18011
4123
26622
28649
5601
5473
1665
27447
20751
26490
28532
12739
28465
27598
26114
28782
15218
19515
9992
3390
7745
286
7480
11402
650
25242
16131
23000
8067
6658
11542
22152
17677
6204
10189
27173
15874
8501
25285
8232
16742
1603
5186
17904
11269
6674
8561
1818
12116
9534
6776
12424
2124
12546
8906
1697
7385
20683
25830
4030
27154
13269
11391
11732
9657
25008
13655
21147
8385
20189
21124
12186
26207
25299
4172
6324
12848
28584
22693
19123
19242
24782
3501
28991
27464
6237
27136
18203
21325
20014
12272
24741
6050
19483
2871
6408
17810
26569
2520
4888
22802
14167
26923
27017
27494
734
24423
7284
19191
14412
8601
9118
18280
1782
12347
23479
27728
15578
5536
5356
17418
25854
13988
5818
1767
28449
449
16552
5614
17156
28356
25207
10802
13405
28781
585
16161
24240
20677
22299
10900
49
27514
6648
1618
2650
11318
13643
4552
24229
15998
11832
21339
1224
21902
18600
9518
28459
450
2352
22335
8750
1095
509
9691
14539
17039
8141
6474
15645
13571
22637
9357
1044
3852
2787
27972
4614
4834
11807
1908
26612
26645
15723
25061
7366
3570
18292
8938
1964
14245
9899
27690
15754
12397
1909
14643
3286
2797
13003
25486
11346
24430
5679
23109
18952
21602
13844
4865
20847
3035
8256
4881
3769
2202
15577
8236
23758
4812
18640
752
6249
5918
14551
12419
22060
14682
21643
2470
1386
10586
22902
497
7065
3656
14476
26209
8779
2840
20895
5774
10447
10589
569
26842
27841
11608
5397
9364
17010
13728
13659
882
25805
19099
26750
20045
3696
7186
6260
13526
24883
19962
2249
21847
6240
13071
25984
372
6511
3219
20696
887
14148
7268
17318
7371
15431
23228
11397
9441
20256
23866
11407
11062
27421
19206
1422
23798
20346
23089
25507
15233
27452
28450
7194
15395
4386
25957
11256
23026
14744
19543
14426
20472
6113
8860
3300
18112
14472
9025
6747
4430
7835
26902
28224
4887
8565
16515
25993
20176
22639
8907
17077
23186
28898
13390
23235
25866
19035
760
19712
23591
10107
18719
17275
21861
19050
15370
13479
18374
744
18148
23988
5104
2056
28048
1322
21426
22241
11343
15116
14864
3249
13012
18381
18942
22160
19785
20985
13048
17359
11027
5018
2056
8068
4335
9390
10393
25939
19848
6353
25368
23482
8481
27013
11187
10017
14212
19122
7513
14268
12397
5243
9457
590
10065
20663
8279
26084
10240
13784
25745
10011
7465
21940
1672
8247
1781
430
4329
2313
19403
24857
22139
26459
18843
24760
26443
12747
26126
7060
23955
2315
11842
17434
9369
14849
25276
14384
25787
3696
16006
9813
1049
9001
12136
90
26595
16815
27634
6489
6665
6150
5599
14968
14481
11279
17918
9562
8659
7107
25394
14266
21761
12889
14938
25909
9306
24782
5938
26867
10741
3952
25768
19409
7547
11447
13163
7983
27997
10936
4380
18849
23917
6864
15033
12156
5312
17609
25423
18775
24168
28060
3637
26355
2000
15619
11336
23704
19633
16689
10264
20701
20250
13585
1537
19539
26852
16704
1581
12959
25291
19704
15375
16171
25624
14826
23595
28184
25267
5982
27113
1354
28670
4546
9425
9144
6685
19069
20656
20070
11194
27143
712
16401
2877
14935
9286
21054
7288
6720
21948
16519
3600
7873
5263
7923
1951
16872
2971
6449
16991
5362
20570
14257
26593
13241
907
6255
8451
7322
7775
7461
22776
15714
12631
23587
17346
26605
26634
22270
9323
7371
8899
25338
28696
9576
3942
8773
10710
17534
13411
5442
9879
6560
5579
2191
24997
22565
11815
23348
19799
14864
10521
11015
22337
11344
21458
21312
22133
13625
11386
6230
14160
21366
18006
27773
9352
7944
11619
25637
24297
23064
23744
13520
11695
20789
7890
4599
533
13763
28274
9169
3716
13224
23305
21746
27159
1708
28507
28716
20915
3132
18361
2932
24652
9595
16344
26323
19395
21766
12008
4687
21292
16298
25127
7966
7347
26637
13915
17943
21782
28341
3878
253
8510
7873
24755
20408
17183
19634
28624
16073
12015
19757
1724
2642
15091
3944
3599
15360
20125
28590
21201
7959
21858
17089
20562
13064
27183
12659
12969
18449
7644
17233
17041
473
3081
4869
2581
25422
15621
24758
20195
21061
24525
278
25126
6126
20137
11080
17638
15929
2082
22915
8339
3032
6976
26872
13519
18595
3448
1156
481
13626
14571
8370
23789
4555
17641
19520
6432
9888
24276
6580
1306
15988
8442
1276
19420
17610
5330
11631
15921
7105
22399
2482
24825
1848
4178
28491
12665
20210
21017
3972
8606
2542
28798
16868
999
12791
24283
26752
5411
6242
20561
4521
21087
22073
27104
28770
27002
6419
5569
937
12620
1429
1575
28111
23168
26002
10836
7174
11347
11882
16479
10606
11925
22866
954
27683
2972
5295
17402
5711
14863
27768
27273
24616
4912
18752
11429
20493
3019
18997
27699
26666
11443
2952
1598
6413
8548
10529
23529
26765
13307
11006
7197
2223
16153
9263
1539
25932
18030
18834
10395
4906
26715
2638
1653
18212
26840
22326
1965
5801
26620
11428
11188
9231
14410
7303
12897
11169
26120
26058
11670
19628
16963
23858
21535
21210
2031
20380
28373
16217
21395
2105
7081
20876
8313
13160
19924
18307
26498
12982
9626
22625
5304
3924
544
17306
27109
5012
13875
5039
21697
15969
19335
27400
2993
8947
25545
24228
16354
24356
5748
3736
18446
10450
25103
22690
16933
26665
9688
19992
2220
7924
1202
21898
21315
26640
15194
2505
17944
22214
22984
20010
11458
14402
9464
13947
20832
6956
10167
681
16127
5331
14235
17740
5778
23409
24540
16216
6916
22143
6271
22080
7017
357
23113
4536
12194
25518
16215
18151
22400
5654
6972
6055
22983
10329
973
15403
18580
8698
4062
12805
25674
20548
26807
27257
9653
8937
14889
19793
18105
24916
4523
20485
25757
21333
2305
14838
15665
209
20579
2800
719
20026
5484
26058
18134
27938
15529
5179
6256
12896
18489
13939
26054
11277
28596
12747
21418
4958
19684
25218
17513
14
504
9605
12475
10566
20576
12689
5035
17452
7194
19976
8642
28614
14427
28414
22248
6265
12185
15927
7626
16795
3709
23416
23959
10848
3798
11254
2140
11261
1424
8254
17808
2695
6748
16690
17649
1599
9673
28989
18637
23764
19168
4
23037
10605
17285
27440
14916
25082
19081
13668
17077
26133
25004
26279
20042
18403
25512
15975
1161
16041
16482
11259
1097
11444
19633
22458
6954
10329
6824
421
3962
11518
3400
13534
21476
14371
8310
7564
25747
22552
25653
24212
3845
16541
9468
8029
3539
13400
1544
22008
24852
22958
10220
24939
5760
15697
19460
8568
28762
20954
5050
18510
20711
27276
7567
25044
4284
20765
3603
21917
24260
13441
13912
27925
25574
23220
15241
1974
14565
13948
1080
6655
705
20249
27604
226
12818
18034
22465
6225
17349
22166
10138
16716
17072
21931
3081
7561
8415
3382
15
28656
7889
14919
20528
11794
15756
25536
21493
13942
6468
9139
23925
1431
6755
25829
261
5973
13939
2419
3052
239
22543
7271
3220
1762
3207
25687
1682
11769
50
15786
11167
10905
13854
25096
383
823
27395
2837
6646
320
6741
12905
17666
28908
23208
22215
20980
20424
21558
15056
11856
24383
10212
16596
3308
17653
7851
5900
5654
11696
2538
23222
5005
10851
6824
8438
20233
27568
21719
28694
25271
28513
6044
25530
19453
9514
7395
26546
2068
4215
16008
4957
8619
4390
12600
2134
671
21681
23878
10358
26544
7610
24233
14302
6591
13579
130
1214
16084
3289
16820
22567
19804
4596
26252
9978
27240
14638
15360
23851
19497
20021
14516
5589
4463
5647
263
23379
14520
4713
22340
288
2581
28372
23341
28756
16536
15348
21361
6884
12826
27118
11118
4997
20778
5758
24634
19396
25760
23266
7467
13285
16559
27159
7495
22886
3760
25542
26149
21879
13355
8418
15706
18824
17705
27936
13576
20870
797
724
28577
1100
13193
23916
21921
13755
28508
22107
23329
3158
16905
9876
22056
13908
22843
13945
12252
12626
4812
21151
12462
2244
21157
16639
17980
2712
5112
18908
5144
9104
6937
10276
18901
7362
5619
1014
10161
7285
14118
17910
26254
16890
7590
27743
8771
26917
592
18414
864
294
18165
13982
5598
12377
28233
26838
20381
28006
20485
13243
15703
13805
17688
21955
22665
11986
8012
4888
10762
19512
5797
1908
19844
10102
14868
15615
17104
18747
17330
26339
14990
17791
21992
21840
13642
4599
5563
24681
1833
5492
5501
13169
115
21225
8686
20435
2355
12376
658
14662
649
28304
1964
19241
27984
7388
14576
19752
19147
26651
25053
18603
6515
20135
26753
7319
27692
12252
19559
20276
23622
12903
25836
739
16190
10569
4504
3209
156
5551
28503
1764
9568
6695
11503
23616
28070
12233
5747
14031
1672
6663
15502
8339
21650
23915
25788
10721
22457
22788
10674
3924
28133
27052
21574
6595
2854
472
3689
16824
20962
13685
18584
14726
19484
13844
3258
28390
14017
3985
16348
19414
28899
7046
19760
23311
14568
13431
4268
13129
8509
14250
13551
17973
25716
1629
13526
19543
15902
22611
6381
14974
20089
6948
24297
18177
2505
24440
8058
20775
1645
12296
2061
18731
25817
9946
16599
20058
21977
10583
4543
9371
13789
14330
18898
13603
28567
28103
6362
22921
6649
23293
6120
5508
17388
2609
23638
11103
3732
26321
22185
6422
1247
27274
13380
17633
9020
3351
7488
754
22800
4102
8543
17683
2083
4920
848
25601
15433
24517
3180
615
26757
28458
20471
10009
5264
23145
15458
4902
22623
28314
5382
14376
7811
10339
20419
26156
24161
6617
8526
10888
26633
4234
11177
16126
26924
18593
21036
16068
5295
9685
21953
14092
28181
18607
16117
24503
5008
27598
11930
26569
3247
19504
5050
16569
23500
22607
11790
25296
19324
1525
1397
8955
6249
24054
2432
11830
9221
16817
4058
12871
4028
17746
6468
2020
20892
8023
23734
12107
6465
2365
4266
268
16217
6974
13051
13108
11902
14329
28371
6057
13194
10615
13545
12549
8860
16885
5873
23057
24136
9915
2518
7567
4469
12360
24491
12860
20544
28743
19615
24336
4887
28762
11278
25283
22855
28209
9124
8870
24886
16103
4900
2811
21613
23050
18127
22595
15333
7117
6145
1490
28411
24947
20989
19240
15982
25914
24144
19678
4788
18410
16771
24931
16300
12369
15506
20755
28295
26140
14065
2699
3760
14371
16238
19371
21474
5114
6130
4624
24449
2000
15218
4933
5280
2094
10562
17637
21018
18773
7256
24056
7540
9580
26158
7056
26479
28269
22705
13854
25563
2795
1239
25742
11615
9331
3157
22428
27870
19235
22158
18305
11515
10963
3296
21358
1005
12255
22017
17988
9885
11134
19703
7861
20012
18802
6900
20658
5418
27660
10016
25634
4953
5483
20841
27692
11344
25201
3733
12114
18403
11234
8016
3786
11280
23442
11409
21425
4956
15746
7582
6110
19100
18383
6600
26889
8872
12015
2098
4854
8601
15352
23155
6370
3859
26095
15571
26681
5118
3602
4626
3409
23007
11155
3323
25990
12355
17633
28823
22987
14651
22140
22606
24802
11298
493
14481
15360
12580
7152
20115
232
3761
3943
25270
21634
25775
6780
17097
23616
2670
18114
12607
9189
1604
3433
10043
28506
12009
25172
16279
10598
1229
15217
13172
24330
26605
18492
9036
11870
26556
27928
4043
5011
3790
18931
14356
7694
28752
1141
22408
15470
22739
21717
22033
1418
9240
5424
11044
4706
17061
12215
4861
25960
5413
23819
9389
7682
12166
3616
16606
16272
18764
5779
23279
4588
13259
11562
3690
25811
17441
21862
17843
21174
7898
19695
13508
7461
15573
19381
15627
16049
14780
1966
11277
22828
21257
18048
27691
3688
18131
10909
27347
10344
25240
5174
23290
12639
6148
14094
19116
18563
18888
4452
14646
16302
9390
28436
27139
18521
7193
15251
16675
2452
26897
3196
19482
7742
5916
25724
508
21646
23088
7599
21566
28228
17628
22292
7368
8439
10719
6668
12702
28092
11136
22354
16566
11407
24148
26920
11748
1978
4182
1646
8424
26711
24497
9751
20009
27579
14601
2242
2011
25313
22776
3345
25612
13647
14252
9674
13221
2857
3997
20840
26364
21761
15181
997
5846
10160
3304
13102
8553
15852
12618
9211
22559
24525
26968
1969
19342
9029
24342
19222
23285
10156
10376
23857
929
18005
28068
4419
7734
561
10820
2302
13281
18566
9794
20800
5154
25243
117
21764
20279
2571
10856
989
27683
14043
2713
13336
19997
4090
9326
7085
20341
23372
3123
22601
16793
9050
5337
20580
27734
28250
11376
13442
18210
9799
14341
26360
12902
5469
12567
23236
19921
9627
3915
6009
14248
26837
18800
3118
28650
17180
14757
9010
12735
709
8094
21071
17144
13339
11821
14992
20873
5753
24300
271
23771
5144
19929
15463
20263
1537
17603
13371
27693
312
28193
19810
26322
11158
12610
15624
208
12033
6775
18938
11847
10050
19260
23549
9225
27098
9469
3595
4459
19626
17981
16307
19928
20454
19034
24116
11816
24949
9757
13390
3981
14751
2677
15725
27278
13387
9659
3986
18692
6044
18872
21248
27650
4328
27882
23616
21433
10301
25621
24954
17161
18360
12471
24760
11964
11195
8756
6744
24653
9858
13360
6839
7726
24179
27027
6028
3631
5888
2830
984
9170
22969
14147
26240
7194
7970
28299
19380
9676
15727
3234
7208
25606
7704
8492
2276
17429
7269
18179
6529
25298
9791
13240
25507
2572
12648
11031
27214
16377
23168
13247
11086
12573
24157
6
10423
20942
26086
14932
3333
23718
5644
11094
28577
5503
7406
6115
18793
17741
26567
15491
26099
20196
18238
12202
14614
9675
23386
1516
23060
18296
26800
22627
21064
21683
18234
19860
13768
22399
11294
16512
8527
11019
6480
23702
26594
7766
16181
5926
19252
24065
14789
12096
10809
8366
11284
12746
20956
6806
17285
7768
3365
11009
2051
11790
25362
19158
10094
20273
1424
20307
15070
20580
14486
14038
3352
17087
7590
24593
25882
10649
24610
14380
26691
9302
24279
2925
17892
9571
3808
21130
4638
15030
13466
24687
2646
26059
21503
9515
15868
18594
1930
13189
12668
18676
15030
13220
19398
26339
14618
17875
21760
26545
12565
25340
25366
13169
20274
24715
25923
17674
15064
5259
17999
8106
2433
15351
221
4783
20253
16502
23904
3249
12114
2393
17025
11515
4946
18241
10456
11032
569
10985
20412
24730
23898
8619
14600
18541
28429
5862
389
13818
10311
21869
26470
2176
10101
24467
19500
4133
16518
17530
6678
22067
21973
18092
20556
16437
26520
22080
4760
11760
320
23902
18338
4335
28645
28886
16623
814
9380
19194
5509
5248
23384
1723
12526
23284
16123
21713
8646
14674
16839
22157
6226
7908
19638
12584
20495
19783
2738
8343
26764
21809
21242
878
10718
6292
15457
1136
26742
27648
27444
4713
13304
18647
26328
22355
11083
18338
23294
25292
7968
4170
28733
9913
2641
5728
4978
7860
5607
8133
4933
48
1448
10701
19331
4925
3155
5142
28748
20239
9497
13136
27825
1705
2618
20412
13588
21111
1409
8318
14987
401
7517
17847
16082
1779
2197
25603
21580
22345
20696
17530
2046
28392
4150
15522
9000
15008
12398
10041
21905
2493
17820
4784
6653
