7356
129
6098
1635
5637
3927
4798
1435
1942
1316
404
4891
3362
310
3322
3588
6481
6725
6640
6715
5787
1141
2826
5123
8938
3562
2747
8912
8361
1168
5988
8731
1241
5271
7938
767
8914
8079
2806
3382
8773
2630
3189
5352
2016
827
5976
6938
2299
2238
4862
3999
3784
4126
8557
8894
6312
3542
4479
5383
2207
1277
7233
739
6481
1512
8343
31
5527
3847
3203
7612
8193
3041
2085
3255
4000
3812
7476
936
5051
2549
4011
7857
4246
7304
2958
1461
484
6197
7683
2466
7713
119
598
1164
3802
1586
789
8064
6440
1880
4306
865
4703
7448
623
6235
4220
1885
6243
4898
4077
2230
4475
7405
7851
4398
6556
7661
4531
490
3276
4
7482
707
1848
1292
518
4416
5152
365
921
2345
6639
2089
4792
4393
7951
6376
5955
1257
4905
4580
7125
1869
6674
8576
5290
1102
1993
6714
4408
7323
524
369
6527
6773
5498
2597
1746
8430
708
5986
3207
5804
5885
2752
5171
5831
5921
3123
7678
5069
7993
8026
3326
4119
2012
2197
8144
3378
905
5632
5857
844
4624
574
7218
6728
1577
220
1562
6088
829
8764
2333
502
1729
1162
1338
2855
7440
4703
2003
1548
464
3111
8885
3911
7309
4177
128
1982
425
6251
6640
5391
2173
2879
2945
4545
5769
6029
7898
3010
6791
5606
6776
3290
5646
1603
1707
8899
1746
5424
8397
947
2329
481
638
3552
8257
6303
4582
856
5604
8286
2650
1713
4285
2590
535
4899
1821
2244
8517
4024
38
1621
4962
5469
5305
535
7552
2489
5770
8739
5232
8470
1409
4122
4309
8232
6188
5499
1926
8913
8175
5015
8275
8815
3894
3897
3681
8699
6913
8765
3544
7407
2558
4540
1001
7755
3085
3257
2733
1931
8244
2348
4689
977
843
4856
8710
8810
4570
5642
5188
2656
6
2792
2111
5780
8706
7060
1834
8949
4826
2172
2367
4154
6307
2560
3872
5679
7503
4879
7728
1439
2956
2885
3691
4863
4540
5237
8692
1667
6167
8351
1893
1991
1116
3031
6585
6468
3695
874
6398
7573
5252
1909
3982
7684
2505
2900
7132
2190
3994
4915
5779
5848
6870
7668
5162
2477
3567
7542
564
2725
223
3359
1628
1467
1686
5366
3446
5947
1935
6439
5041
1870
538
6548
472
5987
3333
7188
5192
2964
6715
5786
6939
874
622
2245
7963
62
4777
2463
8330
3758
6366
6077
6086
6256
1751
2394
4882
2501
3288
720
4064
8357
3057
884
2043
6139
977
7325
7000
804
6053
7889
7540
6618
9
1003
976
5240
1597
7717
5210
697
6889
3149
1654
4529
7227
4080
5489
8911
8077
4184
1069
6981
5948
4227
5257
2854
1658
7650
1056
995
7749
1266
7074
8898
1665
1178
6343
2956
6128
5697
6279
225
1930
2924
1552
5955
5048
1306
7295
2715
1593
7996
159
35
4359
1051
5055
3938
3892
8815
1477
7149
5319
5210
8912
7728
2035
2215
7196
6681
8574
418
2391
4141
1206
3430
7280
5993
6327
933
3983
3399
8970
1751
5071
3611
2544
201
272
3057
916
5793
8338
2469
3310
165
8563
783
3827
8933
2889
8009
1682
2603
5916
6934
8938
3325
7962
7832
6703
7940
1102
8614
3339
4893
8795
753
6264
3458
66
5193
6740
1588
6715
4288
5638
4446
4935
4067
5757
3161
8572
6273
1888
2768
7658
3441
8856
1839
4355
3492
1993
1245
3432
4916
7711
4379
3478
3984
1598
8408
8471
989
5274
4898
5468
1778
1276
4083
4432
6000
5190
838
5416
620
1509
2700
3759
8123
3285
2496
342
4089
4148
3251
5505
5893
8332
7188
4804
4868
44
3280
5108
1721
4592
1674
8314
7694
8204
5247
2002
3162
3656
5568
2482
167
8173
2629
6301
3406
1486
2123
2152
8618
1881
2257
2748
5454
2973
4917
5082
3315
3846
6670
7797
1465
2091
5373
2936
7073
1417
5437
6368
1222
920
7940
8484
8790
3131
6549
4266
2904
2773
3244
411
7084
8935
3013
8966
2969
1534
5569
8035
4911
2161
2342
7949
3586
4512
7009
5738
4591
2960
979
7271
1702
4091
8365
5068
4156
3740
2834
5592
804
8312
8568
3869
8962
4616
1585
739
6060
643
1780
6603
581
8136
979
2169
5662
657
6010
4989
651
7844
6435
1187
2640
4643
5728
5758
7358
1947
2182
4179
4374
3865
8690
7249
3305
8032
507
6863
1994
3208
7299
8558
3752
3488
5491
5702
5851
1692
3858
5660
8434
6865
2338
352
6783
6477
4272
6820
2768
5357
7430
6297
7699
334
5358
8644
3477
5948
8053
1878
3079
321
249
6185
493
6045
25
8013
8980
5020
1800
3899
7600
6789
6021
6025
7679
2310
57
1572
8325
7765
4702
3092
877
5545
8897
761
4473
8512
3684
3411
5615
4466
5075
1199
1624
1378
1888
2877
3781
6148
1021
198
376
8185
8278
1596
1308
6912
7360
7833
3459
344
4490
1993
3050
4592
8190
6932
1042
7311
3028
611
5894
2727
252
6548
5684
51
3237
2417
7098
2434
2663
6250
5359
4996
322
8387
1547
5337
3232
2120
1083
2817
8246
8972
3293
3254
4826
1513
6276
7837
2729
6970
704
2596
1216
5509
5638
4477
3205
172
3528
4568
4490
498
2808
8984
4732
7250
174
3523
1470
1451
8476
5581
13
1401
5282
22
7096
7397
3946
6095
3671
8308
938
4133
5596
956
2266
4516
1794
3371
6017
4484
2144
