30925
37119
40241
1443
35366
17881
29042
7709
24997
7085
40143
4583
33579
26807
21799
20054
28726
25016
31966
4197
39913
174
23278
9416
31511
4283
18738
34952
29785
913
21878
10583
13103
36167
18730
10418
19971
39650
33669
11470
4649
35810
9558
19968
26210
20231
4750
32765
4664
23681
2842
891
38020
25257
28572
34658
20131
34664
10088
40755
25383
289
27244
24571
20082
39685
17305
12995
25085
21556
18855
38392
26710
22507
22364
17954
27752
28198
5013
20899
10052
11850
35237
11150
2222
30207
14914
16497
15698
36657
18615
31016
25037
22555
21780
40927
17112
33047
23066
35236
12407
5691
16090
3743
14977
23387
41437
2423
2167
6558
16062
3243
27519
11712
23692
33105
8522
25981
18636
19526
38905
27285
8635
42587
18375
5448
25376
5920
25480
11462
12024
11496
41631
7131
11723
22296
38236
9326
14468
30197
18629
469
15119
5473
39531
33951
12218
37818
24245
41709
7133
10263
30515
19670
13598
37648
33193
17525
12214
23849
7411
1441
30351
33074
41487
35097
23047
9150
34533
34714
28030
27622
42572
6246
32338
42218
30982
21731
36708
3907
41948
26877
1275
14704
27972
20217
23799
20146
32270
11775
29824
4542
31326
17746
1109
28743
31572
28536
31664
2958
24040
20993
25630
22271
26264
18614
17133
21097
21500
24543
26974
10497
10960
34648
33113
37323
8880
31465
38936
34679
24275
19793
5604
38276
14838
28782
31403
2924
14881
40660
38003
29147
8319
19464
24585
25212
12671
39071
30698
32266
18183
19815
42707
17961
16264
16538
18835
22623
11324
8155
14469
17490
23156
13271
27852
33462
21622
3521
20144
23979
40772
16257
24629
21601
9088
28538
34602
11849
38363
15262
1727
37122
4885
22921
8367
21805
3806
9999
34541
33869
7059
11619
29467
9726
27269
39157
42630
19817
31099
25390
6981
27033
3983
32955
6416
42805
15182
13308
478
24634
8433
35448
28438
11268
11985
8223
38287
7826
927
25051
5091
35867
36009
18084
9550
23352
18993
6791
38773
10184
28040
23426
2569
24034
23439
30318
41050
13866
38150
11106
15728
9699
17157
18864
13461
941
19639
22302
999
17292
19047
41771
14185
30741
26579
11307
4905
7909
8141
39289
15076
20359
36281
19129
14637
23394
39408
1191
1325
33581
17514
35135
15165
7600
42067
5186
13423
28288
1764
23921
26298
20206
18050
6121
29219
26574
26916
21596
1049
13391
6445
3904
33305
32867
42362
4414
21576
19692
33438
16577
19831
28561
10072
19392
17056
38388
8198
5234
40167
6330
37435
5581
29716
39734
27635
3699
28965
2938
13640
31090
18137
8443
4541
7462
6759
20807
31863
27454
9420
4382
8412
19655
22971
14754
5339
38065
2398
1909
9971
15668
15979
8550
26376
13814
26675
27871
8720
5228
22436
5166
28931
38730
7837
4925
7329
38009
39145
39344
10189
29892
12973
12075
3215
38095
4420
13381
11200
405
37659
12141
22598
16205
30006
37280
34271
19359
10912
11220
16339
18800
35458
39453
41322
3608
42163
4481
33940
2300
253
28153
41527
33077
7248
33070
23979
38205
20800
41614
16890
34545
31226
29402
17195
10543
4060
14309
25461
2621
13785
29315
6177
11627
14196
17523
9256
40823
14396
15835
21323
13667
30206
37638
38314
12021
33369
28525
8236
18563
5034
17375
36941
42376
37735
23014
29701
27464
32785
23632
27701
29932
4786
5854
20077
1186
21438
9605
33001
26132
39631
28398
8970
21387
31240
28388
22928
39192
42387
2802
8357
12014
6965
33070
13517
32784
29215
42358
7450
29619
28256
31598
35124
22279
2094
23210
34125
5279
17956
22246
21330
5283
26805
30648
25893
25894
27823
25639
7487
23217
11450
28818
36436
21027
28143
11895
30247
33587
16350
39278
29316
28564
9783
39914
16500
29139
20946
5132
23931
29088
10507
24403
24493
34495
15709
41644
16279
15490
13055
34513
6979
16717
20347
8921
28619
31709
5211
32373
40446
25077
35687
28866
36800
21487
24897
3216
31467
3828
15330
33246
29676
14376
17141
27999
42377
13741
26072
13613
40230
3962
15004
40144
28326
22623
36290
35467
5830
31656
15229
38884
22006
33620
31006
29070
22985
10288
27546
9205
34180
3069
3201
8117
6651
28555
13863
26351
5295
22760
26629
34848
7396
28754
12266
21456
3558
11996
30538
31172
23779
34288
41433
38193
26860
42065
22113
27454
23205
31596
11830
20468
10156
5155
11323
7749
5726
23797
16838
4301
40157
3174
25078
28794
3941
19518
9221
5124
1606
9552
14856
32160
13036
29537
12443
17247
10402
25955
13025
15654
37158
16246
35881
21506
12133
11194
14389
11289
24143
8002
22052
5688
16493
8680
32143
18261
26815
5690
20753
31664
40210
39870
40047
37955
17423
23616
19447
39162
18070
884
1764
4577
5625
41585
7639
37162
11421
22949
34354
3647
15947
21463
16887
5993
14334
21469
20949
32078
1820
6914
8482
3529
40639
15723
14492
20945
4222
18967
13889
38127
7540
14937
6478
17893
41986
27947
9180
4072
35264
16601
15647
19842
6150
9383
12617
7319
28945
28895
42540
2329
13874
25139
42996
33498
13680
6491
19706
25605
9053
33284
3077
9194
36598
7950
40106
7724
33740
22295
9773
8873
14744
38969
20464
11269
41172
2261
9400
9203
27996
32723
37423
4154
4059
39504
8243
26671
20393
30826
14198
35085
7338
26130
32407
5341
7458
11358
39445
25580
26965
32690
15948
7960
3011
12490
19416
42110
22912
28855
37318
14227
5954
2100
28682
19956
9235
39252
10035
17349
21839
2275
13699
22067
3543
38333
15395
15135
19403
41174
23099
35135
33991
19926
710
29178
40388
35824
26324
3239
8559
23873
28377
22930
29663
32632
21338
6581
36840
18142
3360
4328
12748
31690
24342
14772
27545
29097
17677
26129
28398
9897
30126
23250
39263
697
1535
18538
1104
18343
5471
3693
27677
23837
1907
32637
28272
41536
8035
11616
716
27519
10343
38914
7991
24301
23914
8348
20308
29122
6929
4857
10086
35092
27877
29785
28712
3518
26675
26036
32905
11418
2725
42284
15918
34336
7050
6655
19872
36963
30288
4296
21436
18900
36826
12529
15385
22270
19412
23808
37732
34445
5235
2523
26639
3123
33922
35224
7424
8881
21903
12445
39109
23238
23163
9360
26182
16847
24225
24493
1603
28331
13990
27371
37708
3218
39550
39321
42031
34569
40912
24482
25580
1285
35839
39553
24701
40442
14529
33819
11649
25934
5093
36496
20256
29958
32925
2421
33584
16533
8971
30986
34005
39533
26824
22267
17920
18507
20247
13845
12918
30988
1849
9190
31353
16725
21697
28161
10181
38868
11071
31598
9280
15865
35826
20042
25716
34496
11982
30991
2337
26029
13558
26146
33539
17756
419
38869
22827
10029
24090
33689
17226
1393
8211
28282
18111
23531
8246
3591
40137
17757
32544
42356
30321
20574
41603
26014
1671
3413
29603
28530
34973
4037
12237
31034
1816
3333
11930
15357
8378
14179
24297
35050
40317
34596
37083
27273
24130
28610
5896
35542
11872
4643
38503
6811
24240
12458
20834
23248
33460
11524
40560
29306
33536
8177
33099
30069
18128
37044
6306
1191
30161
8961
37858
9491
25133
30771
33029
19303
36270
16967
17524
16578
19051
37296
35520
3917
5656
11423
16452
19573
14711
37455
8439
31362
29581
20075
41694
5704
33912
6797
29870
39567
26212
37179
32887
21825
14453
30352
1788
11119
9710
20836
9038
11360
35448
40193
26705
24112
31854
26259
34590
20649
41013
30579
30055
392
36569
15425
19481
25310
1635
10875
40403
42369
22095
34078
13678
31767
23969
30255
40093
34359
15863
28423
32163
28803
36714
33993
31739
238
23294
10345
39986
16478
10249
33147
31898
12054
15472
15141
29696
36835
22325
10450
8429
28129
36525
30940
625
8657
3046
32989
15387
12945
17245
3115
39317
38528
1949
37197
27044
30060
14340
27014
39302
27618
4311
38844
6044
19201
16294
42805
32519
19380
39690
22720
11167
18706
5027
6307
10734
27068
9711
26910
36554
22954
26820
299
12290
29474
40182
37505
37344
25630
6227
956
8917
7057
16700
14898
17570
36198
18343
35540
4186
6020
39711
9247
7173
10106
28485
42686
5167
27715
26096
8430
27480
22246
11175
30014
34188
10102
26879
11480
1114
30648
6081
928
39634
42550
33203
6313
27432
15199
1542
19006
23813
26240
34175
31396
11292
14771
17079
29345
4266
32259
36221
7536
34982
31097
11484
13781
12945
35222
29319
10511
2439
24918
41336
38039
5931
24221
27888
28788
18193
8825
32832
41480
19164
30867
13038
28802
6928
6019
18652
28432
42313
28519
35003
12633
7643
2711
23629
29045
37803
21361
32095
24946
13634
8092
35157
42612
24938
18563
42047
35039
36753
23088
41849
12508
34019
9954
7489
17990
4236
40596
12929
40936
33474
25819
32885
37917
2689
15732
29062
23443
12488
34280
18085
40116
11096
24566
23611
31003
16789
2755
1341
25936
41165
8768
34877
23136
13358
20991
30723
27492
40212
25379
1458
31731
31368
14692
21063
2367
11916
24228
27493
7609
36522
32969
35844
15074
30213
20423
37784
29512
32343
30145
8005
6201
37617
14340
3191
40870
15625
17961
19368
12887
4757
26844
14051
33951
21335
39877
28558
26516
34953
20787
27452
22237
2991
8512
30680
37680
27683
18309
9406
40303
21164
8938
20443
9358
14688
7762
35733
19164
30512
17105
3436
12220
15947
13083
5008
22199
32466
19515
29820
9295
14019
30620
6121
22962
18522
38584
11477
41161
14777
22810
3666
29436
10751
18690
12995
42821
23239
4341
33353
4285
17343
1797
18924
38871
39729
4484
25372
38791
23087
25041
25080
25197
40287
26837
38621
31444
24174
9245
13768
29098
16937
13236
4240
37596
39150
4363
18442
14512
26105
40576
41855
9998
4939
41945
4771
41099
3900
6067
33788
1139
25761
9683
2091
27274
32833
3480
14687
37392
8017
14428
35612
42399
18863
19621
6555
3410
29220
15012
21219
42411
8595
22384
35261
1393
19766
4544
28933
39269
16503
23428
24684
16751
34876
13198
15699
26450
612
5923
20146
34368
31030
2944
36446
12051
23112
36650
22816
13874
19989
24790
41186
7620
42920
22994
13453
33532
8517
36070
5167
20224
30975
28930
4944
19840
33276
30206
33435
23912
36732
42080
25425
898
12160
36133
8368
12699
6464
22511
16779
28312
40373
23359
18292
39117
18245
40760
2405
40065
25988
13368
14163
28290
16543
42379
17779
20488
35005
38229
17703
36225
16806
38684
41121
18761
18117
25272
38232
2867
27698
26440
18712
29440
8104
36027
25308
8098
33317
41471
7543
22542
28480
20969
31104
21941
13892
2065
3163
17725
36563
9281
33707
28280
15190
27
38046
23657
23440
22788
10466
22838
2603
26129
30683
17726
12250
21164
35590
2121
19605
40219
15935
37638
30627
11909
2967
30341
42562
11706
40738
33210
42810
31334
17724
35394
415
17409
28227
11102
32477
8774
40216
32241
13982
14302
41567
16687
17239
72
25726
37652
37240
30944
15267
41605
34642
6441
37502
8495
10484
14808
11421
22123
1382
15911
18357
9115
4342
27002
25558
36468
36288
16305
3768
17751
11952
15267
978
36645
9011
22819
18505
2487
6243
31122
27149
36520
35618
10889
38951
19727
3382
10112
30183
13020
16331
26456
36195
41414
27966
8290
26465
1199
4693
35818
34925
29574
26884
4931
838
25374
39082
17416
27362
42279
3906
29252
35242
3281
605
32471
16145
5017
20717
28038
3342
19946
2589
39766
13096
13297
15004
25644
31809
15692
41712
19236
12019
25263
25526
17092
39303
11141
26144
1195
13317
38280
28328
28548
1582
5710
16577
23961
31693
8664
31253
11926
10452
2991
13472
28900
20178
12197
2555
30998
20042
4886
10333
7155
34943
24217
33700
3536
35331
41694
12873
15649
34167
41790
18593
19180
42533
2210
25160
1787
6553
33809
29057
7156
11878
39633
38176
41566
38132
32873
28120
5002
21831
22928
15488
30724
23508
7558
19240
33476
13756
33598
22105
12414
27683
37172
29098
39914
30906
38417
27256
7968
18880
36039
23829
36652
14615
9571
11441
16929
3299
8359
38286
22766
8230
42793
5541
12690
16958
40987
222
30093
23320
5671
36148
12996
19309
42335
42983
1408
35282
42471
20667
11556
17822
14744
9310
2209
14437
34009
151
2129
41258
25715
21658
25004
33561
7722
23800
441
10977
12323
9659
16701
1680
40559
41647
16777
8569
22907
39547
25499
13497
40864
5079
37500
26496
6901
17368
34081
28234
15479
10327
29744
28693
23971
4031
38489
35189
2632
29189
30158
2202
8180
15546
30737
6251
9457
25580
10753
23676
4451
8587
14616
16571
42264
39991
26827
35137
10029
22870
34047
33387
33642
32995
2860
23960
7017
39178
3785
15301
35528
35072
3013
39820
37103
1792
29661
1612
20784
19576
11310
18329
36268
20954
7297
16564
3028
20886
30
22197
17450
16829
3726
24796
27460
1232
13369
3576
22465
29103
28224
39647
12740
42461
30129
32324
34019
31961
30493
14446
851
2543
32343
12292
24769
12093
6315
2407
16279
15642
4992
13024
30833
18032
11915
11713
1283
20362
29690
25280
20881
31849
10522
9269
8778
33377
13886
37756
21322
14728
36692
34302
24219
28726
20037
5402
11719
7095
16657
9185
40917
25182
37949
1671
9645
37948
40755
8349
5833
8862
28155
34204
22731
32428
8875
18084
36885
9774
26448
4706
793
9449
12840
3224
32365
783
21822
25294
33178
14029
39537
19870
31306
35949
32754
20341
33523
4764
36736
29638
17052
21774
21737
25152
41827
27597
25399
25992
36729
32385
3820
22553
17699
11425
11308
34431
19982
3775
34822
34564
13957
954
25078
41266
36890
26461
39874
11726
21375
32813
31487
17118
7720
7184
35383
12969
34431
3752
2513
19700
42282
4126
22126
20758
21069
24588
21675
14833
24032
36395
26520
816
4654
24635
40731
12816
12785
31729
12826
12463
40172
14850
33988
22865
13351
25086
30418
25442
7377
3248
2855
41270
38701
10714
4585
13587
25155
26645
16843
28160
19753
19341
21936
8567
13966
42107
28614
30749
9652
17229
9565
17291
5296
5056
38970
3605
7286
17894
9293
34999
26277
41042
835
42128
13229
1607
26249
41462
25768
37520
2238
13993
42588
12835
41363
2500
16708
4647
38273
5957
29837
36165
42607
25334
13564
5779
21751
27620
14218
9058
17884
4053
26617
42497
7379
10751
39101
41994
25378
9331
2810
23619
24369
18776
32941
30087
22020
30043
30098
9667
27730
19100
28858
12149
17349
19972
21415
17069
26894
739
22686
33848
40972
32615
3230
34049
4065
32462
23643
39216
11041
11196
14850
41199
5360
21408
10105
39263
8343
32905
40693
39994
31595
23446
32094
15065
7114
25890
30171
4061
9362
40766
10422
25242
4952
29489
14611
7632
33338
5363
19194
2339
19650
40791
27191
3987
1111
37902
30946
27582
38825
31080
3008
36320
2409
31638
11525
33349
41867
39475
22404
30909
41337
32097
30070
25462
26453
31103
23834
19008
36178
33208
5582
22249
27664
16399
17803
4720
15514
22430
11590
23375
16022
33134
29368
21514
3520
18257
10092
8917
13539
8931
20096
4761
1389
18023
37994
39486
38886
11142
3256
25221
17837
25474
3188
38348
24287
29473
26634
30405
24997
2732
16744
6584
23056
19007
8153
28268
27068
195
36517
25637
41022
31743
41825
10983
33564
32926
166
19856
15719
33409
34001
21308
4039
20781
22198
17186
17980
7807
38970
13092
37236
5100
23316
7740
5757
5021
18678
39017
34513
23768
27038
13913
10889
27314
13171
10824
14112
42856
40439
24999
18925
21084
15696
21064
20836
15092
12290
1989
32666
22287
28853
26009
35138
36409
5438
2374
25177
14734
14604
2733
38434
42275
778
21573
19903
31200
6148
40946
6542
27841
11007
15191
23739
5028
22818
34374
21391
19629
4427
30659
11997
40764
24103
27393
40997
8984
9778
23284
30503
30446
13199
10230
6245
8313
24029
9589
3485
24757
39726
5721
1266
36567
23796
2563
2006
5716
28818
22705
6718
10554
7213
36431
38370
451
32102
19791
19503
35437
13908
26921
23539
27663
22722
965
32101
11295
6939
31677
25206
11310
21861
21400
22616
21732
41089
2225
22593
27872
20566
2518
22876
18968
36828
9108
33404
8631
9516
37424
16102
19636
27849
29161
10098
31527
38850
1737
3965
10478
33288
21321
25775
25158
855
12476
12404
3717
17730
17484
42872
13788
3383
8265
14940
14547
4756
25504
24360
12108
36797
20888
41388
21889
30188
9031
40255
30961
4443
34387
10171
39805
34136
24621
7627
1809
24966
14664
37849
13222
7276
41184
1032
38341
884
1933
9787
27614
17746
41686
26129
38806
20622
25690
18846
32015
14969
18169
25295
36769
29296
15346
29537
8238
35856
4382
38542
17868
29310
29377
42109
32043
2713
3441
8805
6934
10751
14
42182
2918
9137
15306
14459
38810
27691
18834
22096
19579
19396
18642
23501
31940
9126
27719
35932
14911
32387
16150
23517
39625
15604
58
25818
25752
37023
39899
29729
33659
24077
777
2031
24247
21676
23679
32459
1667
5344
17757
13070
19769
9417
9094
37821
22893
23945
41553
31392
1777
17412
7018
6011
6831
30356
33120
27534
7288
7881
18386
15666
31809
40241
34442
26411
28285
10745
18835
16869
8613
37312
41031
39996
13213
26476
28905
324
32752
30724
32602
1737
29427
13929
3615
22452
18639
42090
30391
19187
4920
27219
27681
31012
37826
19752
4940
33646
26828
32547
37481
75
7173
10344
22939
42958
28778
16738
6839
25285
13337
25932
29086
34691
19400
5734
26095
38877
18799
29777
35753
11494
14708
11505
16335
37106
41797
21870
10708
18859
21311
16359
18773
35308
38381
34372
33470
38375
6029
26421
38188
8013
8701
33693
6482
16498
11307
7429
16255
34305
40481
11598
20765
9028
10391
10175
35757
8344
16427
23895
27061
5880
7627
36911
16763
34993
29923
15551
27067
38357
11370
427
11052
13415
18975
30778
16601
8745
17169
27635
42124
25125
8884
4557
33645
20479
22079
5321
32496
7779
35626
14646
31420
31320
12140
33313
20647
27112
26355
41382
34319
23915
7365
33071
37691
22431
7411
27392
23584
31686
41438
31493
41968
35044
36417
34481
28005
13108
14358
26348
36604
16478
3404
20791
21652
6
18526
9159
40693
25420
26535
9812
4589
19404
10226
19237
30437
26082
18790
26250
20587
10060
28406
13070
21897
28403
27894
28767
10250
42862
30969
31771
24773
1021
41600
3128
7674
2592
25445
4239
18673
13258
17389
30830
5586
5829
18884
3514
41383
8915
7611
18878
16861
28414
13188
35994
4465
34925
3726
26026
824
10443
20324
4449
5863
37461
27047
34819
40705
29808
5460
31428
36751
34877
27632
37760
34281
2427
7176
34688
32091
23775
40766
16662
30291
17929
5741
17837
28342
31550
16877
26015
2906
24742
8274
3204
6422
954
31743
12605
31654
42252
17144
17418
22211
39114
16589
35030
14471
28408
12666
26821
37326
8025
31179
9070
17376
36498
21621
19171
17755
171
18944
1706
29125
114
22392
35752
3558
4966
12291
7601
30340
42222
10245
33694
121
876
29047
20123
21519
16281
9934
37196
15100
11037
23039
27091
16856
19899
5848
28801
34867
2151
42466
34863
30772
36437
28019
28951
8788
1920
1503
18364
35848
22979
14575
17042
31077
4863
1074
7060
31502
14682
9503
21216
8146
30728
32053
41017
249
35121
41033
42073
33884
17695
36479
29001
2108
32993
25172
2262
8122
14825
17176
9322
14830
6055
21961
34908
22515
11920
26226
26764
12704
22839
41066
16112
12354
10173
16017
8156
22020
35648
18614
3425
11913
15294
18299
37797
21448
18092
19714
10050
30781
30823
17
30750
25473
26446
40328
687
6120
17618
4492
29496
42176
26843
6220
16581
3585
22921
17744
36943
25160
26076
19233
11132
41541
28488
24787
41878
32229
40976
15943
13558
8794
13125
13918
35949
14477
28748
11136
18159
37614
15658
2610
28988
21522
30500
19198
11028
22260
28511
4893
30223
25366
14160
32343
12926
1950
5242
40954
473
30446
39946
26281
39438
28331
42744
9396
19019
3455
12172
27949
21104
5354
16315
7555
16236
21451
31685
23847
38202
39741
26379
19884
9039
24709
24786
37547
8187
8735
8631
4996
39442
21240
31238
40442
27190
24526
19627
12653
42483
3467
3916
31363
10982
26249
40001
2680
6643
5439
20745
37809
24233
23433
282
42049
20540
26959
23549
28867
31576
5620
24963
29726
9460
27630
17816
9990
7858
33205
12987
25759
4162
2444
38943
16653
28518
40125
11113
11375
11581
35921
1893
18657
35807
33149
9920
5105
34986
23152
22540
34393
36127
42753
32100
7315
16532
9325
16052
31443
35287
30445
40331
3334
28299
7511
40288
6656
38754
12075
20806
18043
9192
24782
14286
3019
41895
1891
17951
37751
13332
10069
6341
13514
5030
4257
15795
13495
4414
19512
29246
30451
39279
17819
22687
37404
12884
20967
25724
11144
31536
4008
36005
7936
35654
17889
12614
29219
29677
29433
17469
28759
5216
1289
29986
12642
17792
3426
36358
14182
27310
30964
22161
24723
17784
36050
2772
42535
16223
33281
36128
14545
1179
38878
15225
25251
19404
41167
26034
4453
26454
21617
34086
6965
27103
9225
20072
19693
15457
22391
30032
17333
9591
37813
38459
42783
16869
4589
33573
8658
33656
40856
11726
13806
41735
35499
15798
38846
11061
6011
13326
17716
14668
26385
25941
31382
17256
16321
24779
35774
25789
38916
21934
10447
13565
22894
4310
21171
35258
21138
42711
36234
42396
5233
31643
20956
18744
26065
16505
41232
27302
39650
10022
7197
5813
1524
14454
3637
853
23876
32919
22738
37688
40965
30715
13136
4494
38987
27632
778
31291
33027
31157
37817
4223
41639
9379
28103
3283
5742
8549
3282
20315
33791
37118
17956
5740
36677
25294
22535
8578
12558
30312
38773
13926
36446
42483
27101
11892
9385
23963
19570
19629
20070
18899
11493
15829
24455
26826
21427
22794
18556
1407
38170
28919
10327
7770
1604
35613
12194
32960
7222
9317
9908
15594
19323
31228
21195
1507
13465
42675
34668
13372
6845
5562
36102
1614
11586
9369
29140
17571
10836
30755
38633
14962
11675
30383
18453
9501
37683
39156
28766
13176
39792
29712
17810
10889
2343
34149
41968
13006
4872
12113
5847
20951
41240
2056
30990
10409
37714
22144
17371
28500
5573
23753
7047
22698
8409
3071
40366
4749
22963
22653
2076
14435
3952
33248
40139
11264
16126
25821
23322
12249
31646
20096
17903
41224
1454
22114
12860
20801
32187
26709
14639
18216
19123
4232
18244
42756
7072
16746
6318
10156
2761
14188
24834
20813
15299
17264
32324
20165
34684
41088
40315
5271
24544
25980
41575
41259
20940
9340
1203
6057
12440
41246
26413
25578
18362
18484
17075
2932
2269
12397
28136
12448
35529
38934
38347
28289
29084
34477
4304
42570
13773
14746
28344
37308
37145
20099
18772
13860
25799
1826
26023
29014
34870
25580
13353
17896
1838
31585
27287
11540
2707
12252
23032
5219
26790
4790
4763
13875
31399
35211
35180
28317
21941
39288
4149
1853
6317
42782
5769
6015
37041
38176
3868
29314
4839
26598
41902
4284
8466
27228
24750
11818
4663
36554
16947
40954
28726
6608
21926
39063
25392
22837
38723
41368
25623
3452
894
34014
9433
32708
26267
21815
8414
42267
41782
36124
35249
25006
34768
10907
16300
39215
36011
19298
12123
29052
13589
34201
34395
7528
20360
29378
4011
36744
16818
33544
41096
24524
24184
15201
35599
21511
27165
27930
17540
28085
609
34965
7983
40009
2892
22289
9062
12136
36354
5831
8141
39725
9769
15084
12186
842
25517
3080
1541
28936
3524
28329
9236
22379
23149
30180
14590
25316
6972
36618
40717
23604
19456
38219
19398
9410
4598
35490
37701
42642
31894
3845
20977
15395
3027
41159
33494
3026
21097
8547
11386
8384
14
29415
16487
32149
27010
19739
13303
27943
31931
22877
29526
18843
25977
16026
13153
42790
4881
15002
40356
37145
39301
29049
31393
33399
14848
4014
26701
9597
40448
34410
10108
29197
28428
28102
23637
16470
2524
38313
12352
18859
27359
25773
26859
40614
3231
37861
42492
16705
24290
19045
9865
11529
22426
17086
16043
20976
1220
26380
28417
38429
166
30886
7593
21650
33769
20898
21689
29346
2493
37402
10051
4037
24420
37503
10207
5585
26590
25040
12347
41719
10828
35639
38454
41223
24153
10344
5706
2000
16138
11063
33567
32664
4239
39693
17828
277
21793
41679
24008
15414
12819
8067
4127
1088
34165
11287
27272
38713
4579
14896
30243
27291
3156
12428
28792
20749
41862
2588
25026
37612
25103
40082
31515
19665
25743
24107
16217
6464
12161
23528
31502
36596
9720
31
17061
24546
19182
985
7304
42064
37824
10120
11599
39313
23629
7335
30467
33473
8701
14998
19640
18136
33502
42504
2064
24620
10970
1938
39333
3223
10877
1899
28430
36034
7978
25163
5979
26053
24044
41073
29756
28308
19170
23244
12611
35855
13356
8454
5466
18230
36178
128
32855
21007
16340
2974
42580
42438
31868
7673
25322
20471
26824
4618
37254
25995
6219
11265
5412
27773
35307
39763
7256
19224
4957
40065
10179
20679
4372
12283
10906
4856
33265
10056
3371
29758
18317
40928
6033
5041
913
11809
42631
8308
30110
11587
6344
5707
4113
20432
30708
18063
27774
19594
8311
5544
9885
42187
3468
39254
20906
8555
20647
31899
15118
18738
10312
2304
2027
5323
28636
42611
10533
13368
15205
35330
18156
19192
24961
19414
42198
29170
11456
23119
17258
25468
30327
39336
20862
22580
19977
21607
35337
18834
14509
7172
22253
17073
5187
31290
5741
6529
42176
9223
4429
7010
9722
38476
20182
24766
37517
40577
21144
21203
10067
28593
17546
37851
18530
23068
36437
41323
6431
12839
14486
29573
26320
8949
5155
11665
32455
16088
42477
38855
9051
31728
6387
35610
22705
7319
13383
17833
19215
13534
9826
13711
16321
6720
31330
29837
42157
32049
24212
2513
31824
37186
32725
23646
32971
8900
2226
399
33249
30558
5959
3584
27759
20333
42236
5692
25254
22590
25084
15085
17333
15499
14591
523
25366
6712
3880
19148
13011
42770
34552
16740
34698
36811
21161
7881
39660
15012
23471
42654
41475
25351
17800
882
15633
38927
53
25132
23669
11982
26296
7630
7169
23827
39589
21395
39087
42647
5021
35165
10226
12402
7046
23655
30512
39135
24070
10068
4429
6008
39982
27691
6075
36735
35220
36624
15381
13899
5616
6664
38795
36059
19776
34560
640
42674
391
12425
111
27575
16040
37900
14988
16015
4888
19039
42063
25722
41585
30658
194
19247
40395
34729
36532
32668
37518
39389
39271
8518
39602
5241
29091
26625
22727
3606
31485
1820
30217
972
27466
5597
41306
11693
20934
5645
6211
8159
8482
26295
26910
34415
25129
40322
507
19732
8019
41864
14842
25087
36666
26730
23616
39621
16186
37963
29002
23414
40398
33822
20214
805
31189
25916
22586
21284
5156
2158
35628
32084
39925
34595
25384
15534
4116
39342
5856
33649
21498
38696
26725
31680
6315
38541
24996
26855
25154
12478
3468
28842
1613
36498
28748
29954
27507
10449
40186
24533
29001
34367
10885
30345
16068
5026
14020
42469
4384
22208
31175
27059
13575
16567
11195
31254
39342
26746
12132
12884
10577
14501
33186
29648
9463
17990
19462
42087
23920
37416
7262
12164
41122
24301
5516
31146
39475
3015
32533
35630
35097
22075
19045
9167
15022
14874
9359
23235
