11618
2914
28960
26231
4522
6405
14949
18185
23928
55471
3709
31466
52353
43081
45235
16979
10961
40009
28600
21343
38527
50532
19419
10581
50593
36181
39401
11134
48215
52956
16381
54511
53446
4073
10052
49952
36396
34136
29343
10562
39019
54039
15646
24216
14085
30073
4278
10516
56346
11639
54311
26699
48600
45085
48180
2234
41495
50168
24543
14319
6463
27767
51552
28453
22785
18975
7242
50223
9296
27656
51035
11493
28010
19717
13182
10588
55470
24337
22687
38744
34140
4052
11418
51085
50067
7750
2200
51115
35491
53386
51023
816
38344
7363
23212
58943
9751
405
2128
53190
50688
27370
7228
13397
3504
25029
56459
32250
24458
48867
53659
25794
55058
27725
7062
29706
20342
1802
54219
32899
18097
33786
8709
44140
5013
29645
53501
21209
1851
34849
51376
37810
35018
56283
28639
3206
33019
46885
52359
18078
41829
2317
10957
18694
18297
39902
31792
44870
2948
53735
16186
15023
31764
1378
51460
37696
50841
53928
3293
22936
1682
23727
51863
14870
15017
9997
13551
47989
34724
34286
44911
51563
57113
34177
44065
56241
22269
8098
32730
48884
33673
12344
26168
27121
58721
56670
51386
44416
5274
2119
7851
55495
23816
9802
49154
57552
35385
45518
12809
48789
40202
56222
43847
37623
34907
45573
9428
29061
42033
42533
47129
17330
57465
36401
17818
6543
51676
20059
32225
49672
13891
56640
14000
33467
27408
27263
52867
48346
31070
50376
10679
18842
26839
2849
55979
28404
49896
20892
52970
47864
55898
1724
33241
50322
25432
23806
43155
50613
31136
58781
2871
7899
9840
19757
15850
31439
32887
43225
57871
44641
35437
15321
53008
21768
25407
4315
57847
7495
33987
24265
39645
3246
13884
40467
53278
22449
30051
49691
10423
21261
14170
6303
6310
5438
11366
39132
21461
12559
7249
37301
19642
50833
4328
34811
18773
57324
54712
45582
48238
38131
736
18946
20443
35145
32539
39333
48876
8346
35420
8044
50803
54653
41094
28334
35763
27213
29999
50664
11692
42775
31657
7127
46983
48510
22205
22836
14164
13537
21580
12137
45278
53398
39883
10418
25008
13567
7082
48743
11167
25891
7969
46061
5195
49400
15471
25437
46594
36076
23017
58196
23235
5067
18132
3841
36044
49531
47047
46350
2001
30163
36279
44446
43738
48002
35360
58220
13303
58484
46493
17660
54834
9198
40373
28315
57673
20547
51746
48040
19007
49543
58095
56398
5950
41960
3541
16402
13140
28461
45570
48055
17743
2655
111
36841
41509
54764
31820
24806
31308
54522
30930
5864
47595
720
812
9872
30203
20496
2019
31461
52574
39065
50229
51513
28850
6249
33553
20324
14130
58192
26154
47370
2538
13616
4942
21975
23004
44088
24689
25699
55404
45967
46139
41441
30308
32261
57146
52361
56725
24229
4973
5725
39547
399
911
51273
39219
12139
55316
48963
7124
43104
40843
29042
49151
24418
16456
56988
6772
6313
54637
25039
34194
26358
9092
37304
33643
48089
23372
37746
34850
41997
53429
48303
20650
36693
45569
2050
11252
53592
40858
57100
56436
56880
27706
24845
6185
35489
7106
3787
53335
32532
7379
7838
40259
24995
39435
16780
114
54559
41460
13287
40638
22605
34919
49444
1654
7839
1912
26096
10073
57614
48678
13723
18655
46806
43505
43422
37396
16338
30016
36856
47194
43990
26079
5620
37586
55099
32034
37623
22286
8596
38016
47381
4518
38224
48014
7211
42733
26785
32774
24263
4511
15985
8133
3339
35353
24716
30198
32705
34669
27376
26350
43824
15865
47648
34149
3957
27563
8169
26109
2205
29107
58924
44315
38118
42101
28738
143
2277
36353
53406
24745
9938
49121
35755
18826
23841
5806
27542
27444
41185
45079
42591
48927
53503
3560
43641
45993
44205
12371
1649
27945
2035
6277
54155
44977
32431
52735
47143
10509
46833
54599
32099
37124
3263
54451
33778
10554
45376
11938
48346
1015
39628
10439
27963
52192
27040
6611
35996
4448
35080
35341
20495
18754
27324
40176
34500
54206
30901
33601
28548
47038
49329
42572
15228
53363
52057
37962
3937
56033
44292
14977
28642
43388
28653
8056
17377
13061
27544
35405
3428
38981
46842
28830
13696
19308
14117
56640
15061
17310
1554
4007
47044
6180
51489
9026
12532
29250
22661
22186
596
24402
8035
50463
48980
55749
27928
18551
21388
5081
44522
23492
37358
44251
38447
48889
48399
41426
31706
43833
36496
41310
23388
20947
35531
29747
45230
36742
42617
27054
50133
54597
29272
20346
42998
32487
53106
3911
47993
36015
729
51049
23091
33602
56326
2120
40939
9266
38936
37233
43902
20726
26738
52656
6357
12851
1653
23960
12724
31372
43229
33337
9494
4265
19056
42693
22212
57935
12976
14583
17524
54284
28314
45288
21646
10901
12295
45256
29586
48094
5456
31917
44949
11085
3918
23338
57259
7827
57391
13759
18374
47128
50861
51273
28012
6266
46376
2447
58806
41433
32116
11232
48877
33315
34101
6811
41656
16743
22414
49909
17904
34960
22154
13313
1996
15536
28042
17319
17320
24518
53172
43444
45344
5190
39069
6161
49843
23987
55453
45371
44019
4235
13056
36086
52592
49855
48277
25070
36676
8013
30536
48444
58297
7317
42818
13234
55855
43204
10336
58139
53738
31152
38529
40762
6943
46305
40944
26965
13887
15032
16978
37525
2741
56047
18593
3613
54065
3684
17415
7237
24615
28084
7262
26994
5769
43920
12564
53731
3913
11894
54829
46259
9923
54030
30624
33550
30263
28575
49955
10057
24700
32774
37363
7651
54488
47570
28363
2362
44420
44095
50069
26147
7092
23774
23871
5274
15901
56365
35533
57346
27855
11072
6957
21969
53937
203
7791
52947
32971
29906
18050
40866
27159
51448
26156
45855
10273
2376
40178
36519
38478
22588
25709
33701
1936
55808
27222
22640
32303
25601
55184
31992
13660
28647
45619
14291
16743
49188
56713
26926
47656
53008
53369
35434
50994
13659
38506
44741
46595
4917
22201
20834
50585
18158
21371
55278
775
12325
44262
58896
5044
51719
8497
46132
50820
25711
28396
58435
31944
34388
18491
11043
3137
7275
3924
57943
27970
22665
33071
12899
9043
41877
51013
44550
18474
8449
1769
13627
34820
42203
8748
36694
4977
1300
13885
49096
49893
14316
3157
30311
42346
50791
2943
53854
27219
42232
7886
43380
54340
49081
28114
57123
45493
1060
54626
57759
3925
13609
15661
53216
51043
38877
20852
1278
31424
38275
44839
42361
11560
6273
46343
6890
16344
1618
54387
47202
31057
18739
18493
12581
1474
5165
18788
43761
21196
39918
34740
3769
638
53139
19546
55017
11249
47342
1225
21229
40438
49288
48643
17202
7332
37172
36897
32265
47326
4056
26763
42115
52616
36456
57907
41478
30594
2305
54971
683
45597
46319
15247
26184
56490
29611
35565
53217
49074
11716
5713
28902
12176
4984
1397
58056
39803
41640
54854
42382
18831
38838
32825
2095
43907
851
35700
34491
41022
23857
36122
19715
15387
11490
2918
55057
16179
17028
36609
4532
2457
23081
1758
27572
48656
50031
21474
983
32497
49712
5929
46190
49257
31071
32451
43432
17503
57928
58646
56704
37371
5634
53309
6469
25050
58837
21750
5342
56854
13946
10050
17112
28467
37435
56277
23701
2716
39239
1341
8355
49979
11634
49431
31038
38559
25631
9836
39091
49832
55315
16715
4778
13662
57880
993
878
34591
1890
38195
3429
3296
32345
28852
25319
54355
28324
54114
6181
918
2198
43394
47999
57540
28800
17804
9777
41965
8683
37033
16155
47153
8848
12744
28476
40130
21358
24377
51762
54046
15006
32233
32785
24427
6910
37539
55294
9374
27529
8256
9646
35548
34224
32469
3456
25865
13391
47555
47899
47279
51518
508
15061
27206
10162
53473
25266
52210
56520
44689
4869
52234
605
6795
37158
14461
40061
50308
44504
20415
7142
10396
6901
42505
8008
46643
45689
58806
24427
24818
42120
38305
12189
33451
54173
34004
53063
15674
31552
22508
32490
23453
28242
25000
31579
21735
31248
38944
3633
11586
25962
34707
57743
6250
34391
39744
9586
35895
23135
26950
42400
12883
42956
2751
5091
9562
29790
35647
36913
43766
27794
56106
1537
2802
53006
36875
57172
7271
1803
52146
58070
11386
40136
53685
4864
43814
48559
53511
54115
40766
29518
56893
5682
22075
20564
52549
23580
4955
54077
4410
29621
39227
45316
3642
19193
50539
2237
51752
54804
55855
12964
55061
49673
35215
49285
18386
29548
44788
18553
39520
4854
26282
22633
57601
55805
48653
54922
3471
37189
27892
33606
28969
52055
2723
3427
49831
36973
56724
7138
46811
17239
28109
44678
32687
15541
22964
7326
27493
4369
55527
21745
4937
2719
38009
42437
26987
33277
52647
33228
16105
10521
30040
49708
5713
18884
48154
56210
41220
29041
23362
42770
21919
48177
51819
12293
45154
38574
44120
43527
23315
30314
17868
7019
17189
45283
7646
17694
15257
13213
29363
55093
1311
39453
4972
25260
29318
20254
45254
37108
48471
7881
3888
32968
57936
50597
40014
12645
35836
18633
11644
23195
38175
26650
12887
26284
43096
14046
18526
27559
11151
42395
4998
14025
8261
48420
2658
9682
1819
50249
32017
6479
7027
42859
34426
15577
50971
44641
39802
41674
35904
39345
54726
8975
41566
550
34420
14102
45318
29506
33772
15925
34072
4769
29348
42292
29256
39435
19920
6145
4893
15539
44417
103
2316
58024
6548
19761
171
39015
9987
41704
30154
5371
2369
30247
44476
18691
2815
37199
17226
10566
28652
40796
31129
16045
20433
17363
41546
52820
21449
51462
52799
21743
53759
8846
56230
34278
33139
56036
45301
40165
32933
31676
20861
45722
15970
36894
42124
26019
55667
31434
40746
51851
242
46959
25869
43601
14280
3912
26272
45510
20378
11885
35014
53345
26034
47585
12301
48128
31610
47789
54853
41149
51779
11320
10327
15482
19611
10249
28634
20443
36565
10299
44969
42951
23987
19763
27761
4730
52046
34281
6534
12058
56718
54473
37581
50972
44733
14261
57988
16691
6557
8353
29238
31932
55090
28714
56859
56936
54882
56683
43596
10743
24521
57534
8979
58110
10569
35636
11424
24308
36223
14977
281
19927
55049
1783
21561
24630
4883
28445
39425
44642
26712
36619
41333
35198
21206
13533
13445
23096
23410
20914
46315
48587
53171
20967
35860
45178
39035
8781
4015
3979
51831
23740
44739
15478
52079
6178
6438
43185
37689
12565
3271
52873
26224
17320
2285
47223
13378
6389
51161
13044
44088
25951
46429
28939
46310
49179
35024
45737
44458
54155
17898
48883
34065
21358
34145
14597
6805
5944
21975
10626
21195
39401
4674
23933
57344
39684
16787
27347
31316
42462
21138
23810
45735
5065
27926
33274
11791
14925
13387
21007
19572
43306
25876
33840
48267
27876
18944
14911
51078
14186
27440
44701
13388
56717
24638
53578
18389
35570
39202
57837
18454
9973
43934
45278
13675
30850
49097
51262
40402
4200
58257
13799
29756
33917
7825
25430
37639
54368
38114
40153
6350
18839
20518
34198
43258
9333
30256
9514
10105
21279
7750
31243
41933
56188
38976
48515
7696
199
17907
48473
13979
57602
4846
44149
52110
8569
8902
15584
32657
27112
4917
35662
9601
9097
57885
44497
19711
57870
32938
20683
44370
45671
23477
57264
21821
22625
55228
2493
14515
1676
25303
5857
29870
26735
36142
50934
37599
13553
1839
53908
27975
11502
53283
15675
44852
27605
34344
19762
57152
13283
1105
14713
28940
12534
25697
8503
13409
14487
43598
16929
33735
20660
24338
15184
42854
34969
5278
27630
25033
10019
18239
29028
52380
56240
218
50219
46266
54079
37459
33461
19089
38184
42801
38447
4361
46799
39934
49758
15687
58298
2730
53050
4904
54972
16471
39723
46416
6085
13272
38591
6131
20352
11778
28974
14363
55450
49028
46626
34432
22786
49395
20766
27525
42841
51190
57777
40575
20414
33745
9535
42825
7126
23708
40653
28714
20487
19755
52254
23896
20080
38553
11535
30942
47543
54349
8116
30801
55414
2087
8117
4824
40299
45604
42800
3497
49666
34628
37236
48153
46601
50029
5391
28380
20535
26513
36733
8058
26362
44186
41349
58626
36797
797
46354
54472
34002
42940
23251
18369
38361
6126
31295
13264
25805
14241
57489
57042
21031
6192
48019
14579
5874
17119
3458
38323
44890
32851
41534
1171
10769
35823
57476
43537
30432
9080
57794
26964
32734
57202
5655
36705
47696
7132
13717
11907
8861
43151
22179
24657
6573
44908
11715
37170
38805
57522
18716
28380
33850
1207
10101
55281
49480
16614
17607
44827
31101
33111
29406
22022
42543
28012
4052
33723
13094
5063
49314
23302
44831
17745
50347
38149
42230
36093
42687
12385
21440
14627
23049
24897
18290
47633
58837
44345
28258
48620
6818
51834
38040
55420
11047
6866
3176
43533
4430
44388
48230
34338
56946
38611
12526
37100
246
6609
23016
37264
32939
6780
58205
5766
31933
33615
13288
27037
58051
44342
35564
8957
43393
48402
20165
49748
42739
25845
56045
13738
48713
12808
17247
5096
29570
27792
37480
34539
15814
54296
35518
49575
2748
45055
19776
9646
52836
8082
22064
37808
43786
11252
15897
1956
55807
11345
24265
48812
35006
7954
4404
52854
56520
26907
6618
10871
9957
34529
25470
47547
22592
12735
6892
44359
47773
56983
37791
11440
58321
21261
42452
3468
30470
45703
10622
46101
36162
22073
13255
20134
3387
53206
50335
23494
53897
53480
54228
2274
19903
19232
47799
54407
54600
34169
2126
52429
55530
1839
47804
18127
48626
34677
6521
46486
47908
34132
24967
52421
23476
33408
54658
9912
18502
49651
21555
51190
46126
15293
13554
22029
14285
29395
43477
40580
13162
13348
3257
39771
11456
35363
46507
26663
17641
32919
11124
4707
52735
40430
5559
23304
58746
46199
53912
47476
26748
54367
50379
13721
10757
35684
46878
42020
32843
55709
51796
56342
15753
32442
41855
8183
20275
31520
56082
42702
5076
1565
58704
28341
10164
15105
34139
5177
15681
44301
26429
12904
58616
24870
40796
56555
120
9033
1438
20867
6332
36891
55170
14031
9683
15760
13542
18419
36902
21897
24266
6317
12797
26235
51465
31177
20598
40354
45103
25613
48899
55885
20947
32222
56814
58714
56706
33969
11708
50034
7893
20686
19476
22271
26361
24046
19963
58538
47161
18693
15709
6386
29810
43514
41633
12247
46315
46996
16649
33388
44334
30183
32813
30458
50647
13060
36307
47473
27617
35278
27045
37761
15783
28209
33160
22631
25030
49197
27548
16284
49700
56152
2028
12727
15580
47921
2244
43203
58466
26904
3394
13691
38757
18316
45803
9345
41086
7837
36211
32374
18212
2215
54415
30316
40089
56256
9363
5615
44796
40464
3179
10793
31987
13535
52016
17461
41629
1262
49690
7844
11106
58347
26252
3883
3416
36511
2297
13638
13651
56564
54552
357
57967
29952
45086
13556
29701
13511
26337
51385
30912
41765
51829
18071
19835
23816
48941
48503
28345
28779
10239
54366
728
46455
31460
6033
1610
37653
45034
27189
51490
41079
12536
107
56048
46028
47742
58296
38945
44834
29527
10459
43326
2517
57156
27160
56086
46126
42646
21241
21203
16735
15351
3164
57878
46482
1645
36112
21520
33753
31180
313
22367
31769
55671
42611
54785
2520
5355
29459
37487
31749
56264
26480
20129
46062
24925
33049
2690
4964
13439
16976
35592
36740
31125
11588
39978
40447
23219
55252
6758
88
57137
19071
39526
37605
55104
15161
19310
37759
21321
5288
55933
40412
5897
36765
30510
13100
47724
13781
30266
37992
46101
35807
43195
17390
21407
11872
35743
35585
57003
26386
11463
46398
34695
8427
28836
11025
30879
48658
39605
13814
35331
29004
50230
52699
39597
3308
8441
8458
21349
46530
27642
12397
47963
21458
561
6514
7703
52029
11729
11774
43776
26557
44696
18438
4280
10689
17459
49480
26233
50928
8048
52888
24215
11491
41111
48182
32176
26339
38165
35997
57676
50578
54534
21663
49165
17789
53510
26475
43227
55622
21245
5513
3119
19209
9709
51524
33842
15956
27177
58470
681
4833
51851
13410
23863
49856
13218
33058
4287
52501
7367
51784
42716
16674
51714
47746
45336
58005
57926
39855
34637
15793
17621
46181
5067
54274
48753
30021
22247
3962
20457
30839
18276
20737
42828
30631
37016
5433
46749
42889
37758
3175
34954
51056
9163
38645
30691
3762
17687
10197
18668
55663
5610
21168
52855
6040
17057
41221
53601
10357
33956
29
46119
31791
28469
24522
32445
10100
48894
18760
31778
44840
30535
36668
43708
34208
26244
16921
28803
2434
24887
35641
18573
37753
36055
58784
23254
54669
33388
23733
40417
54615
12157
4906
26399
23282
6088
30922
55922
49516
43389
8786
23159
611
6656
22528
45247
11517
56642
47664
19424
21832
49459
15262
15108
19353
46558
21021
24918
22504
11088
35590
37748
51023
24822
48476
41901
51371
39570
47444
45505
51108
18993
36867
55159
51679
34765
10335
35271
8186
53562
57631
10461
4847
35607
44367
8822
16498
27132
58123
33411
34293
52370
18812
32647
57779
49746
4289
15358
27064
1414
44149
40292
44519
3638
8982
18206
39238
42769
10486
17713
49124
18265
18178
24134
18147
58640
20144
27039
32889
50540
25269
14617
33520
16413
1668
3429
27284
22231
50723
11277
56997
9377
22728
49727
32794
54440
11696
47489
34750
12992
58160
47217
14511
1097
53989
38943
27112
5506
10669
41627
37345
31812
45528
57900
55637
38277
29113
12212
27689
54264
9623
1637
11964
42054
16953
34999
29409
41779
37094
39546
34777
9519
8873
53123
19278
13887
1715
45613
10410
50759
54195
29973
37631
29447
39472
1393
42912
11735
51504
43269
47875
28048
49457
4884
46762
6033
30260
56968
28103
57394
641
19887
7541
5921
36805
37426
12733
46351
56521
7874
54446
56941
41837
9257
56342
50216
26561
33475
42549
13511
49275
4343
24529
26517
21700
41670
23643
1311
32589
35726
47408
11875
24792
9075
52708
7291
23881
36115
8561
10341
27707
48636
17150
50552
33543
35285
40995
4085
30655
9494
23552
17751
2840
11356
37708
3705
42102
57485
44307
43515
49937
14204
47329
41400
10861
26898
21308
38247
10568
3905
23446
19164
46125
26470
54999
2803
8461
12443
25233
31240
1829
36382
58733
2781
24618
6785
17203
11945
3465
22638
19990
53282
23107
43303
37070
36639
9294
48880
30711
7308
20967
47410
46183
52210
56026
20764
9725
10602
48588
41743
35701
36894
47024
11807
15704
49493
37990
18738
35336
4793
39962
33398
41904
54607
10008
28531
5802
54730
58501
19129
10259
30524
48136
34223
8769
30122
44112
49970
22140
21610
10871
3175
32162
16140
21404
24813
30957
27442
2046
50330
44959
37901
42612
26848
34014
58590
24314
35699
28002
12294
51790
16922
28898
41483
16897
47167
30567
38983
13489
49517
58065
39950
45594
23541
58693
51980
25141
7645
7744
24752
4305
16477
43381
42329
52461
19672
27514
34860
45623
18892
23065
32119
16871
22453
19002
30989
11685
20964
12158
2927
26058
7039
4126
29923
23106
1614
1938
56251
24910
48985
28229
11724
27400
15689
5813
30081
19695
8114
9353
40388
16675
12433
53380
26705
18682
21568
28070
4231
18121
53667
31617
7412
53750
27998
47496
16908
41178
13829
55508
47293
28460
45399
25440
15545
40
3568
36772
34577
20871
55994
45048
27931
15360
43423
27494
23824
40380
45526
58441
11909
167
13575
31477
54451
32675
12781
29204
58325
2878
29775
6319
1750
21355
58354
54718
2356
51294
45559
46758
32445
9193
29068
24649
36324
2452
21442
58092
48656
43369
30283
10361
30033
52989
4493
26301
43968
55395
34488
12196
57787
48963
19743
58016
26897
56975
12742
26681
36064
41189
18865
48350
29728
36081
58333
48545
19531
39114
20894
56305
34996
52949
23811
42345
36634
22879
1889
49870
34527
18891
31555
18109
47545
8371
27667
14219
11844
46396
43632
26510
18273
4298
11611
56361
8120
850
58023
11877
42717
14543
40502
44778
48506
6715
26042
45085
51833
42063
54039
41219
20548
51415
29002
23252
7595
55596
47765
43027
40273
47285
2570
40689
1612
53224
769
54978
33959
48681
20024
17319
53126
25333
1518
44586
26157
51465
19629
43881
6004
32219
19610
21065
29763
34434
28521
8291
41670
12378
33689
43940
39470
34807
31714
32415
38356
5187
47031
93
2794
16458
33395
33949
42704
32274
45788
41798
40648
58665
23255
16201
2423
16398
20862
419
45344
36305
2653
44344
27590
57991
24509
2740
701
33766
53266
7874
51678
9103
7744
1679
57934
17025
55885
42009
113
39329
57986
1538
48392
14615
50651
57656
53997
58549
49953
19070
12270
8145
44633
58989
40798
21569
31059
20668
52251
32702
43280
28080
24021
12408
56848
2108
7093
58129
12096
7169
18477
38527
22013
17392
26337
37233
47999
10572
24314
50970
36725
34254
20723
35779
25737
5872
22850
58291
52319
26987
12149
34762
35231
34571
26157
41491
19821
54111
6332
32784
2585
39087
27055
50855
26096
37975
3712
23577
58071
30968
58946
20955
15254
50598
47657
40790
55649
5932
23014
2866
19270
44234
50669
57639
27900
28729
25779
39755
36729
34037
1143
48904
56133
40305
27715
56005
33456
15585
32031
51596
40069
34728
22946
55956
53770
47850
32630
27741
40621
10516
58599
21512
45772
25456
11480
34281
40969
55068
30194
45645
50184
21986
15233
58478
7775
3202
17622
16477
52201
7451
20362
53670
22678
28128
44966
28399
32491
23639
10172
19795
43009
19534
27281
10123
33405
14726
53842
18316
6043
38458
32951
43004
39648
46704
42240
22789
31123
34925
44595
29828
43094
20408
3927
16611
15975
828
49441
14218
25678
22553
32232
16117
35250
54189
27903
54927
35556
48403
38814
49308
44679
36413
30877
33395
57259
25366
50767
53859
6685
19152
34054
40981
29780
8228
32065
35223
50211
26537
38103
20896
48062
34363
25870
34175
37266
55532
58237
47382
36118
19081
51282
47500
57424
12739
15457
16761
25149
20342
26777
602
13177
25294
35396
36684
935
25388
17540
4021
15982
26009
28333
11062
728
57218
37610
13308
7263
52121
55624
17470
35206
3108
3505
48377
47282
36135
11550
26919
52172
41860
8020
2671
8836
48003
43177
40973
29706
31820
36155
4994
27788
29425
6470
5894
38431
36569
1696
35906
2892
9247
4443
19378
1714
16513
50150
6247
49185
26188
7056
55635
13738
39773
16378
7125
40776
17178
29744
51893
6434
18247
50116
15450
33585
2877
34686
52950
12073
21477
6412
49251
20325
32642
53890
45711
11587
42652
2783
14770
30185
11352
28147
54600
19907
37797
16864
38210
3299
43049
13141
28407
42531
41250
29289
41624
49249
31513
2338
54281
52144
16353
22010
24628
3831
52038
51938
6967
38368
39048
32774
4549
43007
45710
41501
42203
36829
43863
48115
1832
47184
28627
31572
41383
40360
56152
20623
27898
37201
25922
11117
39084
45384
5914
26829
38336
51068
51030
13822
47728
32619
34009
29560
52798
48726
44433
18575
57158
22649
45591
17285
10444
54395
48236
53266
9362
40742
28470
28763
9826
16716
14578
45740
11530
3231
13091
45603
11429
31778
7856
26491
39813
5969
10604
55489
2951
14233
45031
49711
58055
5206
16226
45171
16514
12960
49248
17363
19635
23217
5352
26759
6853
57693
18534
44082
54591
51246
40097
14078
25301
46244
21879
25580
52907
58285
14893
3493
30581
4814
34931
38512
53097
2110
58100
52841
13862
35723
11707
47849
34038
25116
52576
7392
22711
14338
36874
31388
15639
4108
50687
9700
12541
51262
51119
48925
18637
47220
53167
36576
55499
32040
22913
29455
15241
17094
37096
57362
26179
36977
22809
34819
27776
5100
36845
39993
18203
40479
35651
32613
42983
34923
7634
25143
54617
58900
50068
38267
3287
36778
16671
8958
42807
29612
45709
2727
37418
1698
56051
30412
14415
21685
52158
29530
32419
23853
48865
32008
8158
17150
44291
24449
40346
43456
56214
58796
23837
2450
25082
38714
26317
27659
8400
26331
30187
35092
47971
7293
14080
47141
2856
41442
31804
2922
41694
21628
16997
49594
7896
15520
1228
55172
12896
11245
46116
3983
15678
13431
56612
17948
21357
5396
36940
47034
36847
26994
52684
32534
51407
47948
43071
28668
8036
17783
25838
17390
52045
43333
40442
23400
38279
22165
3209
34582
22892
56884
54945
23291
16446
56188
12051
28999
20890
22719
1783
10227
51175
49881
14893
7588
38413
28784
16300
9426
22842
38497
41811
3492
32031
14727
53588
19691
14234
4418
51745
23927
12693
57226
52822
3185
17451
18103
11038
43814
3075
53671
45794
43348
54637
51162
57228
19156
51041
32406
32258
39469
21711
53322
29125
5249
34520
43913
41425
24118
7828
9101
3071
54491
45245
55212
33734
26020
12033
2172
4809
3092
47477
55911
55234
50119
30068
38915
46891
55689
56871
6553
44805
48806
26646
25615
39297
15959
9621
38772
34412
37678
14977
31720
20569
51550
24994
37454
52806
57985
54691
44142
20903
28640
4292
35979
28721
47849
977
7198
31631
44160
48347
20829
12761
38716
51260
33036
34963
16516
45872
12902
11122
30926
53615
8328
25280
10500
9142
58914
10192
1636
30742
54323
23670
50763
23092
53984
28149
21173
16119
12840
49260
46795
20425
57079
29691
9801
43740
25221
28279
20651
3534
12987
5821
49067
23423
22513
40075
31722
42159
26079
17282
31601
7237
16510
49032
20002
18394
56649
45058
27120
51795
40101
24838
13887
52149
14219
2254
4714
44475
57022
737
6648
13819
19150
53323
55737
32671
46719
21829
16906
42048
32670
18359
27355
48268
15706
56978
22050
34376
8251
42042
53950
57153
14633
24976
40793
50315
57883
51358
13874
45957
18211
50852
41231
12924
56755
50367
39068
34387
38126
57897
45178
40804
3157
58516
49575
8353
3500
4255
36293
28315
26913
45755
13314
31916
18320
57272
43228
52584
24310
12624
43310
5045
15752
11789
50620
33891
45182
34382
35095
47630
29322
53908
50085
57049
15047
29843
56280
27549
11568
54381
8905
28760
56735
57640
10601
27600
2766
744
56404
20622
45789
30127
2978
45991
57409
6504
21411
49445
41645
31371
3743
30573
30999
7010
15863
42674
38729
4874
52779
16495
7907
1558
36609
46641
9042
8022
42247
51618
3607
30348
21349
22290
48414
16751
32426
22456
53697
17304
30569
51543
44977
17938
25263
48620
6569
27863
54684
41779
454
14021
7460
392
17599
10263
53825
23611
42645
11464
43415
19462
20583
39962
19715
11968
5989
19284
12769
3004
55286
17507
43056
34243
10880
55623
3492
33685
14451
51550
54233
53143
41403
33190
44158
399
4313
34444
28661
2019
5340
55706
50870
19479
49377
34732
34995
8165
10228
54955
50307
40110
43386
15691
17174
36303
10541
5079
50154
23759
45211
55996
40504
24892
24707
56163
38134
374
16332
27976
21226
30515
12476
21536
13159
24194
23459
5439
1703
41323
35130
11879
11974
43243
19538
9757
23422
21493
32133
43429
7149
47676
51083
46429
53583
55677
12146
56103
6440
34433
27726
8145
41138
9489
17993
1462
29120
58586
14151
37855
41509
23615
38736
28892
37364
2398
44907
27284
10533
8827
30507
22485
7184
8288
14464
6461
20753
20054
46157
2167
41320
25645
58882
38561
13251
22647
58774
57729
40211
29491
49002
53424
5424
47822
11556
239
58434
4228
15335
26582
53733
32267
24523
21724
5279
51680
23551
23272
34178
3563
19808
14429
20169
17454
36347
48629
58736
28315
5991
3909
54340
13611
14680
2813
4548
11602
55842
33291
43299
33344
16787
44557
25715
48755
51002
47004
47024
46480
49418
38593
37566
39056
30437
42911
45119
43191
2575
47744
4325
43472
50408
27004
40072
42819
56573
39844
4285
26505
57517
14644
16348
10199
54307
43110
39892
42901
26884
39052
32109
8035
18662
57261
33753
3729
47674
25737
6888
55740
55080
10576
42806
18433
3158
48316
26011
41554
9157
45415
41576
32717
49505
32670
53585
53508
35378
56405
19707
17703
8899
20789
54099
11405
49591
45512
50328
44866
12707
10757
55246
1570
48803
32487
20136
51996
17053
27984
52513
26850
24476
6922
39895
24852
29930
11614
19677
18772
47734
39958
38588
57332
17342
46508
41997
21499
49864
49198
39469
4415
25523
23593
24997
13917
40773
28154
50805
56276
23496
12940
43461
57343
1982
36083
19512
4584
21141
28439
19549
25042
14802
4124
26899
41592
55622
22582
43640
51209
16927
5042
14422
17980
2926
23728
48747
4760
6192
6861
7363
37236
44099
27316
56428
28630
29599
11484
23510
33103
40774
28109
54085
43211
53657
54420
15180
30694
10353
57783
53480
2338
30815
2874
54590
43757
27704
28263
15410
11768
21609
13931
26709
26634
55435
38837
36602
36994
47386
42843
6293
52932
21936
21549
28136
33178
40209
45818
27852
1756
38922
39441
49416
54051
23883
11488
9673
31591
47279
18832
48406
50496
2972
42362
20079
33057
13899
2018
9746
6088
52077
19098
55873
42266
4375
6698
19699
48964
53884
27226
57685
11373
55758
21034
16685
55775
13209
45601
27963
48044
19260
22777
40877
31685
28764
33476
24453
40901
27007
57776
18225
52388
43674
45453
36102
19111
37120
57472
36170
55165
21311
28016
29909
13157
25808
22493
39723
27963
31131
40672
19977
22113
16269
34829
55001
11458
49271
29726
18115
56458
32508
24714
20762
12081
52463
21610
14913
56558
47214
16171
21880
4704
18335
20015
27375
50592
38341
40406
28733
31194
655
55763
46117
30362
43293
45809
15990
9900
54680
50980
4118
219
36925
51467
10562
37659
24430
38403
30756
49643
24757
17624
47530
50817
39654
57436
49839
32665
24440
18426
51824
38617
23583
43188
6861
37236
16025
47968
11113
18494
43962
6601
6824
11830
48807
41266
29925
16775
14860
56709
35277
19401
49450
15242
6971
10742
45113
3915
4641
56878
26765
16028
15088
32067
7032
34872
19324
1089
30204
7918
24462
23221
41243
52202
3783
14550
25573
47360
5054
3449
14229
32628
47647
42262
38497
22461
15353
23984
50427
25840
19921
43098
30937
39184
48120
6597
5918
54370
40646
13862
11754
12983
25921
44460
37533
26651
3382
34831
51011
35619
47587
45060
21621
29636
39502
20173
55548
10037
13022
55893
7730
25438
48532
9721
16607
30162
3133
13442
31709
32592
53167
46064
44888
19600
40061
32032
22477
36808
44649
28941
3614
26342
2789
41765
32264
33088
11766
5234
27881
38487
21678
54921
51921
7266
10709
21271
38860
23871
39874
54047
26376
52372
20827
18745
51338
2900
34943
45677
10352
16053
2020
45108
38970
27773
56131
45567
657
23621
46316
35785
50980
56270
25878
27071
46708
46640
5975
27784
47411
4514
50237
7584
20501
47619
15783
10142
37794
29711
7067
12149
44664
20837
12012
9064
23753
34061
37391
6759
55342
54495
21826
26982
17632
44527
11714
57692
34046
13116
8400
55617
37728
55031
16392
2824
48519
21497
44061
32196
2663
3317
35540
8703
10122
8957
3451
30349
34609
5097
29030
27256
40258
4426
54982
13661
21321
4556
4622
56971
40620
57786
34195
13164
600
16667
32967
9043
5529
12530
31547
39957
33946
41283
40623
47701
16497
24921
28263
30424
44630
27157
35987
51415
23984
35769
33995
41282
30076
1795
21773
1905
19075
42805
28669
21710
23326
32969
5623
23558
31545
38857
780
5951
25577
57980
42487
41860
52267
44037
34979
12835
9243
44070
5851
58799
15926
18546
54485
37033
28076
39351
25244
6785
41173
33034
51816
7187
12359
15565
47980
29069
8001
39595
44196
32293
53583
42477
21185
45863
49627
26821
44635
2603
31292
52647
19922
10853
48838
23703
45896
50198
29254
11109
30710
19992
17583
13373
7914
53063
44510
4259
54930
11691
50414
31996
12888
8298
8457
6536
21057
11474
27156
956
3747
42604
58654
58828
38307
45396
19077
8333
25049
49797
21061
56263
15200
42474
36773
35690
29398
7550
34719
25720
36596
40501
8484
4992
14690
3964
13602
37979
44883
12507
3100
58575
36376
44411
50972
27737
25547
7081
55359
39127
10578
50618
14581
49428
18278
34826
2771
42020
35912
40477
43927
15543
4103
57062
11456
58203
24608
38525
39335
32393
20418
37339
56829
27090
11028
35298
39523
46675
49862
14096
53592
11027
17033
16042
34699
33053
17564
1948
41021
10896
28068
34886
14913
32276
58622
21467
15979
26496
19452
4779
4667
49671
12195
3760
11613
45160
57429
31950
13790
36388
5815
54292
50052
20459
22985
25311
28074
14831
53389
48117
49175
25834
13542
46302
26946
34804
53654
1063
6012
58012
57412
2465
20290
1487
51833
13430
3230
9287
30941
10387
48577
7859
5419
22617
40799
40292
18798
3022
9470
2711
31214
31169
17628
1470
23826
8074
45637
20578
30811
30639
50550
40275
32763
24483
4937
24255
21785
41888
19245
22113
36618
41830
21833
55897
51838
25324
1973
39746
5340
52227
12836
44000
48402
3211
11162
44800
58317
37324
9663
28802
7665
26702
36765
14049
42637
50524
21403
1075
47535
50131
4406
12947
41976
47841
46657
13260
9403
22609
51145
41832
43015
53107
39792
53159
54646
16095
41916
57771
56761
44338
7634
24224
8099
10809
23036
53297
22527
19594
46597
11749
10766
10323
18477
22473
265
8170
28614
13335
56007
19843
52441
22572
2555
48848
53813
30311
30158
13658
14821
52108
46580
58902
14949
8121
19894
31339
13257
352
26475
24704
7378
36619
23211
51483
24438
43014
11418
45291
43690
13582
4270
6943
16655
8456
3597
18391
20935
22628
38397
31072
46258
41359
2121
38734
22377
54056
35941
37025
18454
12650
31783
47290
50054
14936
36298
47311
58397
11768
47840
51930
21860
45606
50731
36624
41721
7449
47088
11845
2747
2786
16384
51484
17631
46936
18212
37564
26228
53017
11157
42223
1801
40451
42638
35100
25206
35465
47590
35284
47997
10233
17814
37761
23526
20922
41467
54090
14185
8698
24000
30060
10788
22941
41083
12547
33169
6043
8762
32310
41418
30680
25970
7936
1180
48887
42596
19490
42053
47384
41268
20533
5948
11782
41112
15798
44388
22414
47729
47555
11260
55081
45465
42418
11462
53074
38369
53640
4530
4875
14653
3438
38406
52754
4911
9640
54716
49401
33061
20800
43024
16547
48456
11111
47396
25610
57570
11363
11730
33486
48011
53356
47590
50232
21623
35529
56246
16076
12239
29632
10102
5653
38339
13586
42468
56746
10617
9452
33581
406
41909
50490
51346
47670
590
39574
28611
21531
55920
33638
12182
41495
28538
18156
22899
29988
48726
9967
39647
7224
29729
25742
23699
31757
10783
11669
9169
30573
15804
34744
41467
43386
19689
42100
15655
39187
9169
57005
48435
10203
56830
41906
55305
42636
29381
51669
30215
53609
23531
32630
31390
44913
4890
19295
9884
57974
9581
778
49056
7829
22892
5271
49266
16569
19091
39818
37572
49624
56533
49361
2473
32095
11497
5554
29441
13057
10742
54587
17878
38298
25073
43660
31662
5779
20311
31350
24517
21334
52065
24855
27094
200
27140
45525
4781
18638
17761
1096
24237
17976
23040
26253
44217
54347
27963
55356
53657
15779
17218
36987
34939
21381
40083
20579
39867
41674
14916
54448
39521
12343
41359
19455
29134
33289
2768
24360
354
7423
29318
32226
15516
38384
6964
51757
53087
14011
57474
46867
35430
39485
45893
52864
53164
39788
19719
13337
21738
53434
24140
57233
13814
40982
56067
53165
34364
55645
3198
38649
7444
40566
29774
5260
47583
23098
15381
37903
58527
18378
21609
22979
35787
25531
37042
46623
43139
56836
24185
54689
27782
5448
22388
14372
37510
47047
11082
6935
28613
29983
23552
27655
51142
16583
3405
20890
47106
3460
29848
48884
21717
32797
38564
29592
5644
51361
47270
33580
28454
43905
29891
26846
11668
6663
4736
6765
12646
32725
24263
37600
49756
58123
44522
33123
757
8792
25184
26561
38696
33745
26465
5723
3117
13984
46344
14325
51086
48196
55124
10474
26799
4590
50626
22806
1663
44156
57875
45457
54530
3454
32942
28420
13445
32533
20442
40668
21494
32379
2201
19819
10845
31614
8500
29533
13610
12711
44559
20704
58300
17591
21329
26293
49563
20928
57387
31420
9588
17433
47346
31428
28143
37596
11483
7407
5237
1898
40474
22899
24515
48702
44950
23269
49302
4910
1636
6593
35258
12341
24847
42492
29403
39694
58441
37162
42407
7739
30273
53204
2766
20244
18489
37329
34574
56292
12186
51029
58040
30332
24310
16063
41793
963
17354
43228
4342
10045
1134
28017
23943
31743
57779
4741
12270
52597
17584
44485
41549
31579
43400
15185
38025
38120
35035
57972
22630
8889
41895
6690
35368
11866
3987
54314
28820
28118
8361
27738
15481
39567
6206
46289
2855
18105
4447
55639
31610
26569
12257
18801
10650
27980
4932
54193
30866
3186
23421
33651
3058
56841
9487
234
17756
2989
4149
22792
3752
49629
51175
124
53916
1905
48823
55702
29748
12367
35191
34478
30337
25733
5224
36363
42385
32537
28369
12479
48916
34997
56090
53503
51774
38998
30172
15001
14781
3867
23248
56566
12585
8674
56048
11607
1034
35054
22982
22291
33875
37317
58407
20718
46546
5742
52307
37606
7912
44640
45956
3191
4555
40589
48872
4070
15885
22093
35332
131
6553
46335
41023
55439
37538
25458
39529
26861
55840
20850
52582
42685
31328
28894
23739
171
50070
38134
58180
32695
506
51042
41807
21069
45532
28262
23585
35356
1821
55490
35810
4308
22108
22261
679
33040
9993
9201
51101
44940
37985
34721
49989
13152
44583
17864
22000
28873
6412
37987
23616
33777
31962
44326
15640
23101
53042
14925
945
14909
56680
6472
46386
9456
12960
44810
53340
45533
17464
21051
37335
31838
6234
50080
54148
56911
5588
54748
7289
26949
21493
26361
50618
37793
5358
58479
18738
3347
8210
58821
18013
33763
28508
35581
