1317
8871
7252
12371
16249
2031
6988
7000
1185
9909
10955
186
17976
17299
6446
5782
17321
8795
11259
12565
8864
14592
11576
290
16571
11485
12505
14414
18191
8912
1894
10066
10415
13867
3299
17672
3008
8775
17578
4823
10520
7524
1875
4561
18748
12218
163
1618
17528
6685
2186
9695
9954
2585
1198
8665
11968
12210
710
12101
7735
9478
18161
6585
3821
3657
14124
4893
17966
18332
4818
11795
10243
1396
5
16628
17090
5162
10315
15033
1782
6468
18389
8202
11646
56
13545
8111
5347
10128
10711
15673
18835
16119
15480
3812
16428
8470
12018
12292
13938
5547
5000
14352
4712
8374
15302
7175
9573
10137
10691
17150
15654
8356
11703
2771
18986
3523
11787
2113
15491
6052
15640
2280
895
4400
2360
4408
1374
17574
12881
7346
16958
15630
11968
10771
915
9761
1026
2318
8138
6410
16173
12149
6996
8793
8293
220
17088
2812
1754
12706
6825
7842
14527
3748
17935
38
1621
13328
17073
7756
1862
10387
5688
6075
13790
17423
3734
8647
18788
6389
14853
8426
1758
2250
8669
2830
11482
5145
2677
6785
15601
13686
15123
16630
12269
10834
7566
18196
2724
10864
1448
821
15485
13114
3410
11349
16519
10033
11367
3965
16080
10047
17746
11003
5651
8498
8692
3432
7451
2712
8709
4989
9948
18010
10852
5971
14345
12590
16882
11166
15199
453
4048
11925
7017
3117
18160
8424
8581
7036
5585
17838
7147
9258
2149
18891
7022
16113
7125
17362
18563
9292
8276
4749
10318
12041
936
18086
17301
1876
11837
10832
492
5258
10611
8055
6566
14799
12272
3017
14077
1460
11337
3343
913
14488
15745
18956
6852
10106
7372
13761
3911
13072
21
18075
11357
11232
6284
658
3757
15880
4475
1462
8549
6523
14807
17984
10825
11539
1636
15434
5595
2278
6010
7628
7677
13775
12611
436
7786
18537
5918
15065
14786
8586
17526
3196
5684
650
15259
2612
9070
9654
5890
11397
2696
3405
184
12436
13838
15447
13386
17601
12988
17445
18976
18624
15628
14065
10015
766
3658
7555
7950
6206
10777
12668
9385
16541
13823
10699
18385
15448
9443
18602
10316
7655
12031
2516
1696
6486
2360
11341
3995
4632
15666
1230
3095
18641
9825
7075
12153
9470
6282
8539
1840
7691
12032
17100
16442
3409
14898
6928
15586
2553
2649
15872
5318
794
10112
11411
4989
4643
4060
13682
14102
10645
18803
11188
6963
15320
705
6609
11701
16745
17829
3989
2625
8244
10554
17804
3647
7972
16513
10028
6251
724
5196
17163
16516
18329
13973
18918
6490
2526
17493
2730
2150
59
2809
18355
13897
4708
1887
11967
5302
6577
16358
10798
12803
6159
10371
9953
13298
13442
2864
3980
8703
12365
8863
1385
2290
5112
2732
13873
18188
5509
6976
9762
4638
7135
4962
15144
7236
11919
3616
18705
9169
4676
13131
18970
508
17390
16864
4463
11048
13271
13515
7035
17682
6191
3982
18316
11027
6867
13415
13105
17406
5545
8936
12940
4555
11059
1712
13230
8217
10453
855
5667
16026
45
7230
1795
7272
10758
4541
42
2981
7744
17462
15493
6825
5671
13974
16993
15517
9439
14836
3602
1908
16505
14754
1116
17521
7509
16441
10906
10218
17396
17017
3705
4052
11384
10269
11055
14105
3554
10213
16206
14869
17615
7621
8375
3726
11321
3091
4580
3066
5902
10582
6095
2058
17503
6489
8936
15707
10871
7191
9239
2989
17326
16585
4390
13229
2769
8107
8618
4661
1311
2564
862
508
9258
13380
8068
9784
10864
14768
3665
7062
9758
8105
6180
13548
4792
5746
17699
10767
4239
2256
16825
430
13639
15428
17768
11087
16748
15188
4247
5927
11497
13528
7736
2453
6020
15559
1393
8080
6177
15722
18748
9023
3786
13040
38
1055
3672
12961
104
12535
6656
7094
10053
9759
5413
10821
7969
9047
18605
14003
17738
8244
15499
6346
18655
7149
16217
12802
18585
4348
336
5116
1505
3135
6238
2049
856
10886
14290
1105
3589
18856
13838
10639
8015
4246
10434
5769
14295
2625
11505
14822
3688
2799
5890
7152
4622
12496
14341
7546
8880
7511
4984
12659
3188
7420
6918
14055
13094
374
10763
5534
6188
9069
4262
4694
11337
11726
1594
16836
15324
15464
9691
10896
2996
1964
7794
9526
15162
12825
10013
65
10299
10285
2438
9290
2801
607
1598
2358
12397
11201
14254
9069
18163
8324
8850
16367
10849
1219
5410
3697
2733
8650
6087
12525
8171
14887
8422
18216
17688
6190
851
2340
17750
8026
6070
14334
8764
18175
17395
17682
5512
4181
13656
16514
16684
13903
608
6709
8755
11394
15238
13740
198
6137
15729
9361
5440
685
2011
10896
17250
12353
14925
2871
147
17507
2707
1242
2112
4799
1279
3503
2692
8614
10413
408
3636
18323
8626
7110
4034
1126
4506
6371
13947
18114
11653
6456
12127
16945
5037
1093
16205
12983
9470
3327
16560
14827
258
6619
11666
12554
2104
12073
11268
16038
11056
8571
17423
3204
17446
9469
18258
9259
6881
6487
7808
832
10783
10958
5837
9071
12423
5377
14077
14716
11058
11126
11609
18311
590
5204
16847
12061
16985
15556
17836
12331
14423
16825
8705
4094
11255
11182
16448
15758
2680
13670
15497
16777
12700
13015
2605
9051
8678
14896
1166
17251
18869
2041
12185
9297
5045
3474
4865
2852
18902
6564
5377
1192
15635
5611
17382
884
12570
17925
6455
1466
3635
9004
11402
15135
13982
5639
2748
16602
18429
4311
2708
7489
2652
16677
8540
4991
497
15033
5989
14738
6379
4621
15855
8865
18531
11631
4506
12179
13513
12822
7571
6443
14661
13084
11774
7719
17211
5466
2733
8143
2890
8873
11298
2178
9065
4076
10399
8780
462
4211
18759
14517
18181
1507
11360
7659
7977
12897
2736
18791
8634
9469
14481
13725
451
1483
5435
11949
4950
10660
11156
16798
6551
2267
7998
4178
10490
18564
5213
15909
6345
4983
6571
2687
18342
12882
10314
2049
16858
8276
1134
6540
1559
14470
8509
2661
12488
4396
5867
18060
10203
13305
9926
17228
9736
5073
9811
14309
5570
3191
6667
3805
4726
12967
7101
18661
15628
3014
15265
16287
11433
6333
18902
9054
11246
9885
7193
9149
4705
1636
8956
13490
17279
12757
2366
17892
5570
11158
10732
10278
332
12643
12268
5280
9145
992
17745
13243
6546
5803
8576
18426
11179
11840
13838
10944
3714
5710
10996
16740
2970
12158
9872
7241
5644
7484
10065
16978
14337
4751
11286
3603
9639
17634
16724
9274
16981
16733
14475
4356
916
13429
17771
10012
4596
14879
14064
18447
11672
15693
14271
13699
18639
15103
18900
18262
9080
17347
11458
3282
16297
13215
10686
6734
15204
12362
10280
1472
5719
6866
782
6622
3998
14649
13823
12499
11439
13793
10305
11143
3386
1238
4840
10408
3163
8499
15468
1564
6877
13476
1989
14289
13853
10322
9902
3755
11304
374
17371
17220
10066
6469
13800
6083
17228
13249
10391
13859
3033
16600
12741
5971
12037
11461
5418
15430
8003
16885
11708
16409
11689
9764
8063
18146
10346
8934
6587
2416
5352
12505
14889
6213
8755
3039
18859
10823
627
2618
2952
15542
15654
10616
1272
10849
14318
9870
5106
15145
7298
3361
14520
711
5015
18967
3091
1177
14547
14652
6145
8487
4207
1409
11583
15172
4494
13902
16876
10328
14590
10360
17285
12258
4585
3846
9438
4227
12512
18141
14107
118
8789
5332
12388
5035
3692
9642
350
3899
5022
11523
17708
7165
10657
6497
7193
14711
3359
14342
15936
17801
12408
488
9906
9723
15599
1678
11859
4734
5639
18983
1434
12320
15792
5250
11123
1753
8482
10991
6395
15330
11652
12716
16207
5038
7338
12420
15890
11433
14633
1411
5121
10621
12399
9844
12692
11523
17572
13947
16091
12926
17447
6798
14546
12795
2647
942
1067
17381
18151
4435
18158
5685
6868
17078
10296
13446
4414
10616
12694
9798
12328
6879
1420
7481
2126
3866
1558
16440
12947
9489
8185
8526
13340
13511
9399
5123
5645
940
7678
14490
11989
7907
17268
16125
15848
16770
17530
12872
10753
6496
4601
6867
6914
2401
15933
17713
9698
16628
7628
14101
9561
13101
4131
6500
12267
9119
12598
12085
9782
6985
2826
3501
8050
457
7921
3368
15725
12855
8992
2209
15272
12184
576
2819
6129
5923
5224
1112
5565
1711
12867
11926
2610
1651
15531
9538
4854
3696
11250
11068
9568
6049
3113
4290
1905
11947
12271
2241
12358
7543
11719
11757
14549
2068
14663
9762
1490
4313
18200
2379
877
13872
7087
17168
1161
1302
223
15973
5843
8671
5632
4268
10965
10071
13312
1029
12166
2987
12676
10196
14864
16566
18084
616
3838
14544
721
8836
11344
13424
13787
17871
14204
11770
12475
6998
12923
16523
6889
13992
18245
4313
5499
7802
18970
10216
11779
16249
11646
18727
5156
15373
2959
11577
13273
11590
2286
11112
10410
11086
6264
883
8955
2373
1712
10504
15555
708
7907
15405
11094
1801
12560
15184
16503
8145
7730
18543
7270
14084
10219
6834
18706
3969
14814
12124
1563
13538
8793
2480
13262
7923
11934
10271
11422
7324
2940
17560
11851
10942
13055
12513
10834
6266
16368
15706
6425
8485
11258
5201
11557
12616
11275
4319
16130
9211
1435
5842
262
4649
16196
13260
12594
13175
11429
11616
2942
8159
4605
7612
2800
15929
14881
18170
8745
16920
13514
12737
6692
9514
13374
18033
7572
11393
9273
17916
777
8472
10671
18223
16982
8751
9673
1024
13378
12023
16346
13681
18217
8161
2845
8986
15606
744
3309
5869
12071
13447
12240
8323
10661
9373
13537
12948
12871
17717
18129
5588
11738
8618
1225
14008
13583
12952
14838
7712
14969
18813
1265
14871
3153
16335
9786
9621
4456
17871
18768
18805
14160
17411
9400
4754
15703
3681
14688
16869
10865
5494
2471
11002
1954
2167
12099
15505
15797
2207
453
13288
16315
12416
5357
8629
7091
1181
9710
504
13162
2443
17470
16735
17960
11047
11317
388
1999
16778
15847
8393
3320
3802
2071
5380
10595
16546
14057
2477
523
14626
14020
9692
1077
9801
2203
8807
14571
3494
4735
11449
18681
5646
16307
18943
1338
11720
11131
132
3376
8701
9665
10212
15134
5971
5445
18709
4372
15160
12761
18609
4807
1755
18158
13560
14762
18870
7767
10419
3877
608
11800
7851
3296
18887
5874
3120
7348
6498
390
16557
12910
5068
2035
13113
1169
9957
8110
7689
18095
17747
6605
2536
12483
17143
18688
480
4126
5154
6508
1410
14773
5525
17861
14866
9979
1871
4872
3654
13832
7801
11418
15053
6517
14654
3761
13340
17875
7126
6341
6227
17760
13714
2961
11919
15861
12937
12620
11256
7646
3761
8599
9939
12958
9090
403
7442
4879
17860
13928
3830
571
8872
9044
17063
1531
5804
16766
7714
15505
2072
18478
9129
16371
4990
16755
11561
3663
14815
4960
6877
13253
5143
13460
5847
9014
10290
8092
1823
13223
18433
3743
1492
8306
15509
1398
10831
1985
12420
7831
3447
479
15456
9101
17390
15797
17980
1381
13035
16822
6891
16670
16433
1384
18865
10974
10349
6823
15651
4462
4629
14000
1418
3009
18915
1407
17314
7022
8304
9949
15617
11567
11790
6497
2170
14902
17166
13074
15465
9091
4648
8014
11906
2252
9633
12754
2786
3154
6319
9543
14463
18731
12983
14757
18691
9818
9791
10839
619
14743
11360
18434
10239
8516
4619
16235
18386
7797
4517
3868
7160
10651
18805
2155
12559
5613
10378
744
1303
1243
1625
7176
9459
13009
1811
9530
6137
18565
16126
18654
4582
213
6650
11773
4170
5071
4892
7841
5307
8087
6063
10562
8478
13638
1638
7049
2600
4493
2278
16045
12594
15623
6944
9511
11267
15227
10532
11540
16183
8454
9833
5368
1293
9516
16786
9689
3847
9351
12402
17535
