21709
74
48494
14110
38832
44117
1968
15214
6328
12477
27822
826
48085
45695
15836
19365
32124
8634
34390
18298
16280
2245
34925
31851
17782
31253
17375
45604
51323
5700
22154
31154
48724
28293
14701
6202
45705
16372
8546
47876
19728
18411
10780
49421
37274
1246
48393
30284
4195
8680
31300
27780
40579
31839
28746
29176
8740
9714
10038
53030
43648
16083
26867
53162
22977
27047
34510
15579
2716
9561
43094
12802
17459
34127
43025
34022
3469
46653
40828
14781
14652
30270
36022
34037
20682
33081
12041
27465
20409
16039
54023
38991
2414
49290
53877
8997
28393
27625
6126
28772
39004
34009
54023
15917
28597
678
7586
38504
49842
16303
25249
37804
31312
19199
4033
1
43520
39343
41857
9624
40415
200
23269
28332
52600
18143
13763
6162
15392
40970
2705
50347
5869
42590
12393
5714
16924
38843
6963
6513
38366
36743
213
37550
25662
22727
35689
3571
23873
14413
53931
42923
41307
39146
86
24904
48130
38084
4058
35650
27081
19379
23939
47634
1155
28846
20177
1580
16962
3115
20552
11899
4347
28483
13164
33342
12552
48635
22202
34920
14290
16279
30053
52238
45032
34849
31828
50953
33888
6503
41301
48275
4217
8115
17760
32822
16579
34187
33570
43088
43363
4393
44749
1155
50375
47213
43848
10720
46067
26303
20760
53948
41285
10921
1499
38259
30987
26160
32652
4401
23871
11443
20928
11552
13307
34779
50748
827
15895
26843
20473
18672
7477
31738
389
21012
38253
31003
6607
17473
6202
4726
47095
44307
26816
22399
13776
38456
21088
1323
44458
43165
18369
307
49928
13573
35501
3186
50955
50868
9789
54489
10441
34050
40626
2169
422
42220
10473
10560
20269
44452
30762
40924
50307
37704
43734
54709
34344
44216
51650
23352
8851
5609
34996
31325
5568
28519
40248
25818
3489
42479
49992
5376
17735
14898
5798
46539
35195
22541
13607
46816
52861
23941
19959
21918
11487
13704
42866
51415
41640
19111
21350
3072
11401
3840
11035
25412
37301
4152
39347
16719
34329
5622
2548
54094
39133
22914
26583
54268
52567
26340
22716
43878
30411
50385
49468
7632
21897
21287
50027
23809
5187
53218
48288
26137
7872
3688
29226
52020
28386
54071
37640
23926
31625
1190
15845
44061
11330
34800
30863
7263
31583
47573
3082
16064
27604
41370
30526
21013
24531
39961
8290
34551
14845
1796
25835
127
22750
27515
53397
16456
692
28285
42620
42323
21035
34795
18887
38587
43367
46503
5282
23776
14080
48827
26615
7185
41835
37455
31849
49490
33355
10746
21020
8078
3315
50433
26236
17501
3374
27238
36304
28894
11917
19096
10818
1857
18021
35272
11887
39731
6082
48899
25134
13612
45796
22011
30574
32565
46293
9001
51296
31882
7275
11429
17054
13248
25608
29142
12990
47984
36380
52605
26784
33369
20180
37059
29856
37660
19841
7554
6967
7489
21999
50633
48941
15975
8664
19146
45019
18184
28733
38621
50176
48002
25024
6031
42162
42762
24889
37918
7343
36516
2859
37787
18167
2245
25890
25890
38095
38233
51132
12957
11597
28136
31689
53332
763
52852
17064
31153
30418
14030
42927
16168
27421
30878
4782
53668
54310
21296
27985
15309
12201
11043
41361
22293
1139
45134
12885
28817
19678
19996
53786
43301
52668
12894
34364
42504
25029
8151
2016
36351
7904
45523
20272
47973
15330
22736
46057
53920
317
5687
15101
13447
13808
19940
960
33431
39079
9224
1849
22109
52975
43144
47295
54870
40600
49398
50749
17290
36663
3725
40948
35991
13463
25371
19195
17161
16260
49431
27125
21471
1315
31665
14072
21089
15849
50201
32173
44037
32439
47711
4337
50865
29831
53466
567
32835
7206
54844
19239
30357
54277
36682
6495
1796
35189
32682
17837
16983
54934
43621
798
38732
35429
4940
1654
29598
35768
24326
14700
20683
14791
51807
5041
20226
21057
29925
43389
27001
21688
44236
13119
26245
28250
53049
38711
50963
32165
47508
43177
48339
50630
17342
25624
51796
6669
23698
32468
41274
17297
3520
38953
20516
51428
53276
41822
34786
32178
20502
7479
49900
2012
38954
527
45798
6339
32319
40894
35040
17355
35349
37491
31673
3886
28743
39598
33427
14985
41528
44565
48049
29663
15387
22248
43045
38688
5954
6811
23303
46374
32040
19064
39600
21444
26242
21302
32565
51875
33751
10594
36678
48483
37089
23552
35350
3778
47796
35126
41269
45356
31635
11301
36584
27063
32946
11765
5962
14209
11317
40284
49972
24968
22816
39163
22825
3710
30496
36286
2172
35976
39094
7877
34322
36969
3892
4043
48404
5255
1176
53378
41205
14394
9302
22001
1434
10348
49625
30004
11039
35474
6402
35070
38982
50525
24113
6758
33194
20205
35880
52035
30562
1803
17880
32420
11249
49450
48474
44185
24778
37569
11527
22608
28232
9103
20524
34053
27859
53036
36797
24841
54344
1991
41051
22909
14416
42489
40056
23427
4240
42581
32502
16233
15064
17843
35079
15571
34709
4648
42152
36685
21921
53052
54543
49914
2074
25975
11723
43259
21224
52232
2826
14119
8544
20900
19941
50811
11134
9080
50504
12511
39839
31043
398
8909
3932
15522
28226
4879
778
30945
7040
34211
52239
44411
18665
47093
23423
6711
12917
23865
3460
38479
18715
24564
19812
42021
37044
21671
9116
24973
23966
9870
4955
19361
28836
48011
20601
33549
9467
49537
49438
54296
13495
53528
11607
45891
19371
47925
14922
5217
25912
32243
15995
2267
32565
42930
27352
33223
33389
11754
47967
33348
30462
13220
46911
40605
189
14021
31275
3487
40862
6416
227
52385
24873
12687
12205
3079
16073
26966
41961
54883
34311
42548
27986
47713
35627
1886
7119
53749
34810
34618
29346
33723
46163
5773
8736
29178
19659
46106
52375
11918
29616
42535
8134
45888
42787
37181
11357
24692
48190
53836
11318
13888
25709
30096
35603
54260
54874
6781
21687
2050
17744
21090
17801
39148
37169
33453
21402
23980
15931
26475
10768
33963
477
53938
22483
15026
52663
30909
23868
2470
43311
33067
17734
4972
5312
49948
25148
7297
10813
29841
27130
40228
39196
47839
47232
22435
50877
4656
14769
9231
15377
51694
1570
27869
42792
52908
52685
33353
49803
44347
24013
9121
1000
16742
18052
31763
42131
50915
51809
53692
44521
41743
21877
44734
20688
34844
40756
45805
7427
12641
10665
36007
35834
9503
17505
13238
31493
12931
50234
32123
53569
46588
49141
50192
47211
18643
32214
1041
31610
35186
31428
7592
17753
1835
13116
51925
28154
41862
52552
14966
31446
44934
37909
1849
40288
44336
9762
3563
50441
21993
32684
33363
11134
54580
15758
18048
36247
19292
53710
41971
25961
5260
27387
2499
3906
7617
3810
54339
11748
7848
6352
15802
14819
6425
45290
37967
5136
49848
30944
29991
19288
32692
35920
39469
13823
42589
35750
12604
13310
48455
35129
7084
15259
10557
16305
9006
44072
1932
32149
10070
7012
2206
25377
24012
37989
33008
9316
36695
19295
9992
49519
39103
17165
10270
15426
12741
40838
40757
39673
33633
54068
35830
3443
22247
50030
44986
3579
47064
20166
50362
5375
45152
38788
9277
30262
8841
40272
18909
17087
20716
5991
15358
40420
50039
52725
45164
36245
11967
15593
8336
24361
2123
23598
34606
12399
42314
43237
18238
23147
22139
29096
28622
37813
9455
52714
12608
40859
35165
722
36445
28534
2946
10542
16302
10378
23746
1411
21186
50470
22192
38347
23313
10604
33205
848
36451
7771
50345
932
6286
32911
24827
54539
5035
7330
41942
12296
15452
44548
1427
48404
36236
42022
19549
44734
36194
27525
43469
45844
23748
38137
37346
21703
35372
39845
1788
43429
43825
10521
49806
10143
8309
3971
10854
18683
6382
15180
54970
52620
1988
4238
21064
24053
54838
539
52785
36789
34313
8969
39244
15323
52246
16874
38771
24051
7534
28656
48812
21577
51972
53366
52110
44882
40936
46993
45862
14003
45044
50093
31477
12345
48548
28540
14647
9903
38375
22729
31867
26293
20596
36691
32562
41685
46667
52789
9022
32210
17890
36170
29801
11089
39176
38494
36310
21281
54041
35391
49247
17711
50463
2642
8101
9218
8553
53802
17814
33478
6163
44516
24590
2572
10993
46414
20172
39558
43361
24573
4143
21743
52316
29534
14038
43537
17513
3140
25889
38553
30623
20752
4543
38404
15556
33319
25772
41053
1222
4133
6391
26991
44109
17327
26158
13284
40620
7094
51158
1744
17194
11144
20818
51760
11873
33960
50503
6940
25107
14029
1771
38540
21339
52376
45192
17270
1087
48712
18408
39397
25352
12592
20830
149
44867
11911
17303
46867
6432
23384
41395
45362
3004
18440
2932
20616
19293
26740
8618
18591
51585
35205
47960
47167
963
7996
10654
48384
33636
20864
42324
22726
53090
655
10544
48989
1407
24696
30541
484
53377
31414
30344
11214
16545
37465
2063
40699
39747
13151
43449
44813
32337
41488
44212
31646
1259
29263
30479
9383
20999
37028
32796
25035
9441
16550
9025
50947
47351
28390
42612
23018
14524
5263
30625
12160
26087
37841
37393
45876
12055
37268
9784
50987
30557
3970
16467
12693
45358
48293
8293
52574
53067
46248
16885
48546
26639
52938
14685
41362
8829
37828
25873
619
5892
45916
38705
22429
12688
17594
25485
729
20933
27376
30261
41212
19730
37078
49186
40873
48976
37627
29300
46018
51494
34040
12865
3158
25611
12926
8423
1222
25526
472
28574
19170
25109
40387
3653
1865
32345
43465
295
7981
29810
22509
32762
28773
9564
44441
1388
40524
18126
2596
32977
48694
21723
9439
926
20427
17830
3950
24212
34044
29479
46332
40169
50259
39924
28327
5776
16527
13302
43394
20483
19068
25498
47497
27819
18001
30063
47263
133
47411
48667
13588
26696
1991
48141
15426
8710
18885
3734
9303
12223
17640
32234
41605
48077
426
17964
54732
49144
5580
15635
29521
51822
42370
36135
2119
23933
15181
28391
28796
37577
1250
31539
41943
50901
44337
10913
35085
30831
20232
38423
41451
52805
9613
42884
8494
35830
40666
23650
32446
14527
53715
35059
4185
2850
35523
33824
41060
43300
10724
51424
33084
29652
24662
37411
47098
11027
42151
1340
8308
11340
520
7020
20305
50298
38152
24456
19277
18752
31105
4873
2922
7985
3384
54548
52919
45221
51875
17694
29866
12756
47811
22
17098
14674
28353
27543
5728
45159
33125
25120
45179
38946
43561
4217
28802
15681
41548
36716
33316
18592
24978
25606
53259
18931
18105
54225
51255
19458
25358
53967
7111
21480
54062
53989
38091
8984
22729
12305
7421
189
19344
38866
26253
23707
20679
3883
50620
2023
18014
44083
4264
20688
50081
38148
17853
22609
19623
52181
21357
45533
23280
15631
14855
2157
20488
5640
49747
11160
44912
37144
8701
48712
30028
21686
50872
17829
21334
40149
35737
47280
20169
19960
48860
49278
25882
43191
52549
40983
12513
33702
33285
48322
7125
328
3420
39711
26845
16765
50845
36512
48828
25373
49653
34965
51948
46904
2901
29002
17794
46267
27176
27599
3882
20241
34974
51685
23505
9524
14470
19520
49513
7222
49730
27469
41554
22057
7308
7681
41434
38246
7727
45547
18119
53422
7824
10959
53396
6963
8443
38536
19864
39946
48298
53106
25428
34696
21648
34169
15562
25198
35708
4145
33763
3698
27273
44299
5185
42419
30826
46640
1763
48081
10619
4069
4423
34262
31618
43011
43249
7117
51093
18106
45826
1046
13581
48114
18004
25123
19463
46790
9673
46450
44860
32733
33140
25950
1926
11910
53639
40156
13915
48895
39787
48944
21470
10906
47406
18690
50560
24413
44399
41481
47814
53053
7501
43865
48188
44366
46965
1500
33183
8984
33314
5379
13360
14073
14311
34118
43085
10028
34360
20360
28633
8068
53015
7264
26180
15911
51642
3037
34917
11737
4041
5450
37779
53355
27589
20978
12235
5984
28196
38960
26604
47268
13578
24565
17910
48129
37009
37446
825
15608
4105
10074
31786
49824
19650
43733
27392
54238
48894
33380
23677
40802
19940
11966
18576
16689
43295
12466
3583
28804
32781
26291
30633
53781
37851
3557
29050
24305
7078
22586
47960
30214
42396
2230
7674
24786
6897
21547
25208
7253
52645
39290
24997
14517
38291
45487
10921
38628
53589
9415
54243
28192
8451
43617
20332
9126
37242
21758
13934
49124
13921
2414
39620
11266
7110
16376
14275
27180
31543
2158
14526
10119
31693
53675
29183
39973
3507
6986
25329
9103
37756
24820
40851
814
8818
34726
33423
38349
13499
43316
45800
4207
38894
2718
50177
12225
16028
40982
37395
44315
1817
29570
16663
26960
34625
14460
10377
44583
2967
51371
34869
14534
2169
33494
33347
3554
7495
48037
43582
38502
32858
27468
15739
31901
4578
27917
16877
36365
13344
25769
20813
39914
23818
46738
23822
14596
31069
48168
8599
49711
10324
2150
8649
46757
28342
11816
1240
46386
29054
44108
43031
37995
39740
29938
37108
18379
43513
30729
36746
4364
30671
48615
22637
10566
45167
49572
673
9664
13828
54124
18195
41584
43365
39879
849
32616
38281
43775
9965
35488
38522
22717
30716
29305
36835
29385
486
4389
4702
3028
13742
28713
45294
28139
40904
6979
31339
17091
36074
8366
26028
5427
49363
28223
1375
21626
51433
7116
1100
20782
41183
38160
25960
3254
38578
757
49764
31669
1141
44542
21877
53363
7947
31944
37911
45322
52545
9701
26107
26610
5022
9332
29552
16489
39306
20536
38813
13683
32404
54123
50997
41145
33704
51095
5923
11977
43685
34898
18812
52402
41229
1835
13052
3091
51229
13445
46824
31631
19436
27351
50075
44422
28985
32085
40252
50179
23637
25783
27676
54757
49799
26043
50270
12781
52694
44089
50119
44339
16689
12716
44949
30021
37202
704
15604
40790
27786
41972
5123
1838
9574
32022
10614
5275
38622
46453
25932
31804
6598
11559
45640
26190
814
38335
22213
39637
47868
19410
3194
27961
23577
27151
50645
31202
36953
24904
52124
38137
48844
8106
31622
1332
13442
30021
46248
15998
53267
13536
36508
1889
36531
35388
16532
20760
25317
48411
40812
45950
23615
28365
22109
4181
7139
5687
21182
7332
35813
34872
6781
34056
15368
2809
35732
45005
13876
48305
2438
46441
29418
17482
36408
33085
29624
29708
8884
31225
51959
12211
28689
19211
53393
15007
5143
9324
29553
33592
19134
11439
39995
3020
19350
14382
36402
4175
33784
51171
32344
33142
10460
13345
37888
53952
43868
3580
15791
21233
45870
41627
44617
37324
54423
32320
2128
8260
15698
11962
14824
16647
32863
29824
3885
45807
24625
5753
21230
45679
7952
30996
26427
23519
32685
9097
32792
13852
16396
5995
48790
17479
37499
20507
17615
5136
51761
13098
30992
28071
6674
4762
25323
41406
46831
7794
23433
42398
31914
26764
43119
48565
19311
9020
6544
16785
7309
37191
33936
9708
14076
19534
32384
9428
9081
4181
33853
16957
23349
45684
2475
35933
41548
13282
43711
23067
6465
2401
35683
39149
22102
2946
41882
8445
25392
2710
6995
33624
33538
22982
7242
25947
4576
47
17761
40522
46532
41101
11847
14446
5670
25651
6503
51185
39115
1637
39913
10049
37000
25634
6157
44863
34776
13609
31667
11028
39049
16766
53136
34727
24045
40609
46155
42229
50461
26876
17822
6813
31183
21159
51488
903
22824
17538
30351
45336
49540
16470
41579
28348
6890
46776
4285
39049
52117
13715
15270
31652
26397
35225
6388
21931
43717
1294
34199
27582
25093
16657
29474
41963
38207
5663
36013
38756
10446
6918
33919
39870
39883
36859
29201
23961
7602
43592
25726
13647
3665
46405
1382
27475
53368
46298
53618
34976
5659
41719
4578
54747
717
54977
52929
30805
46831
36849
41874
20481
38054
50825
29092
51255
2003
33454
8361
42090
39619
33493
27204
36124
54199
52316
26193
53180
23638
6902
26246
25561
50382
49329
39047
41806
40257
17576
38472
14946
4580
11176
5099
34499
12067
13666
5801
13902
45224
51804
54325
1469
6723
29348
28908
25381
53979
4538
9145
6915
27331
19104
35485
29323
1711
15009
21531
10789
47645
8987
3874
10564
7897
44994
41627
3964
13481
8650
20954
19384
17855
16137
50546
40997
30653
3639
36433
3206
10618
8084
12235
39348
20283
38428
24466
1330
15061
12137
31010
11259
14982
44365
6987
8784
29091
50617
27248
47834
11756
42135
1236
32376
31172
40561
44636
27030
17981
29437
32719
12186
32904
35934
3466
13892
33138
40023
13521
50161
4602
18566
47800
7764
32814
36466
19519
54482
69
35851
16916
39416
10648
27957
1066
13139
29018
43560
9055
6916
30607
1471
38587
51878
31256
49179
18308
26805
49652
12092
18166
23493
22378
45380
20992
31740
11307
21351
44099
23725
30100
7570
47859
29362
13369
44127
784
22797
7702
49778
7926
16547
41294
5508
17728
37374
27839
34977
4491
47653
21181
45024
49702
1450
9570
7222
42808
10511
50063
26807
42930
53174
33604
54971
41123
36684
5635
9657
29586
5969
11379
23747
5862
15383
21352
30525
17722
19645
8840
46019
47516
38159
54025
22246
2292
11051
45509
26706
38698
8450
9655
54631
19456
37168
4264
13362
50950
44211
29930
6040
51797
54316
1510
2790
19267
17789
18352
10952
5381
37064
7632
24980
16259
42359
17956
49482
48476
32357
3440
26203
38955
52527
32752
18330
48249
33793
52692
8435
24906
4769
20642
54135
9780
42690
49378
2281
19649
18728
12882
7656
27710
50
27930
41434
34819
7985
16658
30865
29403
3667
16735
22492
24182
14084
26540
17797
23442
14315
13245
33506
47777
25868
13375
43138
18299
24999
28756
29127
23059
8884
34802
50338
38135
17712
24187
35623
1234
16721
38943
18726
4844
459
1445
41907
39569
35932
45977
42235
24030
40786
15743
19811
52975
11991
2710
41310
52406
25510
31503
46795
15599
21437
17716
51921
42823
42614
17390
18632
13370
5284
31879
16726
3747
30798
1071
43738
18966
20139
13993
50872
41778
50259
7157
10714
35018
18094
6025
29599
44482
24995
34256
13978
27343
48263
34709
21514
10495
14960
53632
48193
53040
36852
17398
32604
48348
50851
24552
19678
8178
2222
1458
28817
30584
18386
20628
47210
21796
17477
33477
39855
27914
28948
47642
42904
21928
34142
17703
24904
989
46129
252
47238
47703
26311
46225
13196
12876
51732
32292
20579
14001
23591
17743
1105
36566
44763
40263
4105
44282
18688
9446
40413
23707
14819
6050
49121
39021
41335
16863
12271
22724
18926
6639
43907
517
9616
32706
48795
37038
1174
1
11949
52878
19060
7523
21893
41487
39009
11379
5721
5080
39916
7969
3138
17655
45388
44108
53633
51100
43516
51193
21956
24848
14474
41253
19428
548
31971
49950
5588
29358
7356
17448
4064
24903
21375
7116
46432
8664
49816
42187
54455
48058
38763
40456
13260
21524
29397
13179
14212
52703
3195
18361
16570
23710
37178
41417
27325
14577
53652
4642
23796
38689
7548
10864
36760
53782
5150
5821
18598
15459
3102
27964
50344
7363
459
52936
19318
36957
45064
15515
54470
54939
32671
20723
31518
48185
16330
7575
44682
4600
27064
47160
774
22050
263
15650
36545
29856
21188
4506
23500
3662
5293
19089
33878
32392
36447
40454
10885
13799
27225
22073
24939
35044
4828
21388
51675
22853
29021
50316
13790
15437
23609
54901
23871
20237
19124
37461
9207
968
19669
51774
50637
36045
9370
11567
41190
22677
53707
34764
1412
23164
22894
21633
40967
42669
20583
49310
15069
34214
44577
34564
855
46691
45445
38734
37305
2334
1989
47115
43517
1260
47790
45335
7550
37970
8336
38993
46540
18726
16628
951
24792
49259
16249
9398
25733
12172
1698
782
27961
31105
5823
47890
3727
1703
22991
24949
27451
10418
53143
15632
19489
44294
14497
20824
18202
1259
43204
28076
43651
19543
39732
38692
32860
47829
6238
43381
6971
47443
42019
19009
12330
33025
25126
51939
7107
17205
18267
50224
14966
13980
21701
39185
48541
23163
49684
26645
39965
9323
17186
1955
17873
29339
13777
6085
40796
22551
53483
50673
15155
27743
2716
50481
33821
38330
34832
10674
48256
1729
32509
31257
50616
35488
31716
53089
6998
32631
28178
25170
23044
44151
2381
24243
45425
17279
3237
35840
8469
52926
23561
14207
46346
12963
36491
48628
33037
23857
12201
44036
32744
12014
7849
31070
20365
28907
18912
31789
53665
45141
895
14699
7682
42801
42394
30456
46174
51415
15278
39560
48194
10101
26367
53994
17724
7597
14715
51964
25942
49817
15383
42476
14904
11818
43812
35385
36320
18279
33709
24513
46672
6443
54031
26964
34628
34271
30965
2053
2150
36063
45111
9256
49512
51633
42655
20615
36141
20487
50953
12222
28965
30310
34940
47847
46020
46015
44096
32968
11549
38050
11286
27992
8056
28443
50822
41337
16213
7349
9769
22334
11875
51610
48373
53446
47546
23101
8678
7777
48833
53694
40535
38335
30501
23164
6837
5576
26807
46162
32363
28750
11689
12096
41583
19318
11661
35202
37289
14990
5969
38709
9531
6296
34907
14117
2058
49524
54732
49605
29240
26717
50668
16326
4218
48634
11587
11744
49493
51436
39807
51350
54656
10502
51239
54363
48230
19920
15659
18451
35546
20703
25877
44429
12471
41527
36376
9644
25308
15192
45315
1949
41536
38598
37458
45186
20727
53370
27154
3381
19313
4598
31599
14169
1235
7766
29484
33353
54573
9394
21917
47196
38271
8736
49316
14848
30896
29822
15791
26891
44973
34933
49026
48929
52955
22529
33255
12560
34601
53693
35510
42479
49212
32451
47226
13309
30992
43097
31915
9966
3232
18847
26057
1303
24099
29181
28003
40963
14835
44306
4492
28342
18459
28655
47126
8902
3308
33873
31134
48234
45764
29589
8404
24835
43452
20479
49318
22223
52572
37203
6816
49188
23701
12876
8281
25657
6754
17842
7869
42408
23516
15638
51827
45128
34457
13497
32626
50695
39136
46699
33909
5829
38452
51048
29720
8795
48579
44717
16837
3483
48481
2472
30464
33801
53870
31996
33139
8174
38352
4891
25687
16157
52238
21303
112
51750
18659
19281
11931
20153
44739
41115
14550
50253
8214
9129
54884
11822
37973
41161
25292
36892
14557
28499
28430
35976
2311
8172
10593
38506
43730
14349
36523
39381
47686
39928
38718
12220
3310
10770
48899
3598
25281
10684
45727
53517
11916
37548
50134
54829
39800
4920
4688
17487
15659
35066
39150
45077
31374
31743
20897
41424
34762
4450
47760
40325
30392
13278
51411
7006
22140
48856
50737
2596
38917
32434
19050
51146
32180
33228
38434
45454
46262
22798
43115
24456
27943
8592
9005
19173
52381
36858
39957
52245
39486
25319
5823
40768
34823
45036
49289
7343
21571
29631
19006
15095
45996
19650
28436
21664
18056
44127
6731
15988
37619
22382
20794
2243
18437
49969
33847
16395
51112
45192
20266
28413
49729
9696
54486
19482
32440
53207
5094
11573
40685
1027
1657
38681
25393
37792
53993
52491
950
4392
12853
46995
24804
5916
18400
34052
34306
2353
36910
33251
24573
48174
40972
13940
22191
18266
33585
41463
31431
54306
37708
48154
50840
17216
18283
4944
48049
34423
37445
52031
27729
24779
37517
53023
50445
52565
12603
518
37528
16276
17361
18601
41686
48312
49047
34061
13572
42631
9299
42748
31431
31578
27080
43
29455
34762
54106
35815
10216
53748
31196
53295
966
44588
35974
4277
250
15741
15886
44559
9397
23646
39273
19714
22855
36857
43526
35582
4557
16949
27560
14524
7909
46891
31103
24931
14791
26941
41369
34666
24033
50562
27041
20481
37183
12911
21532
44976
46982
30023
1005
10441
23540
50139
29900
23857
39525
40981
9623
17841
17308
47206
7261
30659
35180
20712
51275
44144
1258
18053
42973
27630
39578
3406
37706
47487
25882
33288
1420
8212
1966
10592
12715
27680
30113
44591
50670
21562
40308
43641
12261
47483
25599
44568
2941
8989
27458
30765
13313
4156
35718
43606
44065
42374
43292
15243
14378
18573
16161
42139
13706
23310
48774
2379
31966
51866
2168
8542
50577
28666
53872
45249
16651
26271
5208
47845
51741
45207
41920
41471
54372
20012
41197
24956
35458
42510
5726
15638
8420
11369
24122
17900
54264
41977
42681
25381
1416
38009
1429
9796
54612
49484
21100
35736
9775
8931
17365
16795
36312
43620
54541
4362
626
12179
21469
12243
15282
47699
6466
43698
33142
26069
19624
42175
35621
5201
13124
20097
23014
20011
16116
13582
22400
24708
8197
50314
25659
24977
35698
25356
32402
4569
17395
54817
48750
35431
41825
26656
1248
17087
7028
37388
22034
5230
19768
9168
5962
14755
36514
30076
39604
21169
41954
28390
46763
41790
31767
11444
22916
33406
17577
38142
32808
42488
2375
15057
3708
40626
9229
4637
24782
19801
9186
3327
8013
51104
49028
11443
47197
33681
29760
1346
21702
49994
27930
43473
40193
43695
39301
39498
1614
4358
23031
26331
16941
42263
980
52637
44911
44873
33262
3847
20240
47002
20710
3240
43187
44919
52873
24244
45073
22745
48738
53134
37488
2465
45520
483
47309
37434
28124
31111
13222
52004
24937
22761
53653
9593
42272
54385
54212
26888
41974
16754
51946
50471
1149
19667
26920
34110
13572
8439
9691
54511
32875
29940
2966
8649
17920
19601
51467
24083
4615
51104
16237
28877
15834
24531
49549
28171
30548
17475
9440
53971
5171
22459
51297
16405
5554
491
47536
52978
13944
41208
4838
29733
54689
8137
33452
19551
318
14677
10584
31823
29315
52624
50026
25478
29133
43044
13793
4927
2543
47004
50837
1349
28672
48444
27641
51264
25282
54620
15559
19815
34249
17524
45551
51793
41373
49329
23470
47239
11526
51644
12519
35456
24476
37620
11504
6856
31137
53458
2996
23163
17171
19243
6976
41380
40057
4619
3684
2306
43352
39187
44777
37049
27019
44909
30313
49918
47702
19591
30679
1148
16781
52699
16972
25309
17902
20127
33675
44890
19735
8192
6658
49971
13725
40969
20461
27410
54858
51338
36568
42473
39050
50604
24177
23804
8674
9808
43776
20321
47326
36007
27269
52796
9478
26860
52476
46655
12604
18942
1078
231
8796
35922
19447
40185
40456
12717
16344
18315
39767
12958
27113
28600
24786
20378
24189
531
52731
25066
51417
16661
20794
47198
38210
35593
20965
16437
23418
29476
44378
26756
45863
8186
30717
10044
4568
34227
40657
11633
30613
4181
52237
40372
40546
9387
29092
35602
679
47819
19256
5773
19711
43422
33453
49792
499
29960
9270
52032
18515
54687
9790
51918
30640
37928
45060
38026
9377
47468
43724
50129
49352
14410
17910
29886
53239
7239
34046
24327
26781
51456
16455
7582
53655
14432
8180
14832
6148
18132
49125
40347
49442
20156
43554
41528
3319
33205
13071
42119
41677
46193
26828
11450
36900
14687
24856
9866
49037
6207
8946
53190
42473
27614
48499
49330
21692
30775
3403
4595
28866
32787
13502
10928
48084
15087
50259
27285
37902
52044
48809
6369
25968
19140
25222
26432
16039
47312
52238
39531
53887
45031
49244
9642
53472
23624
39544
29475
14338
200
43781
13524
34487
3191
27926
20717
52179
13245
2372
37137
31322
4186
6974
38627
47542
48475
28686
48942
947
50385
8236
30516
51010
41003
32673
41712
27750
19131
8050
53207
38734
48086
1999
37280
15095
40173
10887
38077
47702
37249
6234
26977
6647
35748
15595
24809
24493
4858
2423
19528
52062
21717
21182
50187
19777
22984
11565
2907
9599
14059
43766
28360
45668
17742
11453
42666
47840
48489
5023
40843
34222
49544
5281
26785
30561
7964
25810
27623
6902
8827
32750
15731
6946
43890
12240
44058
40536
46465
18596
53832
20919
44660
35830
36596
17526
49018
32754
35263
43253
46783
33705
6693
18898
54308
53420
49116
52628
2630
37057
45778
10839
12644
35471
35195
39412
43498
10767
22679
39220
22098
40737
40986
21274
6914
11248
14205
27242
5848
52483
53883
27450
34946
48265
16174
40075
53339
48880
3799
36123
22288
40162
2252
10475
12496
3101
37331
35064
1673
5806
26677
18177
40200
26505
48886
33947
42064
44607
19657
50996
11156
28996
45840
29778
25295
14283
42929
20591
33000
35097
26325
16188
2788
48139
42922
35415
348
46541
5896
29274
11909
36617
46392
33673
21013
6415
27887
21176
40451
52095
45643
47319
21632
33592
16349
35979
17218
13100
24012
44337
51776
14650
27578
27530
24791
6775
50728
3446
48730
17075
47005
49286
39560
22044
18195
51514
31488
32273
31146
35379
5999
30540
9342
18607
18002
37388
21020
44215
49159
25094
31442
11446
14021
31720
22540
16872
12645
24683
49250
26204
27600
34578
27935
52272
29191
8099
4044
41904
14978
50480
30243
29978
27776
1562
13952
9033
2037
12196
1137
9859
18
49543
23727
31873
22022
42591
12748
27251
17193
54905
27644
44854
36305
20111
32433
2236
34950
21554
33662
47550
10705
22427
53869
44447
23970
50342
18428
3920
41765
41699
44209
29779
14774
16242
39703
3543
32356
31842
11265
5576
11913
37463
32003
51791
33154
24718
3984
49093
50545
3101
28605
16424
6136
7948
44236
48959
27936
31794
15789
17000
4783
43398
41064
15508
13992
25059
47742
36467
12052
3070
11925
52569
30143
17511
14297
24252
9558
34090
23287
18489
53196
46649
23013
39114
4123
52752
38974
44615
47071
37588
7753
21710
42998
4497
37689
28616
30252
52790
29040
17497
44867
32999
28796
41387
41184
3903
14507
41648
10017
13904
33819
28378
27722
26705
17594
38130
6614
33386
30612
17313
46587
52175
33051
12253
10350
31263
9561
15379
48054
11464
34512
44574
19645
29584
45339
51858
48840
54842
10054
33864
28031
42244
42831
20278
2592
23785
8536
9497
25286
50223
21156
45866
21519
14407
41543
53298
19388
11925
29771
52835
7537
49483
18476
18901
9748
16342
22005
20154
18418
52052
11932
5575
5557
27545
42320
34703
10418
51429
37763
8613
48878
27707
46538
2933
5809
14240
16073
42960
9339
36686
7347
43587
3842
31925
22288
10803
17686
13781
42191
10031
32403
49338
10450
36121
686
668
46377
35330
11635
42313
30007
45681
54747
33842
31561
21424
32979
6375
21061
8196
9927
49391
4095
49303
27989
45433
13006
18379
48638
24352
33389
3556
22416
62
40373
34867
10222
9784
45679
28699
17633
10434
10280
32570
12399
999
25678
26550
11058
21150
18023
27001
4388
7252
32720
17962
36230
29691
46075
39433
12696
16804
49394
26647
10378
44150
37551
39000
41425
24522
20246
28046
43542
6442
1274
739
52320
32446
23308
27810
18154
25211
45403
11259
30935
21817
4557
2089
38625
28775
13843
48498
54249
51757
46082
43147
19368
44285
374
49932
53116
54150
5281
43215
8999
8647
28585
14641
33537
29253
34584
52578
40102
24833
34925
34103
36659
3817
9511
2497
24201
23265
12818
12129
46963
4382
19338
30475
23924
25815
26756
15380
12426
5552
27453
45106
35864
812
20329
246
37831
50614
53341
28792
42291
18612
6441
40216
10700
18441
54133
33548
41283
23181
7580
12003
46197
41956
41270
37596
16268
45040
47839
44636
784
4299
7085
11202
33908
14677
37695
9993
13629
6318
38240
42242
47742
22280
15523
45650
28630
37596
1497
54343
47643
22904
32485
21283
48480
44050
36281
45779
39682
18244
53985
26150
38784
24164
37549
17933
27648
37926
13
9204
19655
21408
19781
21322
54360
49770
16031
33290
32326
26248
2447
31830
28933
7989
8266
141
45322
3821
34488
45858
1578
6127
52080
1681
38128
17430
8274
11813
43721
51875
10232
26635
17449
17449
35038
10845
36976
39108
19889
54180
41999
36278
5828
2669
51940
38432
24125
17790
33014
54769
25934
22758
47658
48038
20127
9502
31779
19182
12784
38368
47232
53257
35852
5682
34992
50045
6002
32791
2321
29972
41429
33147
16549
44301
49251
32840
7069
27885
49323
28129
936
22650
54855
14347
49524
14716
36257
32835
38614
52264
31170
17000
17716
49370
16614
51878
4071
42143
53739
40420
21902
13493
38000
5827
33653
22527
16969
7891
38349
7152
15129
7443
49516
24211
36505
34309
32861
9485
25580
8156
23995
20400
24357
48362
10407
31796
25352
25107
34826
30764
29405
10016
5124
43059
54732
28504
5058
11289
47874
9985
8197
34861
14625
3415
32503
49729
27797
8815
14473
23493
31843
33843
47952
24281
17108
7546
44423
1306
18847
51475
28501
26400
27973
38822
20703
2498
26926
50295
12560
48270
25601
13296
52708
7137
54112
37010
37668
4663
49986
28287
20956
3456
14234
7775
54409
12039
52164
54772
48558
46744
29952
47484
11021
26782
23671
39260
33866
8494
47410
16796
5539
35739
51875
27138
52348
21079
23715
19446
47640
29170
9210
48768
8809
39266
3997
1065
19240
2816
40417
35140
13448
52403
39301
53850
24773
43195
36382
30148
21314
39723
27589
54721
41344
5844
33435
52453
13994
26019
29708
20154
54165
49438
37313
9741
774
5584
35239
16831
11275
47006
34638
53582
24595
50181
39252
1216
17569
37634
24759
17988
22908
25886
29281
16661
20066
54444
18021
54675
19738
40345
5521
46167
29801
23358
33244
15211
30901
12349
47446
51325
24413
50830
11823
48878
49985
37668
20919
27818
10350
11569
43941
50118
705
11978
48363
36281
43109
1936
37591
28065
30264
49749
34860
16156
31680
29248
9718
1759
30850
34276
17053
14677
9451
11763
15441
39224
37511
24522
2628
46741
22343
5546
37285
37119
5552
699
48920
35131
52374
45036
37474
35611
2168
13747
5403
21426
26756
47141
42764
17435
2627
1979
42744
34966
41615
34234
37367
35511
35761
48429
19165
24588
19688
50809
8922
16556
20604
35101
5418
43415
40656
964
13589
30797
18621
2272
552
487
40083
31788
27882
10468
17002
7069
26443
19993
10511
18351
37302
3865
10955
2184
4744
36228
981
20003
15049
46903
28344
188
1343
36544
14831
11643
3825
5355
4796
14718
45281
36126
15912
16863
23547
34750
19988
4831
2618
47932
4423
31725
2818
34128
3072
32928
4472
23656
13579
14476
23749
53357
41305
292
23145
27018
52551
31245
50197
5361
52985
2051
7873
4820
30879
18995
53347
26357
36093
33171
48409
36091
26081
1497
54182
19369
18254
43047
53992
49045
31821
43248
22475
25050
52219
3642
22006
25602
19021
21048
23810
27779
45719
13786
51563
8812
14205
4491
38856
28333
54753
16311
35052
47593
52387
48639
31167
15929
8911
522
39654
46093
35479
41410
13782
25089
40577
31225
913
11195
28636
22094
16951
17109
44940
23975
8565
38075
54845
748
35851
24210
844
17990
36607
29426
39240
23810
30576
45298
9703
39998
40773
13679
33494
31135
21427
42136
54977
6492
4957
22169
34000
43411
18934
37202
54570
18702
13450
7108
1195
29954
51282
37495
42833
47244
926
40699
36141
47663
26573
11673
19468
10054
30129
100
13621
20226
45941
28730
6997
53545
49784
1809
26974
44925
5827
8056
51030
31356
24326
35139
41395
45304
25209
13546
38253
39389
94
8079
19676
6066
24564
8098
7528
14982
38573
43274
13440
25985
38529
18450
19258
1972
2716
37102
465
20253
37595
49121
41620
4947
26740
17773
242
28851
15091
31053
5868
5645
44049
6034
45707
4110
24630
52336
18793
