20117
4326
38020
41918
4116
26173
37824
37434
74903
60595
70612
11797
44066
82782
25130
19535
31988
67286
44247
44902
51074
56471
56833
38739
82505
54689
7636
66589
11673
30406
81884
38140
66668
23567
36
37683
16806
71707
44701
49579
50935
71517
22490
57161
43635
66441
51352
35123
71843
76643
33619
1724
25437
9741
6484
52313
3478
50347
26327
43695
65727
1811
77928
64499
48781
1806
54397
73638
77426
80422
69831
51123
71586
43980
69730
45423
51360
68255
70724
70979
23798
47242
7842
37480
22843
6850
5742
46633
80807
1306
60789
5774
11987
11862
66309
8154
44819
31505
40515
48986
6069
24123
65482
9527
31891
72170
51808
53803
34555
60179
14362
42885
81161
29077
22696
73424
48442
28051
32987
13430
29073
74476
44547
77660
21359
38513
48029
65851
9243
59930
8210
10563
75521
77549
24299
3395
35823
62604
57415
73897
17786
59361
73583
10194
44255
27841
16049
80991
44405
71771
74200
35333
62408
30884
29245
17759
29265
40504
51559
68954
37352
11086
56421
64429
15500
41096
68220
5490
75497
67950
79237
65326
8680
40534
52470
47073
22116
59146
49928
76017
62104
65695
54200
45834
57095
11861
65399
38370
78059
19511
10020
60964
48039
54809
29802
44116
18632
81185
69500
46105
18622
58612
14908
60188
5304
49206
47739
56820
81109
42309
26402
60003
58471
18754
82951
63928
38786
14237
34708
41218
14395
76604
16202
43709
23907
75815
75211
59300
53947
80971
22156
11788
43529
5346
17193
50705
70024
13123
61458
60487
20062
18107
55371
56823
36886
8600
77274
48268
47102
39486
46625
70057
67212
21344
74076
21017
26049
70620
75684
29482
49799
46635
55698
30662
47911
23395
46455
1608
63379
43780
61768
26664
35026
76331
22519
16011
34081
68934
38676
59986
24015
26485
42002
73372
58313
45145
21894
16411
10132
36172
14235
48793
1546
9844
43817
22276
3139
35381
9772
29533
72220
23706
30808
79473
965
50944
55657
33314
54685
51143
69777
4789
82152
2982
32419
20448
16224
25210
12685
71880
16257
45890
67250
15996
82430
23498
17349
49338
62994
38987
17858
40644
76337
46995
70294
72687
15309
10574
9639
81176
76132
61376
59909
55970
67998
27205
80816
25232
12684
76840
71731
54667
25308
1532
17022
30729
60497
62114
24322
80459
29399
32232
17342
2074
51277
37962
54654
21941
49891
52328
58419
49961
16811
82164
22309
8277
76956
68006
38508
18224
80961
50214
79159
35194
56776
12109
7099
54932
13014
62264
4509
43716
28847
79249
60979
52889
16420
7740
79757
78120
41301
29748
81337
61689
81926
19072
60244
62217
20847
22733
14468
16212
57026
10944
47330
24294
52305
15520
42301
42223
27992
36174
15009
11049
14126
8995
78975
3879
61489
20716
28606
15252
2615
50916
21735
55756
2649
4358
78270
32171
1898
45877
67788
38624
56381
21755
11466
7942
29372
70002
32744
61359
12557
58274
57859
18533
863
68872
8060
45103
35610
9143
15629
2572
19700
22357
78543
55631
54936
12965
1720
25175
1242
6380
6128
16081
981
77930
42538
54580
38797
38696
14159
57633
13592
75896
40853
75845
44894
22125
24807
64077
71970
44592
80231
49525
8337
23963
62327
14885
280
74046
1892
41512
60018
15781
8995
18618
2150
41594
3158
6645
38263
33564
79703
75168
30533
1387
4397
76189
16800
63846
66756
21317
59213
69747
76823
42267
22426
59187
1833
9681
39531
61944
31256
52499
14927
35731
49643
27406
12908
9942
6746
74700
22390
3435
64004
40696
66791
49919
50974
54880
3097
60031
81535
15515
6791
17117
70697
61289
15658
5967
38233
37769
2550
51516
28352
76555
18148
36227
20050
75443
65155
20827
971
44406
28576
41153
29273
50989
72732
64409
8941
38523
33764
50396
68331
19724
63804
29953
32969
27436
68757
80275
62805
6985
6150
66280
31814
19174
21654
76274
52453
48436
74567
75587
58484
50103
2494
25497
52436
3955
35223
23780
43941
5418
12374
35040
26414
54171
27336
74092
5140
80263
66168
40101
26127
31979
40525
77023
26456
18229
27776
74082
16255
45310
79940
3773
59042
77931
19262
47105
42671
58855
66388
70044
82586
48744
58090
10761
70762
57252
41039
30777
47653
33272
42030
45936
64668
52740
14913
1390
12354
12431
13447
6760
41486
26667
68358
78218
72383
5861
23204
54972
40087
74475
66991
374
69576
69978
16549
17577
37227
31170
36213
46628
77072
77592
43012
15224
7112
25929
1380
25368
79638
41982
19063
61608
33524
54057
75345
61017
71625
24209
82739
28901
71456
51485
10260
54694
48676
40787
59682
9358
69215
29628
46726
70298
81330
30846
72894
49792
5439
34597
56028
64562
69466
50047
12131
75534
17190
41546
14713
29547
82819
34173
22528
52130
29317
32632
42807
21854
29313
68808
32886
55082
23352
47915
22487
15990
53574
49748
58543
54950
59324
66780
7435
60959
77225
22062
50360
60909
19399
75972
20819
21230
64434
7843
25975
39653
30204
44824
25876
56333
69907
78661
81780
81498
29219
50836
52458
22653
52568
62943
5292
68380
50588
60066
58463
34187
68567
47382
75657
28603
40717
62866
65273
16157
72593
30488
76746
64436
24583
64465
6391
31324
54766
75030
66553
72178
25012
78092
43468
458
30988
61939
75112
76479
5499
7907
54466
5971
23793
63836
65922
42803
75050
35632
79528
57389
48588
959
54248
63153
18219
40263
54388
43489
44359
30038
18473
81615
75023
65950
32913
13417
75495
31803
48839
11307
21533
22036
42234
17610
40650
13555
1864
68496
16019
21291
38044
4889
49095
71237
14219
50281
18603
46943
74488
53207
11801
20690
27351
75418
62464
60270
58366
65991
21828
78484
14551
74036
16046
41623
29562
72476
43430
29304
41199
55784
10876
28709
76498
14662
58423
68526
75471
77424
20861
7483
38101
46187
20424
67069
2639
40802
53938
62816
3613
59311
28975
61073
40577
7086
77049
23714
14901
54830
24945
47663
18930
36157
55209
19980
45404
12175
52815
80541
11865
43522
57259
62377
66440
25768
52153
18380
79294
15218
82018
78272
80603
42270
17293
10751
29379
32333
36787
60584
36073
4244
2448
55835
58958
9428
81973
60115
63599
34856
34619
50519
52069
31003
70898
4372
52445
6451
21423
61803
21992
53278
76820
27954
69989
57759
29473
63730
43521
24709
6584
40725
11681
58993
64262
23369
29358
66977
16181
34886
33784
6006
38327
68600
72150
71278
46174
4624
49032
59951
61150
36709
72928
4185
27571
36763
15997
77535
36463
74710
53927
48538
73620
51165
47777
68929
74527
27853
3863
13888
65861
78689
32161
30188
23480
78875
23120
52369
19250
54226
18686
64184
56595
8528
10730
73041
71349
64182
14424
70472
78699
25558
70703
81007
32906
40708
54820
36800
58712
22763
71549
50869
72209
72552
1199
61687
4033
2629
18440
67463
28899
39676
19889
36483
81568
53909
7083
24120
37636
77038
59547
27153
58530
62687
61952
57098
21671
159
56760
4699
69660
26158
15371
82300
11533
2575
9135
20498
6238
39833
30178
71587
8222
21196
71310
62091
42299
78659
69223
29212
75517
43681
4800
10187
18359
75596
55436
8109
42535
58409
23184
24478
48279
32010
32613
59417
11628
16291
79707
19329
74860
58837
3705
16938
71973
7628
41842
75485
73232
18020
53257
25631
14339
8139
40141
53229
51870
53042
28239
48293
53078
68326
64112
59716
68709
35029
79184
77920
25947
47679
38825
17489
28918
52659
33770
52377
47068
32778
35319
17676
82129
51612
77782
24110
62548
68694
35652
76664
12324
42741
19526
71271
27216
3394
46748
81825
46427
38689
6823
68532
76550
53103
68812
25429
73640
64775
79808
39578
22457
78449
54099
21397
40580
5025
25897
61197
67450
34519
52763
42346
76803
52160
33805
37533
78432
68505
23576
23762
30532
14779
76215
2059
80905
77975
43639
43530
8998
53214
68096
15170
65702
16214
22496
65802
2284
53813
68759
71824
5506
21467
26541
42006
32553
44312
32479
67804
56819
53559
82416
48594
75676
48374
28548
40023
45247
17323
45096
4243
63581
4844
71381
50005
5696
75475
44844
9170
5557
42212
35067
23611
69792
7581
74837
77409
2786
69297
81608
14784
71677
43104
36472
56957
49768
10271
2329
35285
3773
18975
41234
36012
69512
19157
29764
63
75787
69670
27409
53406
51212
27796
28962
27169
54336
4825
73089
72486
69632
56238
74365
23380
54810
45841
30340
32016
32907
60738
44875
14481
48224
30832
48048
44426
47411
63764
19888
43363
3274
52705
57581
43260
47652
46487
17095
26032
38389
7459
3852
41506
30697
52340
31234
50694
381
60629
57416
17678
58025
62002
12773
73831
60537
76273
68144
61328
76587
71630
67902
60695
4619
9706
39267
9232
64753
17985
33815
48618
8404
53591
51881
58632
22624
32799
76018
60601
37747
71432
76856
26356
58942
66020
68075
22323
61071
14709
48333
34403
25435
8311
62026
51350
38888
78068
76502
70349
72552
33552
35118
59437
60113
41250
65470
26868
73506
74835
33834
66440
38456
16990
53528
59869
70607
79204
71987
17785
10884
34290
44811
73350
18311
74690
79127
81323
76046
20635
14684
1127
38012
10030
5007
42843
27256
14278
48566
35635
64546
44227
51021
76657
79392
61667
19037
82021
76383
7541
11406
30797
70125
69380
25973
51013
31203
6964
72961
73340
18889
9892
37360
36211
81065
76343
4902
36146
4301
45809
43797
10672
34084
60971
71928
11782
76903
60323
3921
66601
73818
69340
79027
40915
70542
82485
33217
8693
11100
15176
59421
82579
468
40513
3125
11196
32971
12345
64472
58228
58387
41742
59335
56207
2524
78033
48374
31428
7440
6475
9041
52884
49533
31700
76987
59255
34147
73794
10562
8465
34637
22707
13559
30413
45924
56344
74009
70614
25303
38854
49217
26262
67631
63857
66256
10469
45047
17382
66876
70032
33112
13014
54377
61267
18162
40387
51085
10628
53896
69328
75260
20558
52794
61905
52338
67718
33341
73972
56791
21974
32544
65978
20404
63420
29877
59342
57852
9870
71856
80025
64661
29084
82931
32
8958
34513
28775
58131
48835
72335
11744
18290
62859
76159
15928
40613
67090
39546
15011
67488
11163
57255
73074
59218
3829
38618
82809
51601
53679
44701
53395
36308
78150
35285
70381
50037
57074
67203
17528
10504
4441
20381
15384
59388
55507
6577
82849
61717
47645
50205
10242
31443
19529
53054
43361
57034
35634
71723
69934
2071
24205
47630
2396
18220
59594
51831
30978
48737
48219
66724
51847
80999
17268
32360
78284
32354
21232
6702
14539
37114
4044
31107
14701
72086
36996
47534
44538
48126
74700
3685
58913
50315
27306
12469
71416
67621
74278
10861
57093
67160
28083
25408
64210
71788
10215
78757
69703
47080
14926
62477
29202
2603
50757
27728
37657
77702
80602
52084
19240
20305
17057
16235
55646
61944
65658
64743
14330
51626
20598
30453
72291
4695
64263
53692
2093
51043
24063
70688
42847
24306
10433
25079
63769
61706
27604
70336
75570
22880
9782
10075
13128
68784
16509
32400
78129
16596
21161
55472
17374
16056
38053
73770
30704
56464
14564
15347
32922
81527
37088
40757
72918
20277
20693
79347
63635
43468
1508
32422
70820
69679
36428
27975
69612
30166
61676
26650
12110
38251
35131
13219
14849
76035
41231
6647
57032
17569
41244
58569
9743
24453
59981
12936
6497
11892
8454
17322
22439
4508
26282
68904
37675
64278
2728
6565
78730
70745
74560
62547
57400
11551
43468
42892
76070
49470
6593
21914
58342
60069
74389
35843
79935
69016
60874
48405
55356
35235
75984
62994
81230
35079
63402
48544
18970
75523
64166
60616
12757
78147
52768
35280
31412
51765
46832
28455
73281
29630
33655
39565
70271
73184
52401
28421
74758
40382
64557
52864
43522
73838
36888
18262
2934
36625
58222
3275
32454
39706
12026
62508
75730
752
4358
63757
30982
4394
18203
54561
46054
27542
79972
39085
68487
9422
82974
30705
5729
81752
19423
49044
70728
60377
59200
31515
34202
45821
33317
2333
16363
23189
61929
32662
44004
42293
67702
40278
714
65529
22802
82278
55410
64547
67117
16030
50258
75148
12943
77774
57635
40949
17694
8471
17234
27512
55253
44084
38902
9992
32417
27683
62957
80218
23813
22130
39367
30038
73869
69719
76091
7806
39
70089
45776
38913
59861
56348
45579
40204
46911
30797
12792
22311
43422
67939
52556
12992
71395
7182
28063
75302
47774
40863
43119
24323
45603
25075
28895
73806
59118
32588
75574
80941
22423
12990
60372
69772
69353
10315
32704
70092
68004
76732
44716
76219
42578
31597
43922
82715
5479
68492
71632
9914
71777
1829
19438
15270
27559
22765
1305
39403
44870
55705
50167
49546
19311
63674
71563
74359
77388
80503
32227
62495
16441
9135
57204
55420
41063
54042
33519
31599
38979
44298
72453
37337
39926
75203
16646
36430
7181
35324
50159
8046
45433
63994
46858
26249
67145
37584
50447
78111
68491
56124
31633
66713
33650
19536
2475
47143
46552
68252
39529
25863
76461
16733
19170
24031
82176
79228
33243
24215
60394
4181
61112
23574
65554
49250
9995
81447
70602
38820
35239
27695
34089
57998
30045
46502
78146
27486
5317
34368
7322
80656
71298
34767
22911
7800
31420
68143
50939
75380
47313
65533
67112
63572
62053
11229
27437
19135
15773
15527
59519
14675
52540
42620
40331
12896
21085
74891
78599
16610
64351
72011
34800
16386
31190
35252
6070
38056
65526
50678
37044
6022
32635
51597
25316
70796
20356
54168
19584
70563
79253
63204
51778
4440
48988
21890
37108
32864
37579
77146
22956
62290
66348
60491
61855
23198
32803
71952
50279
78992
58373
13328
14463
55192
45454
48161
79099
7937
35912
29666
66628
38195
57063
60092
9337
10536
48034
5645
13425
80264
69492
77145
71165
12706
23560
49804
4755
70047
46979
76009
45428
80204
79371
21384
73591
14668
51910
30063
31807
14575
73317
8984
32879
63620
82407
14731
6094
11574
52498
15088
1622
15158
7484
56779
7366
14436
9399
15220
15807
78275
47195
28193
37675
40673
77534
81667
56945
5991
37407
33890
26925
62555
65208
75286
15685
75632
1169
80499
49255
55503
21856
48287
77830
38588
52262
22988
65803
54607
21350
73941
30895
51685
66263
6590
59199
56234
55657
46052
50520
17117
62884
80894
50050
44969
28091
25919
51553
65452
13376
39585
32054
41965
59593
72896
63397
26719
27808
69128
26264
4004
71416
47635
1768
12864
36587
13187
82539
76644
8129
38329
68809
20850
77858
4447
33192
2676
42277
51640
81216
29092
14945
55594
75401
59591
63104
21813
70656
57179
79924
78555
76113
81209
53393
6692
22334
50065
39738
41668
2925
81002
61496
81931
39127
5026
32997
10034
25181
76392
19943
39605
70517
58771
39656
16153
81347
42775
38905
52883
80619
81788
50295
3546
71626
68162
46438
43634
20468
71733
7586
67990
9767
12064
12956
2009
67655
79937
78945
36137
44852
67130
59663
53009
69821
74319
13592
70218
32119
10561
37337
39885
62705
13310
49237
35431
76975
5106
47866
38801
45550
6110
16853
21579
57559
27803
42953
60085
17845
28171
34978
20202
74280
72333
1528
6441
63540
20027
28815
38081
72931
59625
48331
22744
39399
3884
20361
15536
49516
29845
7433
19415
18906
71681
17119
69673
57936
16374
78697
42092
56667
31324
50075
31416
55231
50773
39558
44529
38365
67194
55255
62850
5810
53524
73027
66608
57600
74076
8456
62808
6429
36376
22255
19438
985
23338
78310
30147
41382
74222
82802
54370
26808
71
8657
27343
39739
66255
36717
17708
50380
68314
79789
29506
9392
73621
70934
23272
42536
50305
22406
45363
1662
45774
36913
34826
47217
21733
53508
57261
71268
23238
62775
82906
66878
20242
14552
18139
24986
81318
81322
58175
40046
49165
6477
10131
7144
29537
20566
72237
56373
42062
54031
19725
52523
55403
42730
60577
67006
32174
12783
59011
1776
7762
27740
55785
32929
3879
74868
69912
65543
79639
78056
80422
6726
17440
35794
5907
12552
33795
43761
17699
55560
11176
57671
76867
8873
46548
58406
41565
58635
54424
40520
55393
58093
72287
81022
37114
20102
23196
13984
51667
41245
48301
79860
74604
74961
10464
64570
51277
11083
21512
53411
22637
3592
9140
61041
30167
29426
24196
35362
37482
82733
46569
7478
64572
24551
65464
8728
13682
5993
12995
77434
44854
29402
80004
81000
19678
50043
61071
62911
57045
4709
46243
73038
6784
72550
78428
3426
41895
11195
33656
51488
9806
37176
33891
52452
41606
35746
81186
11774
53037
24733
1561
35972
69935
70553
27793
1202
26480
65055
34362
70950
80535
41914
56800
79800
48576
71769
72365
79902
15126
25448
43323
23670
31618
61422
81836
31085
18141
74186
10656
29965
69887
43791
66666
58539
63065
80806
26720
43957
1981
40146
55669
17114
9215
38014
76580
77156
74744
75467
23315
32193
7184
63454
53282
62840
45525
75774
41502
67174
79356
34683
1255
38472
71571
18850
45874
38634
15384
12373
54435
28062
23378
64743
80507
28977
73314
51797
76634
7375
15653
71256
18434
40151
5113
81983
70056
2728
26305
75818
65686
71107
75063
54161
44505
78763
48077
71450
69077
63303
14841
3738
66960
35000
67354
58819
10466
67629
40491
63235
4775
62228
1811
69685
20622
70923
9373
43233
24489
17340
72955
1446
71473
59983
74531
39968
49301
14410
13147
36837
82735
51348
17502
71265
12435
9943
43234
16041
1413
2819
33277
75220
6422
7535
21069
21885
58218
50562
17809
40702
38186
30824
53343
78359
43297
19336
23746
10900
68892
51050
82791
13860
36883
69862
62165
32902
54343
27671
60606
64214
79175
19191
73854
63964
61019
70420
43576
56909
70660
49688
46711
18588
33966
41006
5728
38953
20507
1120
54353
33617
71477
68222
16254
63262
26143
50872
30336
34213
67072
52869
63186
22069
77318
25116
80538
38127
3363
10416
60135
22633
82638
73760
34045
72613
44993
74388
77307
15415
68227
79716
71493
5459
61729
38306
70571
35244
50717
72120
18037
70562
14003
24284
62857
67643
24780
81280
24731
78905
70681
76221
68191
16884
47294
2224
1598
77263
216
52261
73211
25485
60996
70848
8905
5502
19582
6858
66035
64077
27171
26376
59807
77921
44115
81672
78488
39299
72390
74317
62222
82903
76034
81425
36108
31491
78782
73922
61574
56436
17831
30245
54645
82608
28196
18991
8825
48351
42063
60411
29850
45579
42955
57117
49530
33942
13349
3901
29034
57098
63888
35448
50776
57907
45113
22304
39426
57369
37467
63611
9058
16818
15592
55697
49477
36100
4894
62391
26665
15816
41801
57896
46691
51266
30714
75387
45691
35077
40908
1136
4477
81643
7526
45220
29012
81210
11066
71157
12228
37954
69898
59095
75340
38243
56025
54956
4095
53820
47589
58986
73782
9462
34927
71886
45571
3047
18340
74198
46052
38890
68780
81348
73522
6035
35236
67431
41342
70368
52370
27668
55799
3492
18997
43641
42754
33021
39662
69874
5702
76285
53679
25596
57562
4261
66126
43639
69790
19981
14101
73937
19515
71361
50258
52573
81312
6766
42022
20083
29306
55562
51612
12041
35430
29016
53633
76487
254
11251
59234
1535
70303
7858
10406
24131
28715
37298
31913
15673
77247
3465
3225
41850
1467
38510
2857
62832
53833
72551
73512
22005
4092
82802
7197
19568
73055
81437
13977
16563
32454
82504
27953
50848
10477
47920
65647
55698
25876
13991
68156
69599
8547
82607
3612
1395
6664
72942
44350
73032
26930
32050
21494
37449
2752
53333
72496
3678
2563
74124
72315
59610
6109
47986
73872
69736
33365
49818
56830
81332
78417
24721
59140
8966
15758
49026
6130
21104
41830
51595
10492
40073
2134
31692
49499
30867
14235
39472
10570
22654
55473
23380
20106
40327
66760
68628
29258
48851
4923
24853
54871
35038
46518
70213
51924
35128
21315
35662
43966
79431
47449
54362
76511
22400
15738
52089
12485
8614
67888
32101
54446
51133
76163
40167
45553
68040
12473
17202
24588
13886
738
12580
70470
80147
34439
8077
34713
82587
67879
50193
36398
42498
58502
70375
56348
49047
51986
53628
55262
79367
67426
66018
61208
66549
68574
20297
76558
3863
8037
14016
60849
77996
30175
59908
59607
25473
78168
61063
21406
68371
32038
14508
19668
47030
70039
79751
77894
27844
69505
42474
61155
13634
20783
54593
62589
19676
41605
44143
20099
22385
19313
36978
65221
12993
60134
30809
4398
41650
22454
77109
31863
66514
45963
29565
10934
76647
78946
62596
70802
38347
4156
70558
48521
82571
15419
31976
58592
48926
1845
71372
134
64146
7032
51243
68957
53129
24027
31878
71318
54867
67620
42277
80057
16774
33915
31072
10318
8225
14650
78644
46771
8982
19935
70460
1010
485
17568
77441
9397
74205
75002
46917
6977
40629
9294
12049
41156
15409
72017
78455
27861
16728
29878
47201
73527
22434
55289
54360
60089
56383
2963
31681
74221
70691
20477
54874
68715
28462
53787
7930
17001
37967
65384
71094
2961
24648
73031
34495
82167
27252
77588
44593
8725
31613
31496
48647
52726
59107
4979
24914
58131
52687
61113
11665
15741
43253
72620
79529
55168
64968
10193
24902
68303
17271
12826
79530
51762
18165
6759
57737
51049
32462
40322
24640
17796
14062
39278
71530
77073
14572
77515
20745
79760
76211
45424
14278
20806
80520
59373
20896
49388
24823
22757
38800
14708
54449
25684
24373
67464
41529
76891
57427
50663
43364
3053
81263
48244
42710
79364
46573
2196
18905
16581
29242
11668
19936
41781
38470
12149
26801
2495
30337
33917
6505
52187
24302
68931
22266
50388
23068
17887
76311
24797
50857
21355
59593
8073
73090
17418
4306
60415
75366
16588
26646
32254
70737
1563
10505
77627
3603
66229
70979
78764
6744
65950
31976
16159
58227
4081
6493
38812
55171
79651
31261
63675
69352
62500
60001
9884
24254
70858
73110
51282
45824
21628
5663
54906
60504
62992
28403
54918
33011
54466
4138
54320
52986
40106
36634
3541
17474
38481
25278
6936
30157
60855
81989
63864
64714
57291
17864
51336
48383
30560
9541
25712
49815
22545
42057
78357
58118
71809
203
65498
18921
43761
8331
39008
49418
42415
80185
34378
13977
7767
57169
81366
45143
78849
52
78616
65628
79734
47555
3457
27256
64496
65861
27839
782
42334
71351
57522
37413
5873
53523
81835
20600
67941
15145
1312
78917
27871
78753
6992
74675
65784
47803
68904
42244
7611
39894
54320
50298
3777
27221
78245
30558
69790
28984
78347
13291
41559
73022
6958
77513
69339
41823
79477
15302
34739
48120
58524
36383
62047
13456
23373
35860
47511
72319
74882
52737
54467
18887
26522
22264
33463
75282
23318
50644
21614
79091
12478
74625
18577
1480
13068
527
82300
3557
48461
69942
58046
29852
56687
37947
39204
1256
37972
68896
75568
48370
59530
321
50579
56346
32115
82643
40868
69823
36248
54351
29219
49961
79373
18028
14527
54635
54337
8779
46785
5335
73253
22523
71051
10058
82718
66469
53984
27886
32673
58603
12864
51038
74866
14721
9608
10180
74208
41541
4125
55502
28752
38466
14099
568
71301
62688
16046
5851
11393
17696
72684
82922
43595
5835
30653
82677
53525
66626
49912
806
80584
18960
69283
18889
54342
39796
82262
40809
70268
30955
76693
77181
29554
23466
51040
67690
17049
66785
38913
10834
81688
75251
75578
24002
55114
52817
24000
32769
59727
7694
31936
78932
7405
77293
18588
66966
9364
19399
60657
74941
843
66786
13720
34840
74466
79579
79792
41212
4325
44987
66661
56390
46953
26871
79487
42547
43950
9977
71417
61323
4193
30220
51251
74883
11565
42013
45239
4290
27550
14574
3461
3747
10369
74092
46595
62321
48491
53688
39677
51482
65781
81122
44357
60634
60497
76256
60630
9720
28155
10887
55803
59741
19823
53337
43399
24873
33819
73084
26368
73007
47584
3612
32070
34953
1795
39062
69290
48078
76034
32805
75044
63832
61765
51538
37221
75370
33235
59964
3245
67846
62990
21783
77314
69893
81036
24832
17119
77592
54434
68327
19612
46451
57047
28453
73991
36321
53531
43221
48543
61035
51243
10383
64033
2753
77921
46991
51546
38803
12900
8244
55279
22745
24809
36781
64275
58951
31325
50878
71830
68316
28192
48808
511
37794
51239
14886
49430
38112
9799
24939
33600
75394
73105
24601
57232
63050
29758
39813
63207
9184
32224
40895
48031
36133
62090
11717
40258
80973
49509
2502
55098
26731
22097
49836
25060
42366
24636
80443
79022
40825
47722
15766
25561
53273
69977
4032
8469
64591
80359
61480
49536
7149
19186
48822
62379
6853
35988
54731
64913
69693
35537
53549
15029
6783
51775
33151
56831
35117
55337
27151
80418
62378
5335
76888
63509
82331
5918
78744
16084
14684
34176
4236
78378
76919
82703
63272
26941
34359
70203
75291
56806
60802
67805
71622
30588
38373
12943
8957
53244
55786
65499
35278
25375
28805
24885
77599
78200
65876
39053
24316
13280
70700
8261
9582
10152
18552
70619
36007
21779
13189
22971
71257
12349
18273
13429
44150
80787
69089
46982
37802
48408
3626
22350
25821
59042
12047
40029
82877
2767
55505
25794
53113
27311
34733
36818
32112
71511
36774
77601
67207
71791
67236
16544
55977
75553
74589
41516
801
20678
57463
66447
27299
39871
32023
23949
69560
59397
80372
49156
57808
34797
31085
22385
7058
13500
7089
82955
39519
61594
67373
81470
53381
30942
56655
41727
2183
30014
76714
151
51481
47449
20050
22046
57098
60068
65135
78533
67986
70485
38119
60087
64411
73911
22460
9069
45556
64930
8933
62757
60999
69230
2055
67654
47580
75428
50324
70083
56215
37121
10268
28377
62045
66040
5680
87
50004
45147
46718
24137
74856
12318
56790
18049
33361
60232
68850
61762
53842
58142
63540
52202
75525
31494
17474
10964
14985
20541
3237
28439
6454
18309
77032
56543
75871
54439
26043
74446
54341
14249
64502
72918
55613
71404
82747
41878
28128
51244
15436
13462
61553
31140
63628
82352
62411
13454
68762
53741
9032
40253
51863
18993
73910
22967
76176
3405
74859
23682
61344
47359
78698
43641
65405
10808
22846
69650
62322
80602
68403
12896
58117
76747
5484
53241
45479
52490
57750
58163
3345
79541
37188
37959
61214
67189
3788
5498
71659
21070
3895
48940
37882
23735
82685
62367
6646
58106
15558
54654
13481
77953
28430
22143
6217
36486
65440
49047
146
77124
19011
56112
32461
61671
52994
38649
41389
23141
44612
25146
65042
19168
14012
2963
40159
44289
69892
66512
6165
10650
79714
81139
69291
77391
25741
82630
65013
40466
81176
27267
51209
28890
40572
12418
30649
6976
52749
1358
58306
72358
53267
67756
25891
17556
18320
73897
21561
36088
8865
29215
25007
19785
3062
23116
76195
25689
39195
46976
46964
27636
36417
63952
10143
15833
38895
26116
81297
28580
45449
9681
62151
53893
54491
10107
71481
58449
2343
7579
63461
78498
74106
29601
10775
58870
38172
50567
27798
3449
57670
28977
75602
74680
14318
51228
63362
27419
62270
79650
49874
45062
63979
36999
45065
27141
57105
2484
1544
36593
77708
35629
34302
12659
44553
79977
42393
5403
60819
66894
62504
80245
29993
36582
9883
75385
6188
39498
22452
50638
79263
2249
28446
8003
18367
40461
15435
36426
55042
31522
34165
48640
50300
59700
64210
30365
40212
3428
11362
22909
39509
46830
8908
58448
80936
45482
62900
49108
21655
4085
56202
18829
7916
20180
16652
4959
32464
13493
603
2472
54232
58233
69226
8156
48178
2898
2067
18949
44029
5677
75965
55399
10302
68019
31808
19270
48567
62610
73648
6381
2794
5651
17007
49004
22467
15560
25245
27101
54763
7908
52811
827
13177
74254
42846
1639
31147
12475
4526
42504
14914
45808
73494
34062
28251
52385
11550
68852
47730
51769
31507
28616
66873
51206
24713
20439
46471
78800
37343
36346
62803
15942
22992
34359
58367
47140
72466
76190
57778
62045
58191
9697
31006
67258
10257
38110
30064
13068
14947
38444
9813
39819
778
68432
34425
81795
22114
74571
52619
45776
71821
29145
79957
79943
26446
69465
54520
5720
8292
14652
3508
60003
34618
81044
77380
70438
16659
30498
54688
2088
18162
80868
21772
33181
71040
67713
44510
57663
19967
72346
24845
68061
59123
49655
47861
59770
23928
79939
8534
5437
67159
18286
45244
39593
9010
4717
39066
2856
70175
9583
76824
59041
43065
40950
49907
706
27993
76473
62435
15660
26956
73994
20352
19986
12398
51680
18278
38829
58412
6971
68207
20976
23135
24272
16047
47306
63916
37400
2491
71869
1825
70169
32355
8410
5834
11480
72542
81871
82345
7329
37541
21919
66036
49894
26232
55476
35688
17344
47684
19587
55956
74388
26670
73003
56520
22797
82673
16852
82972
58258
46427
17761
44709
25843
62357
4913
37386
62550
28050
37871
56069
8024
14327
16284
23629
64050
57360
1710
12752
47778
35028
76135
2069
33082
63470
51309
20743
69866
53245
18529
59350
22965
20941
81622
15096
35298
36028
57216
6477
70874
48537
67911
50760
27376
5294
81190
67593
65946
33286
75092
21279
80243
62521
11535
60955
64042
22549
11999
69359
72802
5271
81694
53198
82727
18087
36154
4405
9234
57297
7933
33255
72633
17416
26818
37662
42038
25885
30363
31829
35778
77989
37163
3691
1318
67424
62253
18417
69798
9854
63448
14837
43123
10604
60631
26951
2059
81076
59153
44800
73062
14443
28746
36971
27640
38915
35020
41444
23990
29977
12014
78940
5183
42281
13870
49151
7768
50565
28390
60540
27892
47981
37649
65555
45639
52448
42345
56006
22277
44824
22550
438
81323
41956
1348
25142
60249
2079
46202
1692
12475
77397
81746
37764
81227
48190
25914
70983
44533
37387
38534
39488
36103
32325
19976
27479
45506
75550
19574
47543
57441
23463
65269
266
15365
50056
61919
40628
17026
18990
57799
3812
43386
24710
36429
25495
32012
62816
56674
5775
46745
46551
59329
7673
15235
4852
58696
43509
79281
28738
13674
40950
35187
8573
77115
57720
7199
56300
49527
69457
8206
6781
37751
79992
66383
6903
74953
54554
28477
23339
33451
44716
46111
66596
47691
50931
19188
65373
50774
43983
68384
34106
52779
56638
36848
74142
16275
59436
79582
76291
23496
12512
1321
67401
18223
78754
35869
33877
53427
17585
43874
61443
29880
11841
45084
58270
45960
39937
52174
19444
64013
24091
30515
7775
59060
46572
75387
6134
79522
10803
73662
44842
19214
75727
82216
13684
65042
62864
29945
5596
22495
68192
10039
65076
18477
50699
38099
5163
55996
24225
60109
829
18554
34964
7421
22023
24385
57188
20215
45841
21379
11176
77570
58829
33853
19376
26277
22667
48405
66534
45214
28687
16554
27162
17681
73554
41543
67572
80785
82052
13155
28324
28262
31764
47176
21270
27435
60630
43261
69970
30066
52787
62450
55343
73751
69495
46824
79936
1358
72019
27243
26854
3682
54594
18926
7892
37522
41185
33305
36938
17298
32512
12560
78033
13132
3957
8715
72718
24305
17583
80341
20714
29096
32936
15604
28949
53528
31268
39261
13098
33614
21302
62617
3126
32094
12346
8935
80370
57704
43885
35775
56960
79089
44040
4961
74987
38123
73276
50008
79887
55386
60367
50454
79967
25563
37172
10372
34701
20947
60393
5470
31180
30569
19658
54714
45241
65025
819
39571
3936
67502
20314
4974
40331
35635
49227
58768
18061
15503
57637
34226
19269
61131
16250
63786
70878
67816
7548
74559
60411
69482
16354
28305
54856
72675
33130
63226
23003
77045
69152
35357
55489
39784
7821
80793
18854
6356
19907
44906
8196
39212
76060
48925
51100
399
11506
57526
23499
6612
50674
35360
2467
10985
55410
10488
69531
63872
3241
61278
55225
71751
9886
69520
82363
69658
76384
14117
56205
55383
24404
17619
7468
12790
67685
38542
59753
40659
75294
11670
39034
50202
30083
69987
15562
2077
81758
63928
16385
50053
71925
24841
60702
17770
16432
25354
3272
20393
77776
10821
63660
14393
63955
27144
41569
41026
72068
18601
399
26899
456
42750
27430
77942
48531
41565
76483
9474
22913
81637
25461
80636
53864
52296
3542
39620
49914
39181
50061
72527
39425
71550
2184
19414
80675
56395
52902
55610
50918
10960
13698
71354
19628
54546
2436
29372
71695
22770
55754
70540
7776
62211
48620
62475
8912
38774
81317
35414
14514
71983
7765
17666
81736
32555
61428
73457
58601
28872
24552
22924
6813
56242
52463
44670
13391
26790
50296
63408
17753
28796
70764
942
22806
54046
43290
23093
39792
38111
43640
42391
7897
47330
8398
27405
51519
78720
65612
49479
40737
63821
6387
71955
51830
61472
38937
15336
4549
4725
16854
36934
29646
425
73076
63533
11640
80466
63139
16142
27876
35712
60250
74561
23494
80275
71530
9996
15939
14946
58556
38108
79710
55605
32235
53923
41741
50376
32052
23679
32569
44549
30298
27171
64291
75413
6470
79276
74057
994
76083
39306
52023
63948
53007
53233
23627
2902
36598
58331
64105
14772
81889
7403
64197
860
60940
18041
21303
73830
12301
70189
35447
75000
53663
59258
21114
3811
17590
22048
4742
33132
63973
31549
77479
82600
45692
68330
2732
59831
61470
44534
22467
50899
53406
22681
26249
44229
82137
73695
6750
49604
26694
80279
24733
60
82330
50134
62833
49839
80361
35893
37562
57330
6567
17628
51663
69535
50172
39913
45182
52274
34325
14113
41799
58466
18719
70130
66334
38454
59279
2755
60751
67633
56469
49680
61732
62867
35279
56245
77618
17038
76434
18094
5066
64882
48579
33650
32611
2189
48323
24386
27092
11211
7041
74313
32047
31765
11593
56673
64098
25281
24306
81775
72791
18910
47694
15853
66602
24154
8634
60467
55859
37635
36405
11057
19905
66078
59558
74138
29127
6527
57613
68792
77851
41469
8700
79489
60825
57417
22975
46443
34014
64731
58862
12441
38248
46569
39379
28450
14659
6365
66022
22618
59534
21938
34231
27703
4588
15507
18715
10794
79823
40152
68087
72968
57855
72646
41555
37573
41943
81273
67661
74388
26824
22888
77046
64444
152
71590
9810
53434
70698
51176
74817
54215
6553
64072
24594
28223
61047
36677
63703
15166
61983
74901
7180
20726
58035
21912
53705
58025
19359
11194
12063
39543
20916
51636
10823
71061
61553
57680
65358
42258
47132
5647
50541
29327
21574
21328
80476
21499
78885
71200
11703
49072
19499
80697
13064
10133
32299
11553
72100
80705
57572
76199
22258
63793
63726
39979
12261
47110
39945
5739
49219
66990
23004
39830
8919
60133
2683
3087
35433
1479
51146
45120
50029
47069
29983
23960
31584
65290
5580
67275
17974
77345
14137
9380
8025
32885
46440
64657
37780
61556
24818
26011
53006
39497
69007
50825
9682
6661
80011
30832
73371
82177
34708
16153
48421
48482
37119
44559
78367
45497
60682
64419
75484
76702
6692
42062
70984
2345
45129
52290
79528
75012
11858
78949
77130
46400
63433
18716
55612
59987
72393
2088
16280
70715
55596
57367
58965
25474
58727
39145
82585
49213
61680
34237
45074
2322
70920
55200
56372
934
28059
59522
52412
56545
9683
76469
71395
41207
74421
38714
10799
70371
60331
72970
1619
26250
22120
63421
52391
51041
43659
71443
54834
27059
13291
2253
70979
27683
8496
53087
57096
35019
6202
13692
29965
70431
10467
60382
28326
28977
61495
19945
62792
81154
67148
79026
39257
41641
9500
40249
36664
28227
39519
47568
27311
40015
71270
23215
21469
77420
27626
23702
23952
46826
72579
71510
12623
9394
51805
40996
23590
23171
53860
62971
23851
29122
57640
16565
51605
48701
51787
77349
17596
60076
76623
9540
19811
67716
29302
55479
36978
2873
12145
57961
45416
73608
45729
38842
76022
42271
10164
74876
22439
80025
42351
15021
82547
29401
56515
10974
16171
73082
56290
47471
68094
24160
3616
3700
27026
60023
6750
20409
29279
77303
16329
70909
63077
78000
65433
41326
18006
40144
57534
6785
27613
71406
52373
26899
28773
44626
30489
39658
1255
32851
73396
43257
39740
34324
59972
8444
56313
48260
74659
2024
47728
20488
67862
82621
52922
37632
36503
13628
2874
46387
53350
25255
78781
26663
80898
65761
27686
68713
56173
23780
61598
78765
31438
18632
80696
60227
59088
11326
5162
10782
3616
77834
72416
79466
34508
15534
63803
71633
58526
82881
13175
81818
5568
36747
12442
10728
61521
45763
51167
11322
33805
40328
29691
42596
69419
41392
73599
74937
68329
4136
35331
17530
40458
29337
59700
57648
77647
69595
30589
79402
51275
13233
25089
24939
66127
25969
33144
17380
28103
58461
68471
74785
3172
21171
3578
13195
27432
2053
54837
8730
40713
75518
48728
75596
32652
2658
60520
25318
41219
66545
30530
37501
2881
30992
45707
11409
25097
24547
20500
62768
39351
30419
40785
64099
72790
30192
17023
67391
79713
14387
67397
24698
24029
42787
19124
45015
43299
82538
77504
35384
30660
17907
44689
66871
1213
58466
43907
38361
75673
27103
59992
2327
30862
74641
60272
12843
53871
36475
24871
24971
81721
7622
48404
7989
57010
35947
53402
67464
14035
15115
28568
39578
30878
27813
54923
5235
58018
36635
41411
47717
54691
40841
32530
30367
80527
44858
19393
9276
51131
14049
33069
61261
66396
77738
32039
68024
24210
19267
72689
62642
45791
11130
70539
82080
72349
42244
5110
68758
66380
74054
7912
17179
5811
46316
80198
5641
29455
19572
70584
66196
72263
71902
12181
31375
32919
52554
12383
39045
59139
45742
37418
76098
50403
49491
17686
4943
75605
70451
5868
81252
55481
11521
5918
7565
48213
2188
7510
9412
16777
51313
71440
54671
60021
37797
81324
42421
75278
76492
29603
9242
67031
70361
65939
78556
29132
31866
33269
58714
37602
44038
10644
57224
74131
80094
47600
29697
80501
52910
38760
34322
75690
33775
17447
22591
73794
74898
2237
26620
49820
49954
1565
5146
53932
54087
58295
60332
63086
44331
16588
33901
53424
15930
29575
68295
61742
12587
13243
80410
28583
80173
77751
26464
15605
38920
23095
11697
63786
57010
53964
26648
6669
72794
7163
34065
8532
68812
3298
39029
33148
65577
23111
48652
65163
15106
54667
58989
23647
4466
35228
56461
18295
81054
12256
38673
56719
6849
16885
62234
50217
53088
58189
42269
77127
74398
3711
10683
49557
4381
39785
26308
63402
4010
53153
56979
60840
14355
13171
49541
18793
20576
21556
80028
15521
74028
36990
14659
59507
46998
9380
70205
79251
14032
34181
8190
12227
23803
11637
26101
49441
30117
54751
46764
32582
81328
50175
28774
67905
78960
67603
75308
25217
20161
4090
78348
3242
66571
69549
65655
2118
18147
19314
65670
52237
39567
56223
51544
12343
82485
62731
36745
48726
28128
74432
23826
48953
8241
57389
16386
13267
62998
53104
77558
4227
64465
72505
33002
16428
23984
10849
36860
75860
58300
41041
38809
4729
74272
65063
79254
70591
24768
12547
25501
72799
23579
41856
76930
82770
25311
61335
65505
10715
42920
51189
56030
39546
30228
38364
21569
572
81390
49247
8556
52176
5541
35750
25042
25420
46368
12666
35381
50926
39080
20322
42988
23536
57570
64396
52896
14858
38231
304
70969
1267
450
24382
65233
2114
29222
62216
74293
50710
37129
1273
59852
26310
8705
4261
32197
19203
77522
41458
31633
56753
22657
63044
38946
76940
45392
63383
9343
41000
70933
34197
6053
0
74249
58055
39395
21256
25219
39448
16282
68134
67214
73350
63167
62739
35566
67985
42623
81488
31762
886
48222
80459
8094
325
53659
70145
73393
19485
64604
69869
33477
7874
65497
79615
65928
44445
10967
66504
73998
34690
1492
53137
57177
54463
4442
16547
41646
34888
47995
77313
12189
46271
14943
44577
48165
1432
69708
49354
17217
1443
37674
24064
36131
55235
60265
74642
57092
72467
72266
28437
61605
35336
54360
48849
47333
46530
24225
11145
66255
74732
51420
80696
76070
34227
70769
36871
43312
71883
55239
56147
4597
34508
22606
9971
67523
6443
38442
47063
43304
4174
35480
63123
63122
58440
78864
50579
17790
7018
40295
6402
24331
42794
43888
27843
49626
74317
72847
30584
41525
40784
8626
45024
51633
68652
57756
75794
19281
27936
56750
35432
15080
52784
71756
27096
27163
779
12594
28020
15225
48547
28817
2481
40215
29566
24475
55540
61732
27673
40070
16432
32182
40627
37696
19717
36568
60127
47359
47186
21449
65572
9675
42771
49289
69991
3363
52701
62762
8296
82537
54302
40937
57810
10267
16202
46639
72515
66319
10641
51537
38627
18586
74996
70928
32818
65589
33629
24646
36090
22964
5382
54446
13516
69500
36850
62854
81318
63873
32401
20804
29834
68521
36855
34194
13113
72649
22579
8639
48542
72233
46668
35236
26368
5102
39911
15223
20311
28949
45862
35575
66336
76191
62243
53398
72611
53133
7651
54236
78050
37769
37197
74741
67820
23550
66177
38393
11599
25542
7405
227
22787
15726
23283
75649
55187
79375
30055
30568
80159
74980
71955
36312
285
59403
39853
36003
42191
59834
37217
18790
79325
67784
16256
64137
19203
73213
68122
47505
82077
1918
34327
69447
55782
68841
17521
66773
70697
44673
9637
68052
4166
23951
55401
9269
17542
36709
5911
67834
46378
6040
60975
60144
31805
47897
15651
55324
44803
30096
24796
28807
21433
78607
50715
14543
45419
13174
6113
75779
72468
60647
66887
54234
20040
23744
29858
28025
55350
69761
43150
51471
9713
76961
56459
49695
78094
47234
44013
70826
26903
79277
64381
72078
15166
5467
15373
74287
54445
25169
8657
17583
63626
77423
68233
75501
1417
48325
82619
9056
31513
24994
1781
66359
47144
1339
15544
65638
72674
64101
33240
62022
66333
18223
31511
1786
76736
28214
20594
6754
51538
44366
77436
46326
59582
13090
67294
42833
22972
31897
68016
23303
59435
9965
22729
77260
40467
3041
3033
54658
68239
72982
69872
76270
52191
81362
70464
46856
12995
36718
16205
8334
70492
2338
72517
18844
73429
76015
19451
8521
68406
82920
53189
63417
51641
10182
5133
18378
64245
73799
81764
57854
19840
59138
82186
741
40178
51954
76723
24195
18828
4125
57155
14645
16399
72743
33026
76979
55345
81008
38443
39747
22627
64174
9262
56962
33750
78568
59933
67023
81179
22865
59460
15974
4193
45341
78122
5254
82345
68795
69292
6384
63934
54815
54496
76580
22241
9387
1686
43834
46089
63257
14379
10185
9990
24328
32655
17407
1358
17184
76247
16750
4545
82267
55349
31239
49679
23219
7459
75406
47026
52226
21446
56954
72302
15297
25255
74015
62108
29081
68261
19330
53606
27480
65534
29992
79093
72016
11509
63787
7486
26578
56004
33235
19547
7746
58531
42469
79565
2495
49065
11282
367
10561
37767
81590
82990
63279
27300
24754
16253
42045
21715
16593
11437
14414
77913
28708
11786
19908
15410
2203
41928
75745
59387
20681
48868
67304
75218
24210
15743
38781
58097
50700
55397
2070
32370
41215
66252
76461
79500
58105
44600
77003
55284
75290
81483
58602
42375
77650
77874
32687
11011
58706
6363
30962
48278
48014
45065
81779
79614
2596
78690
71915
52975
33457
11048
26652
11475
47593
10204
72966
40523
51080
71009
3039
10324
37026
76260
57558
49973
6572
72441
8781
29821
45725
33688
66632
35697
6844
30287
27558
31019
34831
34121
899
25790
53805
11060
1135
54358
17985
3888
51719
44876
73115
71483
10518
38775
71348
55522
45823
74758
46542
30266
46490
74362
39047
59029
18065
77425
30928
58887
1205
10981
36590
74040
67394
23363
50811
70788
39035
28398
57906
43598
55716
76644
42190
69723
52747
19697
36325
51435
14705
38559
25126
1058
36730
21271
82412
13660
25335
37897
39750
44080
48516
76560
3645
5131
46699
74377
66017
2653
75989
56865
28184
1585
52760
51166
19452
10549
28593
6590
17808
46050
38303
15860
49551
59589
64010
61577
61593
15076
50174
1126
18946
54772
23496
27400
43681
28783
35043
52645
38082
51083
46127
23090
15176
13213
7912
46007
4483
2149
76270
38450
80545
64275
12638
8848
24893
56239
75372
53874
72913
51678
39555
43412
70744
12145
76875
8153
65885
3511
37830
46434
46913
66394
39463
18029
3389
82319
19879
68514
34541
70495
45165
39945
82757
63915
21482
58255
39003
33036
3446
74672
57312
29320
19170
70078
32708
47064
82483
22175
17181
50015
20855
28589
27380
45630
42880
82270
18156
6418
68122
15428
69680
36102
54211
78807
64263
24196
77870
47606
19583
35031
49827
13925
2795
50413
19199
50241
53146
23832
60355
22518
47366
62691
77412
1529
11485
24226
61542
18665
51712
60898
32661
73024
31430
71495
46706
23696
36596
12965
59207
15793
54275
25782
72439
8575
36182
18641
37621
8248
52710
25580
31679
15322
74476
13960
71414
17507
10146
6635
75429
36170
10622
53819
28836
30603
67004
77662
41328
50745
77031
80119
38696
24227
20628
57851
28119
6793
13299
5433
62689
40911
28475
12535
15835
65952
53225
13161
39788
81166
26541
37533
41770
4014
79425
21514
70586
82329
29422
73215
77296
65644
26829
28608
23126
617
81302
22250
59933
69118
81497
67792
11198
8411
22399
11350
77988
54434
74275
79267
24096
62175
59179
4635
24359
7903
66869
30218
46164
41892
71504
35357
34782
68990
40688
50427
19573
16614
80677
9553
53671
49308
81633
65298
47369
62880
46420
58293
75108
24813
44806
160
55782
71162
58960
28283
18666
57322
13959
1263
61125
79235
81030
46798
10662
76523
67359
19820
31105
35031
22005
77402
50359
79478
27521
14003
58950
63417
10479
74392
31033
52918
32437
58678
75196
55962
4232
53447
4934
9331
2402
46766
23810
29552
81876
57948
31268
82696
15459
32783
24757
1391
72242
21530
13771
53663
14901
24496
52168
62195
46829
44258
59542
32463
64700
19216
80684
60875
25919
28508
53719
33822
44763
30058
44287
49303
23613
58699
13132
45951
46162
52473
70974
35347
31680
6933
11790
11749
21215
23324
56541
80417
18832
43864
73398
70149
75744
78211
18306
65402
72160
82750
44721
46264
38717
17911
19952
17045
14439
71729
16491
27502
32440
29269
4095
10670
2835
74255
1764
40443
29814
2771
57654
44888
51317
71478
59544
74221
67164
57073
36436
50355
28969
36568
28104
36027
27364
67674
7424
50374
16508
63912
46555
8239
73760
79984
28477
74165
35190
57627
32242
60509
22819
13754
70106
44140
50752
3720
57245
62185
23197
11705
65971
2617
59989
32160
48704
1556
997
58085
32619
1101
33898
13790
67066
496
78758
71780
55900
73267
29031
19606
21522
59638
13204
23068
41227
63055
71917
27834
22810
58887
24446
13052
79334
48688
18439
48216
65430
2936
69811
66302
5007
39375
23547
60621
59611
55755
13007
30351
22312
36749
10536
21085
69298
48100
80349
2701
76558
61704
71287
74799
36612
25089
57619
43415
49831
60062
37940
12453
22197
9425
30187
59713
72574
9791
53844
55953
37171
51102
1998
24229
48564
37463
60318
8889
22165
33450
29800
24849
81110
73425
67268
56644
55614
24821
41913
50743
58099
2084
7393
25034
81465
48508
48912
41904
22613
2210
47361
11192
36020
69323
22743
54928
43724
62892
7574
74601
67703
52540
59060
66349
20672
32422
70951
24133
32860
14765
13179
82447
74270
12713
40624
44997
28902
51318
25158
11425
9047
30579
78582
68396
79971
59752
38127
69118
58846
39392
4562
61927
80412
81238
45026
67812
22960
10964
6203
56190
6522
7231
29262
25900
10451
53694
5150
19568
61000
80049
66386
67343
9169
76855
22375
26010
49029
703
18169
66154
6844
48352
21111
56368
42992
32628
77416
67882
53513
35679
14989
22922
24204
61406
33413
22521
66159
72346
27591
70560
79819
45515
18255
29303
28439
70409
73864
14118
6805
74062
56450
74624
74483
78816
13209
10664
15776
50442
37898
67028
28032
48866
65890
42678
21214
42541
10820
67010
13542
67758
60719
65289
54276
15446
70746
25323
28172
48422
19933
82756
37983
47168
1205
71333
14046
57547
5099
28179
71318
18212
16731
2677
46753
63610
59516
29478
63277
55018
4624
55819
69851
77545
18697
65511
3782
10416
61638
80505
63053
63633
5889
22735
68671
75328
58359
51996
53186
12149
8931
68788
17088
27654
17591
50481
78319
55442
29408
29054
38675
31152
16580
23304
39171
78069
43899
75365
65500
11732
10623
43180
18294
5967
62818
79948
2153
74804
23395
13193
54163
13628
39500
19449
79313
47181
35603
72108
66511
32214
7306
51210
46838
43178
77085
67046
41393
54214
50136
30504
69772
75669
51002
77393
27450
19628
73218
51535
79994
27471
32461
25160
35724
36705
43009
64044
62517
49123
17626
6387
22189
64876
35718
76085
76889
1870
31326
49864
48690
56585
16187
32932
29154
31905
64307
19459
74886
17139
18503
25052
37372
80325
40906
43302
72674
30178
1408
22506
10976
12661
1088
52865
58204
56805
51104
54740
53160
13439
10907
41339
71586
22298
6970
52861
25456
10635
31452
20686
7765
9192
68187
19630
29589
29354
67509
1190
36913
64491
18147
70734
18919
1647
40498
46666
46345
61592
22003
643
81152
55665
22489
75745
637
65612
47591
69446
35035
68966
19411
29526
49117
17864
66603
43251
27336
65081
36387
57285
22036
56527
50335
55030
70772
59781
32315
54875
35672
9886
541
26182
33267
72368
68
52904
70542
47227
47991
41725
28856
2632
7636
46296
29240
43047
62051
5245
63601
29720
3295
44141
53056
54035
50385
45972
53325
8148
31744
56566
37348
74238
4817
21376
48295
51104
35158
61612
26626
73700
62878
29188
1746
31156
45186
4567
80482
45360
22191
38377
59524
70810
28901
73876
28457
47971
63923
18517
80637
37990
68476
70202
57274
18945
63674
82967
69847
54909
56509
4407
75748
42115
36840
10263
72709
32990
72553
10127
16657
78351
19931
52394
21997
6171
30514
59397
31410
52714
46034
24540
7936
43848
69044
71424
73693
4822
58653
4701
36471
10395
40349
53391
75289
4707
10513
56676
63205
28866
9302
34077
52582
9106
47723
29158
44569
24471
68017
72965
71992
21556
1986
14247
59602
68343
26618
53390
31715
26343
44727
15998
79555
67118
73585
17023
24157
29969
2573
39709
25782
60708
13460
53027
39752
34026
8075
80943
47275
16626
54431
78278
75319
57230
9766
67024
62615
9965
33461
47518
40861
59224
60866
74760
44903
73946
18949
20379
27811
20000
27320
82704
13253
73760
23799
24735
4401
2325
81990
5322
44646
67760
64159
20006
41146
55779
35404
55868
58684
9408
78406
6591
6018
76334
4395
11661
51807
23587
20038
1816
15480
51525
14958
25327
39644
67034
75500
39709
78478
75447
53274
38867
42480
35237
74917
46913
49982
53936
32023
19551
31412
67714
36484
41138
69572
8917
31414
11835
19144
13525
20759
70369
1336
18211
64650
34982
13105
4510
71239
23023
14667
43787
65113
19373
81484
74478
51814
58705
56846
18897
60050
42301
62922
1913
74496
64437
47304
11784
76823
23444
62965
28708
32620
27154
55103
48175
77626
59979
78399
28360
194
45227
39531
62350
31713
23078
60095
14917
18941
23316
41119
16137
29683
63041
38636
18823
59568
2075
4953
13835
82009
8180
42705
64108
3962
52336
44976
45212
48520
23888
56074
60684
23468
1860
67843
28108
36020
38168
60819
42919
8823
8253
58221
12797
36444
4032
21446
64938
7415
58528
80053
5659
80082
473
70947
26273
49197
35965
30143
47975
32545
3034
74446
79510
49134
56487
24142
59887
46503
70512
13582
35128
42135
78441
66380
47528
2594
53422
50802
68124
71818
49273
15325
79276
69229
61909
64140
57752
55639
6984
32746
53931
17361
44045
64847
66010
12766
39863
59721
68670
54614
30161
73875
82068
41113
40426
29991
47486
30857
55903
36741
45979
79820
64593
55112
56033
8213
59965
32537
59507
22590
2386
37899
62157
69885
81237
25634
2220
47000
45728
50840
15411
4653
9833
3390
3240
24754
82782
62659
76676
77069
35167
59228
15426
21650
57572
65896
46759
39648
73357
16735
10967
36062
72256
19046
63321
44223
47893
64978
6792
37622
69750
24591
55570
12024
45866
61755
43406
62645
82761
75179
7086
70554
42281
24490
76316
25495
54502
71674
70881
79344
80937
25472
50952
13458
41375
68137
33202
31363
56194
63490
47898
3838
17614
36009
67816
8187
53345
23974
46787
43775
76253
59797
20583
10884
23162
6858
7039
66647
72700
49665
48932
60018
6084
41586
19179
61790
9819
28478
45940
13343
48688
55800
15999
15460
19370
77946
34249
39705
51570
78691
18684
36491
67064
23274
75844
29959
57262
48714
70366
3079
5793
3514
49723
27498
4419
22680
15218
76663
7006
10601
76932
75054
38539
65959
64929
48443
71657
1064
1984
9584
38521
54383
4059
64029
25613
46665
82801
22007
40889
64934
55124
47106
43897
37297
6963
61284
70770
62006
515
78032
68334
7384
57750
4644
41655
38044
67853
47887
47044
51597
66257
57106
23377
10260
25557
6898
25768
54764
20008
37719
45078
1736
7999
13653
15969
65146
56247
25484
80109
9840
18448
26678
37198
39541
35709
72796
72423
44049
61367
43565
51905
1710
11354
57021
73735
9752
2479
64718
23814
66392
6000
64717
39114
17038
13042
603
41212
80552
16028
79230
36096
44827
25383
14268
56714
51308
38166
81364
28512
12516
31340
78544
63355
19382
24884
53003
31935
7158
2835
44083
22026
15528
6203
4219
8417
60554
12889
18288
17142
67823
54366
48638
49350
78041
54538
8078
30775
11034
23348
79822
41206
41800
47550
46469
56062
63474
58301
12689
57973
76363
