31640
13364
12006
16271
22255
27512
16499
15922
24500
15649
18678
31449
6253
19909
24747
13435
23142
33404
36503
13793
5632
15723
2438
24393
19206
3952
1209
27133
24632
23717
25343
2067
26640
8875
7380
12049
10794
27605
15383
34496
35289
29445
24157
9002
16380
11046
3363
35584
29184
23240
13984
11548
1079
18138
35617
27727
32102
12079
27303
8897
22284
29223
15067
907
24822
7897
11113
122
23039
13754
3754
16283
33325
17460
5299
23453
559
21174
10323
1319
7226
13052
1442
16215
16179
8643
26693
33932
14855
34075
14806
32713
27189
29569
19313
6695
3677
7816
10601
23925
22851
3004
11808
23479
21851
26858
30117
30896
19808
13311
3208
30021
35336
16756
22305
6423
3655
1459
3879
7940
4796
25504
2756
8139
24240
7287
7517
2283
32426
21102
2816
5175
3488
21638
10798
16871
1889
12564
19216
16294
8821
7494
22621
19044
26229
8948
32313
18328
7775
28877
31578
31203
15114
3155
29788
12395
32
26108
21085
28906
5257
18246
8794
19587
3428
8310
15135
31633
1721
5508
2830
17020
18122
14655
33559
30897
18335
26153
34110
24236
18952
7190
5579
7221
26485
16278
16242
25036
6058
31333
20746
1314
16966
8244
18843
36037
33667
11917
19296
4256
35296
3272
13565
25885
5985
30941
698
30544
11112
14629
27061
15065
18501
13450
5197
11349
4937
36559
4114
24034
26880
36213
16699
24581
9653
30180
6831
30354
6927
4954
25661
2879
16377
2883
14791
23550
13664
19261
7649
36197
19229
34198
19760
7563
34034
15492
5605
19857
20209
6785
26584
27146
12088
23922
22137
14809
6057
23866
19026
10198
990
3063
36913
9228
8610
7713
34338
9242
1370
33602
26472
27235
34218
12679
22124
29717
21788
5497
35590
35203
31811
22952
6040
6911
16005
32813
34739
22136
10007
10250
17777
7571
16347
18417
28897
34105
20685
2998
11784
5557
15971
15817
15693
13912
4874
29364
14709
23115
30045
27165
28501
35088
27273
4904
33142
2126
1940
11997
7779
20231
19803
3401
21742
15775
27331
380
34992
20571
367
4470
6863
27700
19448
27014
8865
8535
6027
24033
27367
30954
19611
29019
4493
9740
16232
15278
30270
14354
16840
23308
34197
5690
23473
14426
966
1342
1792
18027
19170
21790
32324
28189
25058
34618
4764
33637
10002
6787
1327
12594
6487
14293
16450
88
4331
30900
36931
11220
10717
8151
34133
17647
5950
23021
17852
18873
27853
23002
20920
3675
20037
11262
9407
26136
548
11339
4923
31745
12956
25826
15891
24268
35455
24313
14652
27600
25659
20282
18032
8
21
18386
735
20257
26713
18020
16834
13458
12576
14994
20535
30615
30914
12023
18965
23890
22227
17572
31425
29279
4842
23270
21258
31041
14876
13760
26055
23166
10992
23443
16065
8901
30883
2734
36371
23775
25763
9659
6309
21161
16441
29151
9815
19492
18032
13525
9267
20831
20834
13137
12739
7466
16297
13156
16018
12967
21194
4401
35478
10927
33086
1770
18971
25839
22219
7640
5339
23925
29320
4901
35761
29834
1693
7935
18342
29438
11920
11540
16178
25723
32684
19141
35820
29439
7252
7544
36581
19897
10422
23414
18190
10183
15066
14709
36690
17026
10073
35675
35318
3223
14011
5864
30908
31346
11273
34486
36439
34129
3393
20744
25369
28874
20407
26804
33168
9066
10600
10734
1440
35539
19442
29443
14122
32337
2816
32151
31945
8114
2634
715
24533
35440
14449
34534
13448
34884
10655
36479
1718
23600
27381
28972
1835
20568
326
12210
27244
12102
19137
5898
7223
15658
22492
32836
16254
12626
34667
14075
30214
23403
25032
12997
28750
30612
23981
9077
23107
3092
22597
14958
928
16224
36760
5454
10411
1834
4093
20764
36163
7024
18873
34448
6413
36056
34030
31478
12678
26566
27632
5471
26107
11514
24840
1564
29036
26569
8851
3527
28319
28662
28181
33392
29704
19148
19799
24768
4374
8131
25432
36038
3121
14252
10559
23932
15039
22187
3846
12093
30959
15424
18650
21149
1717
10018
33535
6373
35803
6353
11537
537
9784
15814
30493
33392
34330
9897
7125
8080
15616
18022
26779
24635
34858
1574
10285
8833
12618
7005
21086
21972
32875
11117
30494
19842
4543
11487
15639
15195
20760
25057
1136
9271
6612
5584
17999
2138
14291
10787
3911
13152
31148
15473
30570
3599
2019
7553
16415
24861
2063
14748
3580
2359
33465
3537
22743
30898
11679
16909
35854
4290
7949
29308
16702
27589
1805
9649
9785
18059
29534
21389
30449
26989
27296
25720
26537
16503
9807
3841
4066
4770
6269
6547
25434
14834
33442
3487
3658
11201
12519
23464
33086
34063
14593
26815
1863
28567
18920
2787
25509
34847
10047
3684
32182
25331
26862
31173
652
21078
2282
18828
22442
13678
24535
191
22574
29242
35740
18516
31178
14155
14788
18316
8357
12245
18125
15270
20975
36233
16897
13276
34033
30984
27754
9796
31018
16814
14339
19845
2079
26344
33193
18428
4962
11683
3312
14090
29203
26971
4146
9651
34524
36260
17386
32878
19197
7657
9631
31492
848
32823
18468
34231
8120
27892
9060
36712
24674
5874
36682
2917
20662
30282
6575
26325
12119
34150
19029
914
10556
28480
24872
27330
5403
2736
13900
10273
18852
5846
32826
34454
23377
11012
36740
25584
31805
22287
17063
12645
15778
28386
6833
16304
10293
14183
17704
34189
27660
6651
8298
12425
935
25013
18339
28579
3044
30035
33296
3736
34045
15712
13434
30488
10844
5150
24302
33531
6790
15932
3090
13783
18301
36740
11210
25186
25592
18956
1224
18966
35853
36454
21314
2229
23023
1838
30661
21394
14482
34768
33560
6866
21307
21364
18115
20909
21541
12631
9262
8205
3494
11719
28870
16514
9272
1475
8842
1183
34931
34220
34868
30524
33544
20787
15347
33777
31080
20449
9172
23780
12746
23917
6585
36632
10284
6677
7786
7346
33961
20389
5752
23352
7897
11253
16929
35857
20406
17650
34469
31731
13530
9483
31647
1781
4358
5238
4655
4337
27830
14991
13292
5517
30280
30580
31895
26471
32427
18424
20490
22723
30700
1778
11311
24354
1931
15241
8622
28664
19204
17542
30390
14274
19321
18926
2693
3339
20525
6931
24611
14466
9276
32774
35024
1
855
12899
35069
27379
11483
17048
22720
34947
33177
8675
15849
654
31656
18096
20729
23565
8133
9716
34291
22081
16293
4209
34275
5394
15009
29189
30138
5382
12344
29537
14564
13811
30499
6148
27608
729
24082
31786
4766
20607
36884
7804
34424
26304
24803
2213
9999
8897
6038
5718
9878
22451
10472
26294
9995
21615
13214
7386
4410
35075
20669
16557
1772
32351
4897
8188
10844
19148
21827
26305
22802
22370
33986
26457
3609
4204
24994
21828
20947
2579
17298
36449
4836
25787
3223
17131
9691
30230
6342
1516
1861
3139
32103
2757
32276
19163
2581
32623
24645
7008
9474
28041
10767
10042
14095
17430
1319
25231
4912
5666
1257
17013
13494
8321
6833
5007
27367
18460
5343
14443
17512
34905
31464
21644
17722
18709
19161
30065
30002
10481
19111
15089
32211
4535
5394
24969
8622
21367
23280
16763
33617
23330
18789
2172
17470
14922
29912
23811
8946
9588
34089
28113
16406
6099
22319
20545
12842
28402
33102
32270
18861
14902
4469
27555
33793
7630
26390
28571
27324
34248
23550
10270
30113
25561
1836
31836
10733
14768
29743
21161
18245
7071
27319
21709
1668
23895
32854
17367
7299
33376
24848
8213
21329
34698
12500
17531
16770
24026
10703
349
35292
16468
15094
34419
26348
11754
36281
20352
25071
28134
18504
14646
2509
20178
1693
7763
23559
19793
9232
35728
19329
20329
32033
16579
24459
4216
26088
20675
32393
26472
1761
3179
36843
28657
27412
31598
31583
33529
5176
33797
24153
28810
9151
27271
11612
7792
28701
27766
30403
16525
17186
7546
9360
20323
24287
15876
32838
22022
34021
27433
35914
16884
33217
35329
21628
14009
5395
29483
2316
4379
21294
27951
13639
3166
11322
33423
12792
20973
3869
21867
3411
26295
26704
12487
25869
29170
33077
11555
36207
26990
5975
7928
27033
29344
16482
31114
14516
10137
2473
32198
6104
11363
24910
36841
22572
4320
15556
12866
5507
2494
26728
6541
22131
30811
14326
30525
16570
32121
16256
32389
23841
36870
561
7756
7266
10386
232
35
2286
142
11160
33115
24527
10254
1028
35640
32396
36962
21864
9316
21883
19567
21786
7585
23144
24085
29463
28615
1956
30972
21939
16094
28249
36552
19504
35609
11930
6742
22015
18031
27151
26954
32661
36471
20397
1879
15852
24831
13844
10761
19619
11985
27579
17531
10920
23323
10510
33840
23329
11769
10055
30592
34970
23450
30115
32753
27712
25443
25227
1079
7164
32035
1274
35498
35060
18749
10470
1522
11275
7083
40
9602
15432
15766
7366
20806
26461
20375
11576
27466
11366
8552
36367
24216
23185
32316
15017
36165
15997
27183
22066
18729
28994
34643
17988
22418
21320
35937
17287
23636
17908
18632
35051
11335
16005
19029
26178
25212
32117
34160
36891
15445
2459
17318
9953
8521
18021
16368
32106
14072
394
24320
33683
25713
31605
29675
17137
2734
27046
19367
978
11776
26075
24186
17434
34373
7372
22364
29818
30610
2068
31499
33010
27870
32347
12473
28583
16222
20753
32100
8488
25270
7852
24345
2826
16978
32786
8798
28932
2657
31066
23851
14148
23571
19997
21636
22168
1087
14714
31630
21369
1500
8415
7707
10338
18490
7596
19340
18990
15339
24377
32410
9575
29451
14151
24136
7211
22049
3700
11913
23641
20985
25592
16921
18834
32080
18045
9771
15218
13459
6915
24951
21565
1292
14985
15677
14822
11835
2400
33827
10643
14637
16937
2702
10740
35227
23487
33464
24483
201
29087
31839
20861
9353
10668
1550
10958
11891
31783
11018
8963
19828
22387
5323
12441
14305
1550
11509
31315
7478
13668
33114
11800
10191
22846
4926
11739
21113
36712
25054
13852
31382
18135
31949
8900
24828
17913
20789
10630
3793
8671
20246
5792
12189
35941
28623
16713
18548
31515
24534
732
31479
25108
5189
36859
15669
14131
11523
6391
14843
36165
24580
27539
15197
7497
919
30985
4792
11132
29482
12860
5590
34370
7555
35493
33060
20871
1949
19736
9411
27787
32373
12766
29905
3291
32409
21030
15556
19140
16812
9973
26931
29051
27160
31781
16873
6640
31832
11233
14319
12161
21545
14142
8252
8003
33165
9988
27603
15243
20707
4780
7842
36698
1958
24565
13250
28151
12440
26495
16160
19878
5491
8568
4999
33406
31373
17156
3519
17400
30885
21031
16318
25412
9726
3094
28105
35614
31183
34580
20720
35293
1796
23696
15251
18236
5068
24388
31453
8378
10640
2888
9140
35332
35469
32837
13385
26722
7126
25374
4842
33094
20554
34000
2129
21936
1413
9250
36289
4231
8765
22175
5469
14923
33244
21848
15981
2382
22484
6807
4285
26849
31980
10191
21876
15842
11062
23983
14534
32586
18578
25021
806
26309
2010
6719
15916
21315
27555
740
10367
26291
36101
23025
26695
33159
27767
30920
19241
34923
874
33827
30104
15599
5424
17318
35020
16220
4081
27899
1786
15203
2610
11238
15920
23609
15946
13457
24651
14711
22754
10010
12975
19853
30601
27863
17674
16375
3137
13316
33973
26095
4778
22084
16328
19658
35728
30227
9817
35039
9427
22564
8049
30225
13483
27838
21755
20918
36758
4185
11242
19625
21128
20359
6982
7530
8862
34725
34682
23948
7815
3568
30549
10927
6919
30781
36867
13468
35448
14073
959
33134
512
20991
21359
20352
12562
6864
8580
22817
35433
12652
2365
1348
7392
9638
12967
13964
14015
11286
29883
9205
14163
19632
21428
8590
25837
34946
18563
35186
26685
531
5041
25277
15875
23167
20728
26708
1225
3783
17390
7981
5040
13277
19271
25654
21174
17429
28750
4561
4833
2591
4417
4333
11931
23656
13494
8920
27442
7128
32125
3328
12722
26175
13371
21713
22945
13209
11639
26224
36030
17177
4406
18014
6919
2457
4470
5113
982
14999
35888
11116
7536
8179
2583
3095
29186
3877
12640
9241
25360
35763
9005
14401
30587
4304
33322
2213
24045
31680
36962
29505
32052
8112
13558
13481
10105
21043
212
9130
7509
23351
1681
3218
33927
8255
8875
15304
23644
21041
29789
26190
31195
8334
21071
3963
32508
34946
36273
20885
25012
19529
32732
23051
33183
36610
29797
34681
24011
16640
11023
34717
13053
34579
34332
30974
10531
15126
15975
26492
34453
9609
9409
32770
21712
19094
35215
15288
11345
4201
18972
18317
31354
17560
14240
27610
148
5794
6972
386
10265
31668
21625
26221
14004
15062
1029
24916
28536
21460
13329
22510
23538
35425
3873
3297
36811
34630
30640
8653
24750
25104
20672
23474
28963
5152
14235
4537
10229
30188
17418
29152
28918
34778
16799
25447
32013
7452
5824
26696
17425
29575
21603
7404
2933
23629
11304
9168
36472
10403
30920
26526
5231
16189
5624
18111
36666
9053
11650
15342
11720
11995
20584
21296
14775
19670
5509
8952
12468
3913
30786
13383
34379
14537
2906
30968
36684
9226
33219
921
24506
5128
26065
3070
16129
32971
27577
28352
29204
21829
15271
36419
30728
33821
8724
33909
25720
35446
24551
28745
22309
10905
29951
27476
14882
1654
31602
25103
3434
17354
10357
186
31334
12906
15737
33266
4791
28966
29814
1250
27412
27265
19647
12901
6705
11485
12393
19723
6516
6483
24009
49
8493
21760
545
11003
2561
11075
583
7869
14227
10754
26251
36807
19624
1125
16986
12750
31365
25690
23083
29927
11407
20439
1286
14823
17279
7463
16588
4126
35032
36251
36047
14451
33502
36450
7255
12040
16901
20363
31621
19205
17763
33399
23152
14850
8011
36108
26377
10342
9903
34763
36645
27581
11921
20611
12736
14351
24974
30591
29056
28859
6807
33714
36861
3594
1158
23019
6570
36424
19762
35467
15216
13708
23342
25259
18120
1265
28572
6907
31587
11814
2209
17957
21448
20008
13173
18848
20960
32655
20010
281
14946
9085
31343
8667
2854
17907
25712
17927
5128
8718
4419
34271
1483
2550
7377
6780
20640
17656
10022
175
11250
30513
35464
21460
36606
23522
34416
3947
24948
32404
22160
29241
1868
4385
22322
30491
26328
17930
36408
16930
32725
29782
16653
818
24356
31031
19646
13172
2747
36353
16839
6364
24419
9780
13998
8308
7589
23929
4254
23135
14022
6890
34683
35339
7005
21657
18316
23069
15149
7090
10218
4872
13131
15061
10171
20768
14934
8699
24715
31025
21461
23666
17528
21653
3729
22907
5329
16162
7945
36473
2283
13609
34460
36764
1151
26339
24143
17763
18962
11070
21530
25192
5986
4789
425
24486
36914
26654
13220
30677
31683
36493
24771
20662
28104
14318
30066
9538
21044
27840
4861
11484
4802
1852
34792
6135
18168
24893
20366
22426
23192
32505
14084
1833
13268
26205
35872
18437
16342
30648
18235
33043
266
10790
27233
19945
17129
27308
345
34741
24467
16075
11013
35720
28071
309
33600
12199
29330
11869
30718
27819
11306
36243
35093
26046
31469
17629
26390
34854
6883
10257
29160
17055
9157
454
24881
16504
23376
1427
21202
3743
31954
15263
21262
27632
11712
12320
17526
23584
15321
12303
2996
5705
18619
23208
30362
24070
15264
28831
12743
13886
33436
15238
16685
30069
7894
22555
13986
21310
35576
1022
24872
2525
12077
4728
29931
35792
14703
34056
18471
13358
35250
4263
29220
27912
1304
5771
15815
27388
21137
29736
30422
4080
6390
12898
15567
22211
16539
21968
29477
8231
13391
23226
4664
16427
26441
22747
22625
5197
11344
9945
23671
18212
5879
41
27584
33884
11636
22184
35488
15651
20092
13092
27271
4128
33100
28098
6682
26707
12558
35768
6336
34751
11806
13754
11991
34372
1624
13914
3291
35722
32649
13872
17010
6312
5398
34681
10687
34042
21604
21316
4976
27312
7885
9104
17382
34507
3236
3401
8874
15874
24237
32929
5118
3
6404
24907
11103
26702
9576
7850
21877
8403
452
6568
1740
11612
7618
16244
690
30572
29868
20259
4461
16055
7080
21142
29088
22891
17879
20628
12418
6764
4579
34606
19156
20606
17475
36072
28501
8971
16020
27080
30348
18628
36197
26191
35616
28900
15639
17036
1303
30089
2079
32704
2242
26531
14866
21420
4689
33599
25796
27854
25872
23813
11268
6139
20829
29524
9528
5542
18821
23656
11720
4190
9235
29154
18962
25438
21796
8550
6369
25838
31514
21770
5442
25783
20554
730
31862
26684
8108
3856
157
23700
1535
40
4533
25995
11102
32858
1054
36128
25915
19177
14593
6098
26254
29864
31925
12099
4091
748
4565
911
909
6205
14561
14029
31546
7870
25224
8748
17933
12748
18135
36289
22298
24587
9952
8076
4314
4987
30458
13331
11947
9529
33601
15254
35994
32282
6490
24786
3800
3387
34950
20809
9983
4829
32952
22854
3183
8524
28500
6462
25257
5398
11197
33682
15871
28000
28931
4257
2165
779
21656
34770
33793
5646
3038
3888
33779
11661
22
16558
9144
22487
25111
2761
29257
35118
11954
18741
34363
8912
19966
13640
5083
16474
36324
6274
14920
14491
14465
15998
17084
35390
17059
4706
20752
23082
122
20130
20956
24116
21949
32332
31568
9812
9110
4020
14345
28861
18603
15903
36507
26661
23178
20476
11183
26116
11040
18190
7650
20650
34406
8895
3491
26353
5896
23991
28806
32362
19211
11658
35657
16507
9355
5471
402
17190
8270
12604
6939
5404
26849
24575
26523
36616
1117
19048
11634
19705
24084
34066
34649
9839
4950
9536
8852
32199
9435
7644
26349
26297
6916
9850
5926
29199
35179
14924
1643
6024
26643
25543
20321
2466
21302
23090
25127
12645
4857
22646
32280
23996
14534
4049
35113
19391
18101
17061
21581
31204
16895
20213
659
22149
30722
10296
16432
36322
29610
31782
7495
5879
31642
1095
10874
18024
11998
20163
4251
23496
24116
7500
747
10449
33335
8728
28454
31910
21008
11618
24130
30541
33393
27408
28890
7224
20623
6407
12435
27274
33732
15386
20378
29351
12341
16658
33279
24020
18271
33607
28155
14005
7377
9557
16689
26109
36406
7218
468
7128
26737
25579
1405
33437
12965
14270
29863
18911
3320
23194
13746
6603
29420
24667
29239
24379
29730
20282
20006
35953
22515
36793
17866
10351
8612
10244
22406
3547
23549
4755
32647
4225
17222
22948
14205
33448
24526
4277
16622
1910
8970
11807
14001
28239
31031
16166
32740
4961
19444
13005
17563
17171
422
18006
13142
33075
34049
14295
3917
27655
11712
22520
21402
5588
25882
22881
28371
14738
137
33809
11539
10433
22840
21465
33997
7420
23800
1751
4500
34299
23151
28030
36081
1654
17518
18490
5641
19325
12405
16601
2546
18334
21589
28373
28675
9262
1529
27750
23157
27416
4906
20765
6730
28659
9230
32564
13025
10949
23332
4008
21106
1246
35367
31056
788
15007
24341
28032
10625
30273
882
1670
2418
29490
27790
6989
22860
21907
25487
32208
10607
17693
11028
17446
5479
32977
36056
30179
5401
36446
29743
19584
32540
12109
30864
8833
34401
10185
18103
29652
20976
20115
29990
28578
17224
19697
11479
34685
29123
32262
7217
15017
1660
28581
1692
20927
16214
19551
30826
5036
3938
29700
7005
24593
24652
8766
33271
12204
34699
12081
35882
34715
14227
23646
36644
22816
3921
12991
31822
8992
3026
36773
35929
22310
16168
33469
3838
23349
35250
3729
22393
13522
32127
12186
8129
28632
31471
2659
5207
36660
16078
25137
36928
26905
27430
23199
20272
12694
28328
27326
7477
12443
24438
1418
11117
12131
9928
47
5
26699
26385
410
32856
24985
33157
6860
4016
11920
10617
23401
24019
4351
5287
2343
31333
329
33325
16322
13614
9055
16897
27348
9376
34585
30275
15890
32776
8237
12383
34249
35334
23918
14845
15863
14370
23501
27639
18359
13437
14221
15670
9964
8593
28112
9082
31678
23294
13319
2132
10875
24819
12183
30329
10644
26957
10319
405
18144
3838
22998
10937
36943
22301
3385
15500
31964
32277
4794
34817
118
7037
29772
17466
12120
2220
15067
35825
7051
34487
22121
28327
1997
23529
13266
5059
29723
34094
761
19040
14594
18355
859
1643
21691
28789
16137
8720
9701
30372
20220
18600
5661
34300
23761
7753
27008
28433
6676
29546
9153
34804
8032
9873
28661
5622
33932
12948
14476
17311
9314
1344
7210
31723
433
1201
26571
35123
7466
20966
32582
9260
12199
33256
19344
36461
17983
24847
5769
33362
17815
6457
3524
30328
17331
17272
30743
35749
20161
3951
22307
7693
14790
31881
6141
6587
13074
28869
35643
30082
25487
4450
7066
1031
11471
5691
19732
11630
31755
7224
9655
14949
16656
36705
19760
3432
17291
8695
33215
35010
18157
28952
7860
4716
17034
20166
4071
2614
4468
20510
27589
23007
13260
7040
24550
20843
6984
6103
33020
13328
32072
27703
25502
16676
36227
22110
32522
25223
13103
34825
24025
31081
8653
9676
5299
7488
21834
20173
14204
20191
29913
15829
663
21758
36766
19300
35966
7114
22830
32744
19388
32234
17307
29866
26569
27269
34364
7021
31333
30947
17360
3971
7448
13286
15875
25238
11541
30148
4985
7640
17879
32924
32215
10944
28388
19003
7321
29434
7102
19514
26238
18761
19864
14110
28335
8115
7502
25803
11455
11561
6885
8493
7381
11402
1793
31773
7836
16019
4797
36029
34515
2413
27925
28880
12920
36722
14328
14713
36832
8109
11370
22734
17074
26974
6357
12640
19609
567
28063
3130
35520
35295
22430
12460
34224
6952
14024
30875
12396
4694
18960
22734
12486
19622
28290
14992
8106
1976
24800
32397
16512
26667
8053
20290
11463
26260
36494
19870
5253
29994
27233
10423
14379
8522
9381
10778
16237
19042
32217
11515
2239
8179
16649
29629
34059
9968
10650
4150
31032
32381
17871
23018
21244
1390
2004
3411
10449
33054
19392
20130
17158
1945
19727
32380
22916
14566
21645
30076
32425
28076
35063
32025
21682
3975
18212
25780
18560
21255
20705
10272
33525
27062
27841
29469
33817
23500
14411
32115
3477
24153
15525
13928
34808
27750
14935
13151
22023
18824
32818
4373
14759
18954
20248
1249
19335
9533
32517
16831
27633
23319
9098
3648
33831
6382
19602
2138
27882
33279
9774
30808
27269
32760
36531
36030
18936
31933
25923
36267
21641
16803
33169
29858
33596
11799
23294
8887
29955
23730
18568
35459
18497
13620
3138
3508
19817
3625
17647
3749
11764
2276
18544
19877
22934
719
20053
10086
28426
24748
26512
24644
20588
33387
6125
22831
26332
9673
3637
4647
14203
3193
33506
18276
21661
4578
12269
24031
17606
11012
34195
10577
34418
22455
23678
2918
36653
29219
18984
23220
11641
21294
28122
16710
19973
4333
15386
21360
36826
34979
28635
10990
25177
903
33614
21261
1264
24756
25047
35110
32500
6362
31210
17475
19353
26365
5852
22631
18996
567
36286
462
3057
5103
34332
13669
13504
30637
28228
26120
36163
16672
28274
13511
21922
24886
18049
14180
36695
16904
25443
20971
7318
15856
7761
31622
4700
5735
4294
35972
23593
5439
22621
35718
1095
7322
572
26118
7082
15894
11504
8116
35306
32461
3640
15438
31595
22189
2237
36450
9134
5192
3726
27492
29808
16161
21211
87
33544
28380
25168
35626
7550
11960
11497
656
33943
23477
22756
2387
181
20476
7721
32991
4739
16695
2022
17303
33118
12341
8816
23726
4904
22258
30964
427
36350
25345
22124
33114
32456
35407
21333
30859
9337
10382
