7984
12362
9115
11247
11314
9962
9493
3822
14793
11751
2663
9095
11716
7575
4976
795
10852
567
14595
10590
1119
5400
13505
8296
7232
8143
5196
8294
11432
9583
5855
5444
8334
11900
12785
8762
914
10831
8960
4680
4007
14201
9330
4855
6742
10062
12190
1982
13375
6720
13993
9613
1115
12277
3157
3538
925
4526
8900
13702
13342
10860
3506
8586
9448
9713
13264
9475
578
11305
1685
7471
12899
4571
12159
2364
14442
2199
11839
6940
13185
14982
6267
14430
7457
5889
7044
787
6089
7927
6744
9075
10464
10798
13018
6789
5762
4213
13277
1376
4488
7979
1120
10992
14919
14424
14523
3304
7035
10031
10303
16
2125
3148
8908
7387
7159
1424
7884
8352
5272
10749
6444
7659
3234
1168
5339
5464
3457
435
707
8195
6262
12219
7941
9766
9842
7093
5433
9704
12902
9424
14555
5591
12335
11431
3936
10786
12935
9286
14319
7581
5022
14157
4685
657
9592
1750
14265
8687
2103
7079
175
14097
9665
8197
9448
13030
5357
9109
2590
10640
8135
5160
11077
8076
2955
8986
3484
3565
7046
13295
5619
11908
4456
1219
5207
1873
6325
7748
1025
10607
5658
4271
3749
4239
909
2995
5293
9235
7942
5582
14485
332
1242
13138
1162
11067
3030
9371
964
12201
1576
5919
3891
14508
10224
10443
10381
3838
2438
8406
8445
9619
8958
1693
5599
7743
7494
5731
7304
14249
7104
9985
8923
3640
13338
9569
13870
1657
11363
7155
10739
5746
12232
1675
11434
13910
6853
5456
10652
11309
11775
2017
2754
4559
10037
12037
14444
8438
13647
11031
13749
1021
13895
6957
9524
6600
13253
8828
8070
10657
6094
1841
9606
3188
2644
262
12094
7288
1712
11839
5167
13419
3612
7816
10781
6776
253
11053
14110
12064
5006
13701
14177
9826
11992
11796
4715
12064
7173
7868
3084
13392
10004
9151
12848
5083
8118
572
9786
1174
2943
1579
7035
10082
11560
3862
4096
12330
13745
10735
2297
7720
837
9760
6270
8501
11558
1211
7820
3212
2390
534
6125
12881
8239
13682
1974
1971
7195
14025
8042
5906
10789
11849
715
13415
8680
14641
192
6144
9830
5471
578
5660
9560
12596
1113
2441
11621
11589
4100
3391
4518
11271
3334
14408
11238
4597
8915
10711
1590
10537
13489
8339
1342
5589
4036
13406
4960
12221
11546
11158
13791
3091
9885
5671
8165
14549
4119
1346
1177
8103
4959
3423
8111
10065
11249
9370
11546
11070
4612
1789
12837
7464
8053
2730
999
4522
5585
2243
7356
6316
2248
10784
4120
4397
13309
14636
1806
7920
5178
13029
7863
9045
11680
7118
2399
9506
3244
12674
14361
13598
6357
7519
11650
1715
5089
13677
10211
6685
7951
1010
9496
10211
11048
13787
14229
721
6431
13745
5824
12095
5015
1261
1298
6938
5516
1433
11359
13069
10033
13605
9262
14260
14928
8651
3994
9708
7889
5880
10526
1514
13762
8815
295
10455
12492
4099
6019
10501
5086
12984
12663
8344
9819
7447
8462
13939
5950
372
12686
10518
11502
6182
1733
9466
7788
107
1889
2393
11713
1221
6052
2021
7445
13213
10886
12539
13130
9946
11028
2386
5663
10822
12839
1262
6664
9574
5224
13604
2483
2580
5431
9130
4901
6914
14274
10837
299
812
10250
8645
14949
12819
4562
10065
2620
3194
13161
2650
5276
9399
9391
10215
3653
11175
7699
8701
9387
9046
6659
57
6478
1331
6661
6491
9772
9468
8778
1416
1529
12378
1715
9412
9209
13267
6539
9658
11972
216
13516
3395
8136
11851
1901
1270
10805
5024
4065
5241
377
7092
1635
9469
11124
6326
6397
6015
7477
12144
1736
9336
2267
5521
8438
5907
5033
10139
12235
1886
7753
14517
12138
12599
5673
10524
14356
5052
3106
13907
14587
3607
14981
9459
9964
8124
10920
9360
483
10377
14222
9971
5584
8305
3021
6565
9176
13004
4233
8511
7895
10687
10710
13651
13160
3795
7650
6974
823
10877
4665
8604
14581
6513
74
2576
10987
13484
12927
6799
5923
3485
3274
12840
5303
2430
3826
13154
1452
1693
11365
12090
4041
14313
8703
6175
226
6012
1073
12300
13082
8964
4845
10921
3765
10517
3894
13406
14315
8847
780
13910
2392
7799
5668
12731
4136
11796
12151
14108
4008
6729
14265
14080
11304
10354
12393
14045
11980
14956
7497
9554
10098
1022
1043
8893
8925
2590
4491
5770
2008
7369
12228
11256
5679
14235
8234
9273
11583
11559
10847
9839
13518
5635
9529
5830
5469
2372
6968
11913
4042
8385
3573
11084
5137
1486
9030
1987
6907
2344
5935
6302
8319
4960
10786
4179
7300
1349
11575
2222
7681
5442
10551
12854
12819
3322
14353
8199
4950
115
9183
7847
7127
3398
4635
1543
9814
14609
3403
10953
1361
12799
10301
2289
9106
4542
8747
14329
5635
12770
247
4852
12256
1402
14834
1527
13531
10335
3317
4079
8142
14045
13555
1483
9360
11975
13806
12183
3754
13683
13710
4137
219
9223
648
9132
4232
5959
9179
2535
14055
2021
9374
5218
9250
7507
5749
8004
12890
2271
13826
9043
12657
13836
11567
1713
11209
10201
3746
12703
4563
10448
8106
11161
5583
9093
1142
6589
6506
360
6573
10481
13942
5058
216
7089
347
928
11179
7626
5795
9455
2842
14902
1211
10924
1512
860
14614
10446
9739
9387
8820
3651
8916
13467
7031
659
4506
10048
4438
9813
10669
604
1322
14381
7584
13103
13389
3630
14881
8837
1603
11137
394
3285
3569
9362
4457
818
3666
12932
11893
664
2833
13201
7199
876
6408
13175
8920
5976
3423
994
10689
8322
8400
9506
9044
2719
10518
3745
14682
8657
12486
10787
2207
13883
9198
14898
12607
5541
1907
7670
11796
9617
5910
3341
3151
13256
3862
14116
1307
5657
12489
10866
850
14911
5723
5773
1367
11030
7849
14180
4723
3242
10184
12248
6803
8661
5039
608
270
5507
7523
12135
9636
9202
6904
2084
1177
13603
4413
1022
1009
10392
5024
2786
11430
7585
9521
8571
12829
6847
819
2324
5447
9412
2028
6173
5795
9381
5334
623
14385
14470
574
6494
13073
1712
13402
1298
12017
13945
6592
14394
2549
6744
6817
7838
11921
4803
1028
6022
1410
4879
2959
10629
339
2211
360
8548
2700
5154
4001
13244
492
4131
12178
14676
11167
6478
6361
10882
13602
9542
14444
14130
4731
14605
12135
649
8374
5681
169
14260
8426
2593
1153
7474
5819
7083
12566
978
9120
9238
12043
14851
14076
158
7193
1126
13578
473
1031
13602
5985
373
5653
6340
591
844
6302
440
4738
2206
11228
7104
3065
1705
677
9192
7474
4839
10459
8468
9461
1277
13985
3607
6941
9227
1985
12049
6302
12428
7514
11171
10681
7812
6679
322
2325
6177
6723
9254
10136
8383
6392
1030
5468
12468
4552
6146
1748
2189
3922
3957
2877
12443
4758
14909
3018
13902
3796
3671
6735
14572
181
14780
5975
11285
8077
13346
12609
6678
6753
10960
10549
4481
7363
1435
14357
3525
13492
7678
4374
7351
3361
6305
10238
8837
14254
3920
12447
6235
12622
958
13385
4236
93
2271
13118
1886
12773
14119
9007
5818
4372
10546
1972
4966
13351
13649
6049
5385
9767
10566
5612
1643
11954
10844
12378
4430
9221
10261
2793
965
517
1041
6392
12952
10621
7872
12419
6097
8161
8645
2883
11662
4649
944
2978
9251
3497
5254
11532
10531
4357
3246
12769
11683
3066
4858
7959
7395
9048
14376
4348
14738
11091
12101
4865
12845
7137
11829
2114
4987
4278
9369
9769
8128
10650
9869
12811
8012
4860
8676
9922
11616
5721
11787
13050
13796
12869
6040
14783
3271
4425
2813
14587
1268
14285
8316
6502
6734
8965
1224
9422
14464
4983
6573
870
6404
9501
11358
12938
9077
5238
5497
3768
754
7407
5137
11514
10514
10414
13984
4904
12743
2199
12479
3347
8065
8911
13915
12964
1608
3510
4358
2091
996
14674
4143
8852
11892
4054
10838
11027
5778
12905
6448
6008
680
6323
13484
10718
11977
13866
13440
12245
5030
12147
9347
11335
12211
14237
5183
13600
14733
13183
13074
4830
14339
6249
1098
4776
2150
13071
5154
2027
5279
6186
1358
12023
11459
665
10607
8985
789
11886
7763
4418
14000
3603
4652
14772
5407
7050
9139
7084
8676
5324
13641
7170
12081
3665
1138
3774
4934
550
7758
11542
1127
14949
10733
6170
17
6342
12327
7784
11770
227
11829
11778
7194
3058
11895
7957
6721
12635
12067
1013
13543
14641
11118
5277
5658
14390
11203
11050
13055
13550
4798
6031
2264
12870
14867
3683
10630
3997
1775
4902
1923
5792
13930
1771
11215
7548
112
1967
1486
3244
1195
6704
5714
275
5391
7072
6017
14683
12097
5689
10829
7404
2317
12882
8012
7976
2946
14496
1461
4403
4412
9968
10022
5480
11998
9824
4500
2678
114
741
13311
9409
12447
13167
7169
5381
7982
12129
1164
12766
3537
11133
12741
5250
2055
7436
881
9776
4152
9587
13834
14986
2034
3065
4390
5606
12462
6349
2932
12771
7946
3428
9955
638
13108
608
8873
14299
1887
10820
11997
6009
9093
8475
1402
7782
14714
13401
5345
3034
6872
194
8082
11080
8004
2862
9894
14367
7613
5294
6891
11071
10772
8992
2301
