30015
13127
49960
23625
1029
55862
39783
43002
82576
39177
20115
83629
27416
22023
64756
19336
37903
30841
5040
307
41731
50375
28341
66888
48787
71639
52375
28918
47521
20283
68116
62889
84286
49990
81477
12199
33291
30891
84416
55569
57003
19697
43160
72932
42126
18535
26310
59571
53376
1120
34785
61995
72193
43347
74832
78051
65429
58859
17592
48141
3019
48269
58034
45605
91
44619
47532
46878
5953
76508
70351
963
42702
52613
65272
34129
57245
60336
10464
37590
2547
73352
45222
7525
5703
74758
55693
62970
31730
76859
72280
54084
74928
459
83513
45772
36356
35498
82169
31617
33226
60718
38041
59789
35661
76368
74775
5167
34481
15504
52437
55453
73698
27116
59028
81374
72508
54484
15342
54586
21708
33070
73368
36871
59531
61257
65822
65329
62819
10872
74760
2668
31874
22549
9442
28201
37044
42855
71978
26515
54453
61065
61490
75693
10451
57424
43398
27738
43842
3825
26279
54960
72025
4789
24638
16593
8833
8979
52588
59048
39918
59600
70206
79773
46918
45077
25262
48485
79615
52740
82948
27633
37429
67512
73459
11656
21393
65129
21200
18932
11725
41489
64422
2782
33243
33118
72949
14343
80750
84668
46969
25517
40384
20694
18382
19046
4618
39353
22360
15371
26466
53518
77049
72956
13278
40273
47956
48580
17880
30570
59175
47753
2762
43280
70909
49434
79592
57941
24017
74357
28204
54858
44815
82468
25053
63895
50196
41147
5785
23895
5014
25465
50633
34110
81133
26665
80316
24968
13129
73156
4531
54176
30949
54676
30604
63257
22338
53519
8355
4309
48998
78814
76554
25655
71947
45161
47152
40687
17892
68850
9616
30202
19570
7818
18648
30314
29789
45612
61074
81793
12381
64364
68304
83542
45089
3074
48368
81714
65702
20297
10999
44346
30745
8879
27082
64169
2129
50465
75263
30536
28315
79069
21090
76541
73784
57611
83348
82334
58060
38456
48445
49912
47173
8616
79850
12744
20788
18455
38770
57453
66768
51357
52458
50273
84797
21380
68136
64218
22980
13175
42589
77985
29068
3760
82412
11285
80086
79630
54263
44501
27110
19594
39968
81641
7853
20348
13453
30963
64140
183
84621
69592
31795
10125
46735
59173
71527
55096
44377
66551
25705
3975
22606
22251
47635
67577
12201
72343
42166
45265
82958
20203
2360
31181
83440
66103
60033
65037
18309
29283
56380
64517
30285
37717
20802
16271
7553
52938
64777
8504
63793
58348
63164
77621
75078
1748
34749
79386
51430
84789
40374
37126
59317
65477
47268
75487
27552
75384
35756
62253
53918
60858
63368
39726
17143
82921
3786
58646
5206
83733
29897
78888
29179
18173
41889
18837
43857
31112
20717
51903
21166
8652
7856
48003
26425
37678
32297
67914
80205
44742
15340
55202
71692
63726
28276
81981
56367
49080
65359
16710
22625
45449
30971
78571
34148
30622
45964
75323
19771
5025
52887
34782
71654
11656
19968
77443
64508
82002
80456
69130
69019
82495
33467
80295
63915
9811
76453
51567
168
2710
28564
66315
1302
50275
63257
38206
76431
12363
28088
50924
59224
40381
4999
35273
28201
31301
36732
76850
42531
70790
53983
62332
28701
32325
38662
64152
34047
83868
69030
51224
50487
51591
72655
60449
73601
19366
47257
5420
31529
61520
47507
8458
57884
62120
75098
13828
25164
54199
32198
8437
77091
62030
8416
53260
41967
32837
47552
13345
64124
38909
9932
64803
615
59927
50986
6508
59102
55519
77446
34707
5005
76152
38231
1235
1155
21461
6683
82148
81331
38673
77683
62814
54902
6996
78338
13998
45022
33187
37919
22511
71462
51819
11753
32118
36557
65257
5042
76769
38689
71297
65340
2132
65255
76489
9256
5986
11369
35520
50590
59405
30697
17041
65279
48555
69354
54390
9566
66821
83478
57843
75589
51428
75977
50193
83563
48690
18620
81907
24115
59035
64022
24568
30064
77646
42501
21381
64540
51499
57298
17558
22944
41859
44106
11153
46862
47687
47001
62256
78018
38590
6762
15537
17007
9782
67217
47739
84053
25350
58561
70903
26112
77245
48809
11385
22173
48147
72841
59737
41725
52475
55386
78611
14244
71057
31411
74791
50267
73158
37721
453
81377
66132
56334
52881
82000
65760
62674
5366
84724
17188
18031
4011
69431
35502
33702
26679
28759
24096
30015
30362
45761
77980
58301
31513
3174
52724
2072
25261
12443
52644
32508
73209
64311
25413
76855
63934
62630
65446
39200
18534
2475
23840
31507
55177
75954
74751
35697
48654
21810
72704
23860
30826
43025
15004
31152
49958
55602
992
80460
78328
55866
11213
61288
27633
40025
80618
41569
79846
40883
772
23536
421
39654
22656
42408
33798
9302
7893
55214
6939
15427
49257
52947
60158
47108
4310
41245
50886
30189
34800
34604
9925
13540
70333
34312
63784
9538
31754
16175
34980
43396
43135
19180
10697
74201
31422
69643
59582
4078
17957
14569
33082
29661
15956
273
64338
17517
69221
10233
20555
36890
51809
70043
73486
57669
201
74919
66931
40950
30263
30974
31763
12725
12865
80897
13470
4265
24926
75456
42749
63608
47521
60886
77918
54029
6608
9890
20482
76671
38880
84264
79364
52885
4478
41310
71904
9488
83948
83595
25549
35361
5862
30145
62432
36586
75312
64747
18951
12377
44190
60586
29071
53262
62975
37698
31819
83053
77879
25769
81537
67663
74960
54223
3986
50179
32844
82448
5918
69786
2874
2439
41914
46680
36402
64709
54904
75814
66422
77103
37952
77213
35472
52493
78488
61741
25426
983
59517
80259
48694
42426
8445
71241
80034
39512
18267
84679
4871
52582
25774
7751
46671
46062
42087
10126
28536
15861
23373
7719
33457
38655
31854
15985
6008
22246
16140
42537
21982
71602
27273
41770
40800
34666
57273
45320
63171
79504
23731
37765
55258
14579
47963
69155
20743
52366
18079
31511
1412
69694
72100
48023
13981
37001
24588
76994
47356
43657
44806
76053
14095
22703
8395
82543
15986
1789
44224
79130
55693
71900
13837
47577
26419
75524
37528
44217
37446
26498
45231
9400
16577
3235
28385
50090
51332
60695
33207
31995
23038
75545
44356
40559
1274
18395
41918
29500
45544
26326
42512
75417
10126
56862
25973
6976
36555
31228
77219
59398
74961
27526
30010
20212
72269
62689
3855
74094
25011
76223
77762
47784
28930
71251
61120
34737
17802
74280
32342
2175
70309
31425
65747
51882
23481
30236
13672
33797
39505
35792
1790
75630
55490
7758
43964
33911
73497
21236
26708
40221
2391
10211
16657
11654
44710
55866
81576
32184
32530
78851
62655
1732
62135
9932
59958
22305
56714
72664
58321
56020
72903
46020
55103
56013
16631
23958
82562
18173
26116
8214
2667
70604
83731
74561
37945
4304
54795
16122
31078
80743
17088
13913
71934
60197
61879
48592
72125
46617
77302
49144
64620
77474
17298
38179
39536
18471
27883
10674
31127
14083
81552
9502
26487
25567
10411
6691
18109
35274
12784
19889
14887
69196
54991
67340
72583
78080
53708
49780
56524
67431
42575
42591
75790
17913
9125
65561
46438
45703
34922
54110
38904
71940
49705
43454
6774
38722
17003
77015
81258
27592
11191
51841
74375
41081
58635
42042
81333
45304
21440
13337
13815
511
78755
22432
8211
24583
1669
68387
64837
51450
4961
60406
25088
11556
76573
78578
59450
71792
72783
53567
62563
41295
35093
46574
17818
36819
80841
19549
75292
1066
57151
66478
78066
34405
43573
81809
56349
15856
2846
29917
63889
276
27442
53110
73115
46592
68678
61648
42249
84639
79915
73993
18180
33994
10670
19245
71244
9726
68867
71699
43105
82952
10887
24621
35985
37669
5945
22373
9418
84590
46787
59498
51702
76625
61083
71818
76382
45675
31824
73481
80685
33657
76076
30632
46050
18837
83181
3113
345
37621
31503
32350
17511
2560
33434
25818
71383
29842
19643
36063
40078
335
31305
54526
63431
16324
38287
68246
21812
50393
34233
41523
14515
23618
68212
84184
55064
21405
32015
11095
67852
56982
4696
53956
37610
69149
39932
11530
11442
51777
12255
1653
28108
39895
17396
8399
1698
46010
6442
83470
34858
11294
82363
16570
47031
21408
43041
604
2947
48053
61519
47738
39275
58091
39722
84704
51175
24796
55067
65040
41724
82014
68553
26
52888
27680
8679
35206
28850
54592
77536
78006
33163
66295
36938
33865
23077
26437
47454
36986
22782
69137
55795
67095
60857
66921
70305
45509
31537
6512
30441
69465
63123
73861
25094
16242
64087
37544
66527
11242
18970
78575
28709
45354
46788
34799
34364
32941
38553
21198
41351
9725
51085
52741
39268
26962
17785
71124
20513
27993
50597
18229
1370
16641
42017
43114
54225
33320
38860
34930
36072
38244
23496
25662
29773
74734
18448
10170
61579
2769
9454
27015
45513
47209
68173
10990
29345
8478
82328
65863
44311
45951
49518
38807
44379
883
26955
12296
42438
1994
36316
27266
23717
18051
49278
43679
82077
67823
45187
76029
34011
54714
69290
36412
64190
27906
44538
66991
79428
48447
77627
62127
77774
21459
27304
32075
27352
68755
9901
14724
10961
68939
19434
6973
28363
9928
46201
6024
42168
29551
28842
22786
44673
4035
8735
46089
38556
25268
83702
51940
58610
7146
1540
77048
62833
6768
67192
50724
14981
52358
42115
76850
47454
12455
45194
21358
23190
25538
13597
3130
3969
63443
57400
9768
57297
16361
16907
40033
6758
33035
6903
18802
32958
28723
27784
75222
46518
80300
45794
23998
69445
58088
38377
53670
4945
32442
3921
71889
31969
64411
61214
53820
36702
1424
71097
42160
25615
48248
72040
52553
39832
15058
34785
79387
15893
63029
22251
43645
14424
23554
39240
66534
1109
52156
35715
30523
71871
17288
64538
66834
40249
57999
35336
16321
26315
20048
50354
53552
3438
10410
45675
43613
78686
51064
58623
11662
60571
25989
25264
1576
61444
18342
65193
9230
76617
57935
18716
67958
6650
20309
83226
55854
43514
1411
41343
21740
69546
34320
71966
71410
12363
2342
71249
53960
27068
32742
45325
5316
10820
80454
30781
54428
48612
72772
62382
76148
64300
45060
31642
60411
49720
35549
12044
60792
77231
602
5350
15994
66376
80229
9562
62333
15146
31358
8892
66872
35070
9433
63440
42699
28267
69245
49229
21893
65862
37960
5485
25324
4283
768
61584
17694
70508
22852
68124
62068
229
36313
24307
28647
39698
30809
23537
25642
32646
64918
70585
55503
14025
47381
27811
32069
13020
45029
71475
22135
75356
53494
4825
35200
32657
42174
3961
53667
21994
77702
9847
79791
15775
29404
40041
62503
259
80394
22144
63111
37924
72787
20035
26322
77064
12630
7130
16617
50949
41979
54549
3054
23028
14570
35999
48094
28187
26195
33122
35013
17791
37096
25216
1540
54635
45638
5411
80645
24239
61570
43002
65271
60535
60169
19928
48277
75534
11552
82434
37688
50864
82
63485
61909
35825
14640
28794
50625
82013
84874
32984
65185
65045
8956
58700
3391
77307
78220
63598
23158
41506
31143
26171
1014
38108
17163
42419
59803
19729
40551
83903
27840
75194
1767
14521
1481
46495
25676
22511
54014
45547
35776
34661
12763
19458
22863
22030
35316
33115
59369
15719
56830
52448
37988
36704
44321
43527
13126
26463
81977
18173
31511
24955
77156
25966
24829
79819
23774
25563
2594
71801
21216
9352
53192
5902
33503
41529
62157
60762
81304
60776
40057
83464
16017
57782
52612
51052
75219
6692
51125
15818
9636
44460
82773
79245
58568
21985
42137
13544
58368
70431
75294
12148
52163
83049
74287
52511
5856
43565
74243
7093
30614
60942
45138
73310
75826
79230
4429
34436
70040
64590
16765
65222
8509
70363
35979
21294
913
11855
25879
40004
58314
28849
55268
5053
54083
3497
54833
58868
17603
16981
45251
69250
22810
38617
18517
83861
74295
10350
35858
30051
84148
68242
69401
28481
69923
19599
26438
75444
32338
27659
82642
54363
3513
50036
54417
79079
81149
31173
64881
34496
4885
78586
23034
40918
68521
54156
31841
35169
27826
33761
4958
40717
16668
53363
66374
17557
47448
55691
11779
45330
62927
58138
72630
56905
3265
22340
76135
71551
683
71305
39435
35265
65583
34881
39109
32108
13030
39012
36455
70373
56032
59875
64079
11959
38219
1142
65983
26807
77882
51851
19116
19373
82957
13464
656
46217
39670
37333
82259
63944
83700
30369
3116
18746
60648
68991
52446
69248
11541
24116
44294
34319
11188
72032
9200
16452
65525
9087
33481
803
43771
22123
78095
73560
46438
74512
84252
70801
53724
29899
10930
11854
21457
21528
80768
36910
2338
3702
12754
63479
30922
37729
61096
72602
5740
5429
49885
4624
34567
43745
28511
55125
52023
3319
84454
70776
69352
72383
42869
15260
55910
15171
56662
4198
60944
57194
12594
71226
81890
77692
23718
51813
26234
11615
37321
52593
54010
8676
58170
145
70604
71329
27454
38041
6900
78092
59342
28776
70743
3640
16904
36549
39617
68879
46748
63875
17324
56885
56463
76443
80460
1500
78964
148
41976
6809
26278
31378
51427
7115
54282
33856
48504
55083
8977
79083
17604
27980
84156
65524
45517
62817
7144
68585
22441
82133
65401
53890
56121
72731
43922
6771
68948
25210
26642
51450
7176
27309
63586
535
62547
14037
81019
21787
33183
4331
55845
76470
31204
16653
3955
76953
30520
21044
34298
50429
39626
70552
43279
69118
43852
58401
32440
48463
31638
49251
37130
73891
15734
10924
47098
43781
13886
46902
26176
4181
27646
2844
42230
68064
10688
55418
72222
48842
10827
19525
43409
36067
44855
9716
41116
42179
64207
62434
46356
69787
11421
46233
65714
1042
31831
14541
59506
74696
30959
67818
69581
83
40600
6314
21871
16699
50516
69335
84611
50588
40795
3857
4578
12368
15885
50381
8722
78478
17281
27003
56355
5635
72486
67394
36629
62443
50718
20594
45869
60828
10131
36717
19126
112
56673
78611
66204
12701
58659
18304
23748
22274
6682
14948
75584
7560
13472
416
24447
19122
44339
75424
21704
1699
17293
78313
42070
69459
63632
66599
73959
9365
52910
41627
77751
13568
41334
50249
84282
7944
69915
39826
26959
10928
26734
14434
21224
18135
61492
4335
60549
66124
28755
71980
3312
59759
23717
45458
19747
70973
41607
32666
66693
14183
40868
17865
74428
33192
4634
59016
29957
29113
70574
33367
43287
25491
65539
47510
79829
33320
67653
11728
49842
84127
18964
65628
1846
30650
23372
72545
8223
25317
42729
18533
36971
7038
84488
19858
36505
3715
60601
30390
42616
28196
31665
79645
5727
37726
61787
80389
9052
52569
24862
25166
73248
5767
62986
68052
73431
43346
82796
20426
11749
42576
25857
29413
49604
11205
59807
38242
39291
66438
83695
40101
49368
55949
53143
9751
28173
33734
78964
5170
68168
46685
51020
69709
5517
59913
23089
49375
2703
52657
70290
29089
4115
8402
81844
76765
5653
53322
21277
27293
36996
28820
77673
55273
54296
28952
71117
57305
60804
4646
68897
68267
16534
59007
24875
2305
44556
29073
83902
40114
23033
73461
43042
13187
17516
7926
45005
33538
45201
60783
51606
35871
25385
3745
17458
75288
68349
26393
27504
70047
27360
61443
12015
39609
50858
13605
80303
35206
12032
22793
11612
48769
23577
6784
32471
11435
32740
37000
22896
49088
44301
19234
80398
27221
27262
69338
56534
76211
2650
54092
57586
13509
73285
24895
42632
29875
50383
77041
55707
14969
15431
18343
76080
16727
21732
60527
51351
70077
78431
47180
7697
52338
45076
28317
40304
29705
67367
69267
44234
33329
40964
48788
2839
8184
50623
35577
55002
48491
2777
49448
22381
26540
3132
42103
388
50569
13766
47582
43604
38333
5313
84391
33732
74213
18923
20221
40217
52217
84985
9542
8136
64276
61246
61839
717
16194
12026
346
31816
61014
6045
81062
16095
7933
40003
39460
12086
11682
73154
80345
16827
7503
16254
925
39174
25885
52869
19726
14493
70928
61086
49049
17591
66753
30277
7767
9158
67689
65569
54312
7399
64583
56679
71175
43598
81207
82495
8658
78090
21928
29260
11684
37079
27999
76418
26120
25771
50477
9159
64748
32456
51786
44131
57384
45176
37380
1028
19522
81839
47144
14218
79807
43482
72339
38706
8903
55045
38758
76830
34502
9922
67020
2497
74723
8974
31258
67777
9847
60589
38826
21517
66499
83934
28283
80277
41422
11049
73520
30944
21698
42204
40051
3264
20298
44133
60790
22755
64610
21338
790
39107
73715
59100
58797
48885
37065
18698
61058
59655
41547
6066
44919
578
60679
17370
8207
44534
24327
43468
59210
75125
48300
20808
48854
19711
20909
5972
48972
83717
8148
27927
62684
24322
72045
69483
45069
8667
33964
64912
73373
50928
79794
36253
42282
65594
58284
49785
25259
28764
55864
72208
49461
55422
63340
33057
67102
68820
47525
36316
16504
74653
22625
32457
10842
72719
76545
29491
37545
60936
44575
58524
41030
80960
68352
31370
76925
17474
32445
80791
56409
56305
22036
51662
69895
919
27454
18233
76493
82465
51557
71480
63718
40366
57004
34004
24790
61118
13371
26697
70045
67183
59325
60337
5961
25843
80447
50318
2468
4574
47056
42511
84127
73163
13328
42916
38114
10549
55470
74461
13905
47491
79649
1660
1756
72629
52755
34795
37211
25507
2925
60800
42484
38973
4555
27173
20451
13781
53614
30675
46012
6993
22903
64375
26640
62996
19030
22677
69874
82628
15936
54553
42661
26694
42286
51916
34732
79133
64736
22995
52661
18738
525
40052
50155
1022
55029
4914
70430
68610
65030
49776
21177
56455
72888
31233
68064
59610
12469
61165
50108
19231
25655
24008
79317
64390
61392
39733
10395
60035
82208
44320
45448
44359
68591
54177
80661
84748
30608
36789
60072
25574
32029
70558
47303
32805
77325
49874
8867
35135
46903
24705
66572
3843
48481
54624
6045
76503
47241
80978
24740
36338
65711
9846
16721
44734
11118
19796
56023
10350
23902
61409
38020
71998
74863
37147
44465
23791
58051
17102
27014
7345
53144
14844
21054
24787
10056
11883
62049
77814
79496
34608
20116
76943
79194
6169
14370
8948
57790
73288
18917
39878
70740
29156
13973
83044
49631
41026
59244
15648
77486
52560
45923
47915
77444
45010
15909
10987
25338
54030
23006
65205
6062
69545
61879
518
40715
1756
43369
82163
30500
83458
25435
36952
77557
12912
10026
46429
46713
46655
83067
52789
6090
72182
37576
59560
18928
67751
49101
3513
11785
56684
80351
65777
16081
43827
63408
78866
30158
69429
44585
38952
62619
79340
44148
84777
66599
66202
53828
44926
54769
16206
25899
31529
50723
19618
42024
23846
39336
48160
9036
24038
37906
43195
42239
47719
12628
12809
28860
62007
52409
67070
48901
35375
55680
9164
468
65381
76157
27438
20568
59705
34301
16444
71560
45625
37213
42353
56103
59216
24326
47880
46132
15857
18417
50533
68948
7521
892
59640
47519
34090
10647
66483
16172
77196
8806
74453
70833
66623
47802
66288
7187
41347
57310
7964
83390
69496
18955
53094
22201
42274
50209
54355
63378
79099
25290
29167
21706
34828
34180
55611
66164
36679
40236
65890
21767
45500
68793
55284
24069
14611
41772
57379
49991
22225
45586
82931
73840
64611
53243
37607
76763
77655
33170
80254
31609
15803
21233
30773
51907
52813
81881
77494
21816
27337
14363
60029
52147
28161
83758
69867
46237
37406
18933
33828
73570
78437
39140
8411
20763
16261
35511
7414
28183
11965
78399
49484
30246
55947
82706
30202
58764
39294
77830
58685
7495
43701
21346
41737
49253
39408
69728
8272
52116
21964
72667
30935
79047
66645
26505
49842
26274
19035
56725
67184
8755
9951
14004
38385
12349
50223
8609
12307
45042
54333
30759
55980
65524
80270
48147
11946
76208
8478
63636
78839
64351
26424
66512
70112
51338
14507
4244
18052
33666
28497
14623
28209
52762
48393
65892
2569
7297
50540
8914
69781
67168
77748
14209
21232
20740
71913
38267
15340
61032
59189
25477
21842
48706
11991
13489
84330
27640
8037
23321
46691
13247
6154
46754
39396
28496
83991
51251
74881
8735
44142
53024
76665
56545
13801
2575
43916
53130
65625
63270
51194
82073
75379
66463
26263
15216
5156
63354
25155
80195
34189
41981
71061
46228
29282
81834
40711
83849
41797
34597
52652
6083
2632
13209
66662
50780
31871
16214
15877
65252
74003
37072
53522
10911
14418
48639
70281
41806
4516
69079
46829
53665
7257
15892
56397
73486
63502
56667
18180
825
48055
5535
46486
80368
70150
68983
49271
43394
15241
23089
74814
427
22786
30885
42750
48462
30368
25080
13805
10152
23874
6420
51820
59885
49148
56688
67015
8721
12634
2617
60000
69853
53993
70309
28876
50923
2805
38863
66671
16040
55757
69068
33467
81390
25651
45921
50355
62611
67919
76839
44445
70361
43051
32428
41662
42635
55225
58191
584
24192
14825
37232
70151
32199
2671
71674
66513
75456
22257
4550
76683
25683
58878
36116
21728
19447
38609
69736
3676
25801
67733
76135
79047
55198
21459
78405
52078
23983
30926
66429
33939
10857
76368
62308
41220
15429
34613
9730
52025
38282
68261
62350
62687
53861
66087
49540
20265
69219
78289
35998
20039
28339
28508
24813
74606
50419
58308
48962
68687
50101
51638
46109
60916
63373
55154
37920
35276
79130
78663
1354
39000
61934
79422
7036
70694
23508
16222
49081
62611
82142
81710
21950
68350
22479
41802
18100
18391
75467
75717
35654
46182
58249
60653
37123
62264
52219
68451
8842
80707
14626
28385
6789
28195
20576
46679
26716
36902
57971
54150
15942
47817
3523
1421
82822
74470
3689
59522
78352
55565
81763
29792
68486
34430
33640
41606
10740
55681
11613
25857
26924
73461
8609
48000
57415
60677
6795
17581
39065
56985
55294
73907
29888
7928
6327
36058
78112
41890
76627
10927
16141
15732
33111
60433
8335
26701
53005
8303
74475
81997
37255
16157
80868
28438
74404
80902
34733
58506
6964
6531
1817
18580
5522
15945
56465
29666
12437
83152
28474
16592
37090
40551
68753
30376
458
36541
84539
82517
55212
58899
32061
77008
21231
19246
9252
29745
2557
52848
1058
61943
68215
71766
20143
17802
62033
78836
72000
79589
45242
9659
76230
21266
72307
31973
36021
59886
53905
216
41119
43987
61417
31526
66277
73508
45367
14774
11361
60163
38658
40426
76843
83246
13983
80065
8574
58545
30369
31031
49654
37101
17938
79737
4729
12901
23833
54277
36695
33641
38120
63789
35455
3
74024
39812
399
29399
16763
52209
38567
5008
79534
24601
28891
17006
34817
24137
61836
51091
12437
3840
19081
51340
1672
22403
15391
53253
3112
55307
63082
4685
22578
50313
62887
42969
82885
14841
27104
77868
5424
76692
79858
6148
67621
43727
1831
14760
53569
66793
67787
51469
45504
5402
39973
42288
67242
55231
80348
1862
70452
15843
7571
74351
17228
73231
19595
3808
53549
78769
64227
20000
76762
58586
56166
41642
52363
5161
80610
73042
20978
81038
36168
21347
53465
72769
33253
3572
7033
33329
58852
56011
72073
69632
24325
64985
18385
18691
41934
57742
15858
51232
58797
43517
22149
46536
6951
73776
78300
34172
65840
39766
40105
17356
50807
79073
54105
63913
26989
78956
75524
35164
34147
45937
77459
55160
74077
83705
78167
84211
43646
76989
63378
12538
27513
6249
68396
14218
11937
70544
52613
10498
28278
60803
17505
65557
332
75978
46893
18911
23314
80533
82317
24757
8164
50220
35191
23398
70574
7235
65503
8624
23445
19649
53448
29523
27795
30728
81636
62483
74287
74055
29761
18977
5615
50426
4736
72480
46531
33699
83250
20925
54935
11946
52793
6527
2757
55888
35968
2702
18772
46137
59472
8521
9265
48752
29008
3191
74336
1212
53369
68311
26103
52792
43691
81995
67183
68305
9175
24647
44200
30816
40315
40552
71712
79263
8595
19215
10384
15184
874
37396
58612
48657
39076
3944
46932
19644
19423
6850
68923
80091
54966
26859
38595
71865
21737
75478
28675
55779
74773
50967
61599
26989
57331
1316
28306
57417
38432
71104
22819
40570
57241
39444
11201
56246
37640
54353
78203
69034
69167
56849
64009
34816
27048
58555
10529
67932
17966
82236
81535
58260
54940
33915
52268
25469
75936
32989
8649
76330
5604
52151
83896
61384
11233
81514
11399
28293
23248
60209
35531
14134
1590
77454
24957
55160
59610
4290
59859
66174
50391
30611
52365
15985
25241
68583
71506
81222
4006
22543
80543
18281
48954
39992
59620
59815
13438
39075
43219
44353
66903
72923
37534
64804
5534
26574
56979
82357
1618
2013
29174
52475
4926
66830
8900
84533
6879
59273
80695
59306
3407
21447
67627
77647
35959
38389
6627
48810
56997
48345
14865
70710
75921
45028
79857
56336
8261
82381
48048
81813
20809
51823
16222
23462
41449
3600
42741
59644
40516
69762
34389
1574
32128
1127
23214
46769
36663
68213
37465
34295
4808
69761
52939
22960
17212
21008
74839
25109
22838
12128
20015
49860
70270
13412
69871
43245
37418
14719
38670
48562
76289
40848
21610
34573
34086
83428
21918
30676
78269
67610
14642
75400
13741
44463
17648
33868
52674
18754
84942
76776
65222
10105
74893
75020
11155
43898
74933
43818
55079
61318
28962
82564
39581
80079
12200
70229
10476
70995
32870
16564
70582
66600
18786
57930
77383
54535
52697
4133
59488
55334
32025
30557
76343
37797
75285
16163
84885
11515
79716
15818
4747
8184
15086
31829
62162
75106
38732
30968
22046
1702
27347
10667
82638
35332
18405
39081
23218
14918
124
68303
34281
35681
39155
3231
61719
70345
15796
30028
42847
75651
75015
32536
39915
59147
2245
37441
73549
56126
31722
42219
29264
60442
296
17719
59648
15938
1334
11336
64163
81238
29005
56430
15426
38295
75978
6540
13232
5327
6828
35644
75158
38279
18260
23338
24385
33218
2116
25861
28689
5991
81206
76522
40166
58476
30986
75499
22081
3869
77379
58437
21820
54036
53270
82223
39215
82515
64312
66166
4792
6917
12068
78653
50046
17946
67205
60338
18394
41817
83022
57564
51795
79408
13924
79600
20285
9190
64596
3323
42757
76074
73174
70650
43691
38781
48694
76405
32276
76865
59203
29538
26514
36813
9293
57533
939
74353
82432
13133
61891
43516
4656
31522
17327
12517
1047
60347
20663
27910
4002
11980
74319
59596
19469
54284
63322
58627
15862
28460
45700
66799
24125
60619
50202
2029
65693
39591
38360
57375
19391
13143
30319
23383
7532
44667
34952
9795
42741
21821
24306
43926
66969
48953
16484
30536
20346
44150
46839
79859
42860
28177
78523
52438
83659
19463
72285
58919
39344
81280
13994
40065
14255
31003
69450
42270
81993
26788
24771
10389
26097
30755
54361
77116
8532
16574
58663
66265
59202
22158
80525
53722
43812
69095
29271
34501
62489
4288
11285
52305
47481
82347
49964
25003
40668
13167
16
60701
1400
71760
70164
2192
56662
79832
44384
18947
65272
23447
33310
58412
13681
29262
54785
24042
29017
81346
50090
50621
11867
65491
5456
43542
34868
70116
64467
11792
29890
16013
11261
280
54071
80971
76846
43176
5641
5770
55339
30902
66408
79873
64635
10452
62235
65307
48341
81249
53247
73286
48008
53917
22405
16236
57241
5849
79086
55847
36267
47780
64957
53762
41718
18475
30754
31858
78606
48576
12983
52467
41031
59059
23264
76951
9810
23902
68292
23705
30855
49065
45506
68336
11487
41543
6626
46047
41140
36552
50914
31761
16767
72477
20529
70249
60662
81330
57188
8912
58304
6693
29250
81720
82030
48781
34205
11445
32432
70749
49824
45764
36033
37600
56671
65611
42329
25487
47440
61799
64629
16854
52989
38661
49316
57636
48642
10448
52200
48201
17625
64929
4327
8778
23919
76837
14110
6103
48346
39456
12113
60966
69914
55263
68977
78985
354
59947
61946
76474
66242
77529
55312
82582
34369
82463
77310
44415
75964
13553
13282
30772
19373
12433
19888
64299
36514
3685
62746
28703
47444
36131
31209
45445
2040
61863
49834
6831
11518
78828
27040
53875
63827
25417
41129
7190
27157
73083
19120
658
20602
18929
35687
71799
50190
58453
29127
72590
80927
82478
65774
64088
54390
17962
7803
13348
21221
21520
15464
26352
18039
62763
1109
72663
71472
59643
33557
18297
64427
2766
4119
41600
3658
61044
59644
61374
67917
18656
25367
48516
30410
67802
7654
53190
79757
27473
22180
45426
41772
40734
10528
80999
8130
70395
253
70554
66046
67771
11159
23379
33327
15827
5935
8950
3030
48486
53723
29678
15808
6598
17277
35892
33454
9926
33238
19421
71835
21309
39959
75513
46338
13748
25228
47599
59762
62881
34806
29487
24879
15004
64371
53056
25029
35542
64099
47439
48731
64266
40954
47785
17386
980
62309
63551
7513
67998
61667
30832
62023
40841
30073
28686
41524
23991
6130
71942
6899
15295
67673
55410
80208
84083
36453
9468
61602
8396
33872
73400
37341
35333
68787
22540
55920
42604
338
41876
58734
49389
39895
70981
10458
73753
39942
47732
20340
10764
37685
48927
20970
80547
72037
9696
36893
49124
51617
78602
73922
43176
48514
66220
2969
33651
82708
52851
65453
62869
76345
629
62240
52416
51352
72359
62954
569
61306
37215
47479
76108
43184
38038
11315
7489
81572
62509
14298
44027
75267
61768
55967
64726
75548
26008
2761
79728
81400
71275
2669
15728
34238
12238
32892
72499
71801
30826
78587
31622
71496
1140
22881
6398
51554
43919
25872
68011
22987
78748
70099
64011
62768
55609
84216
77010
38435
23600
77569
35543
40019
53910
82205
15659
30124
33692
44831
20218
25998
73554
44112
78019
35364
58871
32181
38284
54788
52270
77327
36863
78662
40818
59195
55369
27082
48969
12598
83257
75219
45423
84463
47502
36914
64642
18737
11800
64968
21986
52443
67401
72779
8379
11749
8181
34412
11819
74513
23828
6235
18959
27604
70984
64304
43690
36720
43217
21831
22893
50263
11230
43935
18001
31686
63375
61151
63633
75091
30926
3045
64669
64173
10643
941
23553
64607
16894
25754
28797
41776
55936
57356
36341
41874
68858
23598
42609
9388
13535
40922
60991
77607
12342
33364
15555
21282
37103
69440
14224
25914
32406
60192
48809
45457
12733
55030
53369
26009
53588
59107
2264
10261
51220
37082
20910
80917
63314
53811
62146
70133
37671
42655
41724
56456
56019
60821
77521
23350
82865
59264
6788
10055
33358
12445
75593
45851
74339
49508
80533
12000
4066
43202
53113
14158
58038
17360
14630
20418
10947
20565
77490
30413
66132
25939
53216
30825
58731
17184
13886
62023
9843
49115
14760
61224
27265
23120
73353
62174
31305
7002
11842
27086
82405
57516
53235
48701
38832
77652
78823
58356
42977
77205
17084
7825
6195
49496
54575
31811
34209
71654
3558
17130
839
42773
30615
36416
74003
13396
64335
82200
55731
63580
5884
81530
55776
80189
2571
72096
44551
62090
48230
28648
32320
25770
37093
77205
24744
20612
52989
41724
15625
51062
75550
19057
21466
17850
17799
60436
22529
63230
20420
27468
1028
21230
84575
24981
41727
13144
7461
53305
21887
10460
19375
57345
12629
15534
55736
27030
75871
49441
62607
71408
77080
43898
43194
18233
81432
29326
65706
84015
41318
77121
71662
51237
45633
596
26728
25726
57982
49218
59012
27797
14884
32799
53566
79139
76659
5038
78634
51605
25875
26101
2559
2730
48929
17943
18877
39694
39628
4238
66566
38430
48638
50618
7417
14217
15286
12683
27209
51806
78754
24727
12364
72808
52201
12400
3111
62371
60663
60885
78079
59913
25321
71155
6234
6038
53776
72224
74644
48748
40787
62581
66318
59380
12589
31269
14744
80426
49910
3646
78263
32219
72630
55930
75842
33262
70379
18242
6374
75284
33643
3536
26962
48885
3621
59568
72397
10609
49418
40267
890
58359
73234
69903
1853
53053
28552
41662
47784
19893
20287
38424
61295
44584
2510
59864
62890
53971
7478
5969
65360
33898
62637
59875
40279
26037
33251
80070
47146
83174
75282
24025
46460
24515
75498
17056
68609
61990
32754
39208
76028
12838
52691
29351
10403
77882
11582
62845
54431
19378
54478
5457
76191
58426
4080
65602
69403
66132
73791
2459
9078
20257
52580
65465
17781
77500
53090
49748
19645
21370
28375
1127
31809
43521
44551
33190
61792
74372
68235
22804
16997
17825
8815
65574
37936
51840
34569
2920
55410
78016
2076
21657
47990
43847
30660
78005
73866
12781
68717
57143
64541
7270
18996
9417
46274
19098
81311
79378
37355
19819
6064
60242
84649
76339
26212
56069
6751
82263
13114
32233
50991
59251
30695
15654
26372
5619
81255
50482
59535
71172
24422
47430
56541
54525
38764
79664
39988
54085
60254
26821
60350
5066
81873
78955
3423
5611
84114
21520
83649
49531
76721
25899
41015
47154
48004
6557
2566
43682
71504
10163
10727
34419
43122
4323
79640
32379
18555
26609
31611
39422
77706
13253
33375
509
63363
41194
80386
36318
46245
20253
78656
54505
5418
80040
25725
13170
3503
71874
4942
53407
35947
40037
59518
32775
47053
27428
75148
36221
33725
56791
47018
50256
73725
30309
3680
79753
29401
66788
36295
72385
46881
7607
5770
20380
20479
29901
16238
48637
48660
42562
45042
4302
80405
13804
29465
53941
22914
24756
73316
58326
20279
33351
75685
84273
70180
17640
47823
82793
30799
72508
72729
2070
72601
35802
1593
12160
51166
23669
83621
62016
64446
11295
21612
5972
25640
72028
68635
63575
30687
77343
57148
18467
74796
67509
6569
4684
47666
13164
30551
84458
57729
14176
17421
27354
38346
8826
57067
65426
25722
3357
17031
77631
21746
71567
8322
41597
48578
41808
5801
53946
3198
59674
77504
42991
59664
73956
36250
35932
68917
15989
79907
38191
34660
34290
8654
41017
74065
45676
20586
74613
57520
5225
62319
29798
11052
67541
78599
77667
24935
24908
8503
63202
33676
63143
62396
37822
1128
21169
36571
71894
52535
70885
33745
11444
18563
77526
55025
53495
791
5786
13804
77350
6002
1316
33754
41304
45975
12845
11030
13541
41697
16702
79144
3314
1500
27092
77452
75061
45343
36984
33192
5438
43629
28682
75692
30598
4234
48113
77513
9727
23547
20242
4635
17080
83718
80411
48379
34163
55233
53771
59597
50892
8446
54920
665
53648
81068
39636
30165
62024
67785
14500
66343
3056
1531
81846
43879
41953
63830
20887
62859
3359
66903
3695
11189
16615
68559
59810
79151
56753
59668
40059
33111
50694
80154
81518
49965
1719
742
34434
80305
14825
21482
10546
13833
75576
8596
31807
14128
38191
47570
29356
12363
27946
35608
52597
21140
5920
72090
24644
14234
51200
78285
89
34488
42926
18007
33406
58889
13354
62495
56189
66829
39406
67247
64062
36812
12058
32854
64296
68186
41326
2306
24611
8876
29035
64106
33200
61902
79062
44026
77486
60478
75250
10264
51362
16931
1793
83067
25338
14848
5455
29467
53014
26893
30339
9211
81099
43596
47882
29027
38189
54537
5298
70850
13137
28682
40016
46241
7628
80422
69862
19563
9260
44954
79261
43152
32273
67246
22450
61593
10454
1431
16264
29213
30786
20821
595
26290
72446
79476
83444
13816
29667
27505
75870
38631
59929
50754
81259
40617
31198
15128
26707
42449
41265
80656
31995
67579
4994
13764
22830
73613
70560
77449
39722
80691
23830
1610
50986
38137
32867
26369
4619
20089
65276
47165
53422
17460
15640
71712
5201
4381
59568
54263
2546
65905
4450
45269
54105
79899
15593
69233
46848
30052
16338
26635
39498
77055
9460
40254
79213
27018
53501
19383
51669
66681
14502
2835
14798
27701
76202
41399
44310
9834
72552
77849
50270
36990
17090
77220
6779
66901
49850
54009
49060
57561
12440
65776
31282
83014
17930
41966
22231
53244
66697
12408
33964
36981
24347
1142
59940
16887
46475
5107
69046
49052
20585
78609
6515
4764
10943
20321
80493
21556
6721
14872
2719
1504
30088
8373
82879
70292
16227
84694
84044
38808
35354
39971
35862
55545
45185
14970
66625
63212
38262
67641
19653
73222
20023
33003
36798
21360
13763
14353
11914
35830
35203
58202
22260
73533
76428
78213
83909
57236
26332
27995
61001
7292
41182
27818
57989
6201
1988
41859
12707
41427
79112
70101
21999
38110
35695
68931
66234
34676
31522
66400
77392
21421
2082
76355
46488
51245
57760
42933
39783
58708
74751
40559
53866
52922
45575
37881
35494
51297
60750
42461
16989
11173
52780
57970
64544
55582
71867
76653
70371
38046
82809
12313
39186
8382
3092
66767
14022
17555
38169
50329
36523
24294
13553
21336
17801
42241
11169
20629
82781
39732
10300
48452
40172
83800
80479
36925
83004
43563
52641
55157
51070
78282
25884
32577
24507
76261
34820
41018
61202
26619
1075
28172
10788
11806
41047
61064
62780
21282
40609
6378
79134
3431
67131
41317
46459
28383
41493
7649
24254
79345
52235
12023
20198
17578
29551
58171
44193
56765
9334
51088
17665
4602
54434
24074
52229
6810
25716
13349
65143
13067
37467
6163
43661
57190
69669
58010
64159
49326
46873
62555
74412
33083
30927
61159
12968
42860
80869
43260
6070
58956
62143
69757
77614
10507
49265
55336
67692
55541
74268
18849
68637
58847
67
59812
16534
59133
45040
14664
75186
81009
11152
30974
52912
42487
21952
25793
21791
39923
44795
58287
58775
83660
8273
29550
45118
47266
62237
35066
74211
9394
49955
60898
77018
28714
64884
39522
3605
36840
22151
53523
60859
77125
7134
77607
25231
40263
69874
82449
49368
9076
40252
11657
24320
76770
45058
51229
7804
78963
13594
58283
28455
53750
15693
37754
2075
15969
36499
23337
75149
43266
31863
17511
644
13949
10462
8626
8085
7887
18034
32603
36350
23282
56373
2766
66237
50409
33316
72727
62412
57779
36587
13072
55244
76476
22583
21823
69155
34495
15643
35892
50156
45504
67946
3977
31793
29117
4565
29554
84623
1189
42178
67899
29997
49281
39098
53209
14586
13519
73485
39792
3083
65181
44269
8884
17230
73474
55931
56860
59471
1248
54337
28248
67572
12926
60533
36883
1398
67578
38207
8635
73855
45364
1696
2229
22946
57845
40367
39750
9243
41534
9328
59901
76220
7965
1843
83948
25825
83082
48031
11196
62074
83104
61417
26744
7970
35872
81429
14122
36216
5343
73695
12794
81025
26935
44735
41021
32968
54435
24431
66818
15996
33723
81874
12888
39444
58008
28138
56715
45177
43345
48438
39493
39624
19356
46910
50001
66355
53313
42725
13811
36267
36232
56474
35971
48571
38667
83755
49560
64196
17638
35407
20761
22273
43802
10117
46070
42934
49569
60878
18710
5506
35027
81948
23082
35462
67495
65454
36422
44441
75118
47689
50984
55257
20194
25780
21401
59368
6956
8080
27696
47449
40586
17354
39166
45269
27134
35191
32156
35399
15436
67835
27232
77728
59244
72189
23151
10007
47069
73554
1604
10025
50051
69549
294
34376
15839
58440
48032
31108
63933
37290
59946
8915
51635
43837
24109
43230
41749
42114
77052
11489
6845
42316
21350
10142
79087
8853
73207
24408
4531
489
24766
11231
30796
75789
62626
80612
77797
51571
57365
66482
75699
40390
24683
52527
36670
75956
72763
31958
40529
50012
68580
19787
34537
29941
42747
25466
62218
61081
17216
684
71972
68453
19401
11495
55941
24806
35414
54792
9224
52881
68356
70440
48507
45686
53709
49208
47430
31082
2468
60834
23039
22744
29262
68046
26419
20164
77972
24110
66911
68412
51605
10599
5628
49051
81873
32668
78577
50778
29720
48744
33186
53109
77464
32432
21886
17392
29581
38059
75111
27900
78035
51767
40411
11930
54488
55497
67183
45963
3373
81327
2850
7073
70114
49142
24903
50926
72881
38732
39157
24679
66818
36641
15561
25132
53934
71959
40267
64823
46960
38059
52286
11742
34053
3055
49864
17815
41636
22805
13585
21935
35897
70730
16601
54374
59403
40380
76826
66843
45653
41401
26317
8776
64786
80054
73152
17906
40625
48697
29645
76839
79408
18060
57798
52451
69013
67671
77163
7929
24576
43152
41806
82315
59820
57897
51006
38711
57908
49278
5896
41094
12690
65809
23717
59697
60010
12732
38860
76666
26150
50106
58279
7124
56579
3243
59571
75376
33368
52267
38017
69414
76294
54213
46697
62396
1507
84545
29271
68214
67345
50479
19365
42578
26252
44022
52680
63510
55992
46662
50183
47969
78784
50790
29206
12002
1435
29731
67153
46649
10481
63302
21339
52913
22028
50305
25943
35822
72522
40486
10133
41904
74222
70755
66150
78340
52270
74046
22611
72604
26663
14744
31535
60986
44924
24337
7182
7742
65566
40393
72581
67129
63269
38622
17816
66886
75933
45439
81106
41220
55236
79388
48799
33946
65351
51535
60230
51832
36244
16251
57618
81877
45515
47047
19608
34458
60669
37855
73922
45267
68590
968
37994
61453
50496
17246
41394
77553
52308
54244
29816
49179
64901
1254
58832
68111
70664
13870
79033
34745
24451
54882
73745
44847
27079
10023
5124
2325
72008
77636
48184
79077
3897
42381
75908
14393
67532
80273
17711
65198
56311
68923
54556
53559
71643
44778
62099
46291
36917
58357
7251
56404
31471
27271
36876
55005
60569
80658
68593
7183
46369
29811
6842
32096
4826
21618
5423
68800
5704
51357
30985
55697
47865
77064
20707
30979
81079
7763
62925
11402
11275
38031
5641
73485
64099
76494
68542
6683
50332
37646
37034
8363
84123
60658
73517
22024
80292
36910
77440
6143
82982
39916
46084
14631
30470
1968
81600
56812
55815
14052
4754
79616
40908
40273
76070
8647
24820
23499
46996
9285
47244
78023
22820
81486
70514
12427
77788
40505
2341
26058
12162
1458
33802
4179
18934
57691
11450
30710
42415
36646
68263
22026
40205
79817
81533
27093
1270
17735
51941
12137
64706
67375
82196
1640
24025
28451
40779
53420
57901
32728
58952
64076
21146
37244
67401
53599
42625
48137
74801
81358
15684
23844
67978
58402
24460
54682
3314
84562
21118
10352
22531
57446
8948
15614
24298
17589
60007
64567
76506
40343
75818
45503
47425
38032
79618
1370
18919
30682
80114
59605
7238
9405
40100
62987
13573
55078
45681
34798
26111
76425
66448
44544
57145
3052
3413
63476
46169
76978
50785
1806
72074
3969
60232
79708
35851
23489
16304
42848
14023
11385
54253
65147
24679
19295
55929
24407
74012
36827
63897
44945
27633
74577
64811
57553
81692
51961
78603
34951
77877
64957
59356
67436
13279
75318
4883
18090
68148
84107
8392
12689
13190
22904
52774
16087
68679
66927
42922
69603
13665
65957
60848
15175
48226
69659
41992
77855
67160
84575
46192
68018
60930
60567
73347
16612
34151
5138
4167
66085
81895
947
63060
56282
56263
22986
75072
45350
31010
14017
36984
9644
11347
240
65585
15940
38448
81757
13597
5287
43240
11859
81648
36681
66188
33838
60010
41163
7299
76617
53647
27465
83792
876
46578
61126
18430
15573
61648
75066
39140
59913
56649
6614
10676
11744
24817
53428
45157
12986
10100
28669
22520
78162
19881
69800
70071
51773
59077
13684
19761
76799
37040
80827
60091
54682
43885
56219
82553
5252
28178
70137
15793
9324
2496
2636
49552
2296
1580
14356
28630
65575
34380
60173
43165
19046
39133
77348
63335
4281
59617
24716
10205
58655
57030
4965
75716
4290
41281
25035
70481
12226
41170
31478
13878
46558
6233
25595
51372
64726
9598
32446
24016
17383
10294
20834
32570
43380
23450
79407
70848
82525
31921
13343
59610
39439
38221
26853
9583
46976
24603
20034
3029
84621
17972
28741
41437
47026
77329
74726
83052
54380
51915
57888
21101
80615
49688
84697
51397
77728
7850
13543
83527
25990
32857
54520
73037
44689
78257
84038
80496
1798
34558
72117
81758
35887
32291
34739
27915
62148
33890
65075
83979
43312
52510
27661
25315
62026
76389
18973
53039
21757
25721
37079
23030
8727
57325
45364
59738
39595
82557
66404
30595
3571
10382
79968
59299
31845
30548
81914
43148
16928
84211
43300
50294
45556
68005
42897
39204
28212
64977
65668
25774
11897
67165
68819
41322
78372
38994
38983
24891
15343
64518
48299
34380
61744
77695
68687
78366
52827
14683
59704
55780
29579
40797
35053
32392
80613
13290
76576
62038
74154
20201
66919
36286
83303
25368
66903
58119
53530
63491
18620
36983
63898
57848
55023
51639
61299
57230
56141
5659
69917
81484
42999
1831
28817
71830
69523
45589
15728
18729
679
48940
23191
54272
39925
60866
49130
59471
60695
46721
2444
11821
32176
60728
47232
69495
26445
55952
43680
83982
33607
20823
45071
62274
84613
58914
27669
4697
62970
37530
35831
25624
28136
62737
22143
346
70704
12055
50823
5870
27456
24085
84222
8938
56503
29954
19981
60526
47808
73987
72841
10756
57240
83925
36557
64403
44917
45191
14267
40602
79302
67403
53767
31609
66001
79811
82327
12939
28669
58360
59891
19249
74397
38053
77701
13088
8428
55906
37501
57194
5779
64301
43644
80626
40317
60706
6515
68625
13468
48579
48896
55717
68290
38787
46827
75137
9485
80541
53955
26824
56519
48194
80568
39219
40521
12758
50973
26522
43796
23204
76404
34951
17100
4352
5765
13950
28474
49586
39373
993
21172
1507
33151
65295
35955
21071
41145
15300
33848
9699
76430
71916
67699
67704
36803
24929
44794
69013
1792
5221
22291
49467
25086
56705
82599
72025
50895
53475
51658
40904
30366
4694
77963
28745
73596
41619
62460
39499
55228
4102
51342
51312
53788
82995
60533
13231
17832
815
63555
15980
2301
59180
68924
40835
39438
62268
38270
47532
37758
12774
36378
83457
19228
3285
11011
71619
30516
81678
69882
35673
35943
53410
25188
15362
83865
64602
39513
12786
33483
6545
33857
2433
38269
41571
4956
10081
70314
77451
43486
45766
68119
46169
16014
31376
23849
51987
21282
34875
67770
57322
2617
50216
43112
48542
64292
22188
25186
37932
25026
64326
6312
34995
56582
1582
40238
67118
82239
55745
18060
69763
63692
7273
35605
35354
13186
55601
9114
72258
45907
64527
73027
37853
5772
72762
40601
7468
28780
34546
72707
5205
60772
19934
72931
44416
2120
23609
15787
49473
37936
37918
83402
26176
9691
48739
5933
58853
18017
62586
40300
27550
29562
59577
79098
75627
76609
33707
78456
58416
28151
55616
43983
40625
6381
52615
72295
84989
84185
57708
58977
69033
56852
17757
75262
6014
10887
82086
60482
59396
56567
75164
13401
40581
49244
8495
40372
79494
60849
5464
65455
24448
32825
61418
53250
56517
42175
33181
16298
74566
18367
20485
35923
14753
35767
21473
24525
71320
44836
77143
36273
54277
56514
3086
50158
53537
70747
67275
38331
23028
59339
40053
29187
49662
84262
13364
65929
75108
5751
72043
36782
31095
83821
70214
54966
70182
47804
37391
60275
82067
66030
63875
77812
51315
67180
70169
72583
73047
84621
47123
60414
82056
63089
9445
44664
67383
50354
23330
80631
7786
10448
83677
51345
34643
11576
77453
82309
32419
41512
38146
11436
30475
58417
15468
37770
82803
8041
36124
42183
40787
32341
24386
44839
34150
7856
49412
55450
45791
20746
81976
37000
29596
33463
58824
12853
53399
67746
54221
64269
84068
46198
56767
51300
81652
24322
22344
18036
25471
77119
60528
35708
33849
24663
45387
4186
78371
33459
75719
8869
63362
26888
3898
11057
72965
25448
46248
73031
16159
48361
1417
28920
44341
16292
30601
63527
46050
67099
41482
19208
11677
14728
5404
29921
44804
17087
25404
70355
73850
59927
78410
892
10812
66618
61716
12317
1673
44214
63456
34075
29071
44095
25631
67189
82338
2771
4661
78608
42296
83970
76797
55050
70664
72400
58314
78841
52473
30201
61184
27863
17151
25552
76552
61997
11904
50763
17530
24769
52700
64518
20221
58261
7235
58506
7418
36037
40424
34850
8631
72749
42787
83274
56599
4837
62397
3237
39870
39202
19276
82137
43962
45817
6711
2305
5670
33107
9003
56567
37904
33272
5611
18707
37410
31529
38670
26989
9918
30158
79650
50739
6122
35449
56007
84327
6555
15685
38359
3241
27181
23774
36865
27260
21432
48230
3348
3703
67391
65745
65193
68962
84330
70982
64817
78579
64156
26539
68957
51532
55167
70356
73109
2723
55170
72615
41608
5350
64460
56943
38034
14088
49939
60618
69820
39669
37093
16529
5972
33014
40024
59037
37901
74601
40869
59216
37490
51616
5206
33095
81612
62140
20464
2186
20387
84837
47052
61620
37217
18457
9448
59030
18298
9712
47987
50611
10736
79416
79909
5535
73891
5393
32292
63209
21925
36566
21859
31322
65835
33846
1205
9240
10359
34047
83255
65476
57658
43631
74452
17292
61656
45022
48122
54342
20252
75539
34105
49667
61618
72465
58108
32579
82019
43605
57872
3594
74363
74831
52217
75470
68526
69099
79692
29060
18489
6075
8767
49919
50758
1402
77005
51204
55287
60392
83654
59492
53147
74789
51922
79655
66662
17548
18822
45369
39458
82542
81327
28836
65716
35759
56452
25106
17458
28801
71608
75741
52952
29898
54404
61134
54305
34005
33491
31078
30963
46683
76399
76779
41163
47019
58762
77930
14455
44061
42687
31774
14611
24215
44974
11891
14371
66818
26614
3186
37832
69532
60940
66881
18230
37626
73658
81861
50577
22882
74644
55663
80623
35875
43011
59832
34041
58185
10252
78522
6163
4025
12115
75109
42451
53845
50128
12939
69422
65748
78564
8793
13438
52193
72989
23570
63472
67590
78253
43217
55897
3022
30713
39314
6673
10036
71941
76590
25687
66195
42165
54106
35420
5210
67638
4587
3604
52235
57522
23736
46463
59121
4875
45123
39863
30556
31591
14557
58185
75331
47385
9725
9893
22444
4656
24749
81715
20498
67033
55106
29755
44332
59144
26390
81919
5094
46572
50323
39237
28431
8584
39821
13075
6710
25509
20381
45183
50617
80621
65006
67943
49963
9786
17526
32274
28953
3317
37395
68474
35514
22099
71279
11305
74225
45538
18769
53464
40440
78401
25265
21119
71363
44813
84984
4582
57413
28920
17746
1298
40683
55683
14921
57708
18980
66660
24063
707
40313
77339
63727
50369
50511
60343
83873
43267
21277
42710
15505
55490
132
31537
28570
42239
44483
13149
21412
70436
72476
4030
550
67741
78207
78190
26762
11653
59784
25836
41613
79740
29263
33671
42151
41462
14125
26121
7005
61703
27350
81161
20464
26635
70399
38688
59545
65970
33036
80253
70212
71160
66614
65341
56526
12075
60464
67586
54893
73173
31957
15156
14739
30954
16144
81797
23805
33275
14536
1677
33966
57209
36845
80070
35091
50949
31803
82658
45747
81179
67962
1017
58565
79287
35895
14863
24430
42232
6979
15298
58405
46930
35310
63849
24013
62264
11896
73911
84031
56933
19692
59199
16632
76467
84921
43946
50942
79813
14294
17516
10699
4015
44201
3692
13596
62205
30420
27178
15809
72329
73628
31427
62536
72030
80968
68135
70552
33458
26242
55588
33887
9064
22557
16627
49576
21307
64764
1568
51037
20367
46594
19376
63061
9816
32108
71955
34227
28870
77807
16728
57259
19065
40655
13696
28456
55350
58645
43458
37503
35476
57196
19158
51666
39776
20528
82837
6394
73436
29571
44461
21188
14710
45949
66611
20014
53460
50440
5065
25703
62614
18374
52423
69584
57012
1015
12661
47195
64646
31138
30423
59366
40387
72223
62457
71476
68048
25407
61578
25737
13850
58593
61717
57439
58735
51802
15081
81145
79423
67040
64299
65204
55112
75579
1234
79333
75838
58577
62960
75451
81394
9476
7072
41378
81993
610
7586
2225
29198
36200
42076
13873
22514
72067
31515
58482
62134
47534
69679
66019
52035
53801
79492
46606
82265
63164
44508
43590
36012
38944
58386
4725
28829
13926
31506
14023
60789
57478
72861
8549
56108
33278
18272
30342
74063
9677
61827
60944
19927
67483
22247
16967
54
14327
26321
29856
21773
12148
46523
77141
38737
70953
78554
71806
9716
42964
62322
12071
31296
68194
51413
69155
34830
41029
82682
37029
12021
45195
11466
42487
71518
18383
68927
31786
7771
72758
81397
440
65328
73168
55338
79257
10186
41328
40322
81752
58907
31746
7090
32937
28760
11184
66758
49689
28954
12034
38223
73162
84448
18304
84780
20882
71678
4316
63057
18951
48143
13817
27693
345
1557
5434
28061
15539
39553
46360
46622
28999
16038
53948
80424
70902
84168
71141
7309
77601
78338
16327
60201
74008
26213
7601
32636
2252
73652
60552
48859
3682
22052
80909
3188
38990
39121
68327
13008
31281
37356
10807
23299
36369
18017
5407
39262
53780
38212
84293
14078
76137
51083
33954
57213
2923
56879
77129
11647
20834
69188
16438
66895
16528
60000
37733
55383
3493
7728
13260
27215
66655
1606
9750
11988
45025
52591
45717
37210
34631
83457
63107
83804
59787
71345
45717
33968
6151
46162
15445
3736
60064
84746
39874
70979
20500
55870
76062
9850
28888
62542
75468
46253
27047
72876
8092
45070
53691
44413
43804
22982
67665
53274
80900
42980
23045
24032
71814
3012
60849
75819
79161
78412
69779
49225
24369
42673
15730
55827
35276
60592
49860
67455
15539
29400
6592
2648
57187
35717
12338
24479
45631
31960
81921
75339
71156
77705
66849
46571
960
50687
47877
16805
26720
37806
39333
54631
20629
40351
12679
5642
38466
61741
35261
8510
41405
59403
10075
32448
28575
74732
19316
16529
39938
78610
84648
6360
22822
63088
8052
21744
3752
219
29982
47996
6655
23883
31298
55142
76
30031
12862
17743
81245
48766
84135
62544
35070
51250
19806
83551
57566
78583
7539
18302
22473
16202
20180
29198
727
13604
23746
59881
47336
23918
15160
13292
32426
81118
22968
34939
33425
29831
78668
77102
63065
53719
3054
2865
55619
80945
24917
84106
62146
34891
21292
78811
45137
61035
75681
70272
1434
77338
52663
18890
56333
50746
24184
57986
41332
5940
194
48617
60784
79842
54620
18732
32465
10531
77382
38261
47494
74229
69395
33444
63639
60868
25740
77637
39844
41128
19793
34770
70701
47661
29270
57297
6700
44885
8585
16217
24066
21640
74980
11302
21693
61563
69211
37540
84555
52462
41963
17287
18709
30304
37428
45969
30675
75973
17581
82661
20136
79023
83995
15385
79482
38386
58053
18344
34080
49137
45231
47821
56040
76807
3113
18388
15452
52640
47236
75330
79584
45006
3848
61293
60675
67271
8829
35757
33264
64003
47476
65242
20744
8219
29136
200
62485
69877
62783
10229
54693
33380
80415
14787
20297
17468
48791
58888
8153
76276
7291
80162
33759
34716
46875
31369
20132
81342
23249
81397
39658
20617
26725
12334
15184
79008
14286
18163
40683
60521
14623
72394
76119
31633
26348
68045
82202
45996
8744
37870
34057
6899
45181
77857
83026
7023
76798
42688
5124
63985
69884
80060
18727
76780
49899
11718
7788
69426
20633
84654
29608
