21713
24227
10228
57656
37793
34905
44357
46683
59789
8609
9126
138
31930
18478
5443
31617
2673
51289
50183
40626
35983
3050
49976
6024
1001
26315
13623
11818
13217
9869
48027
28115
38889
43625
7249
33054
9979
30769
20882
16990
35114
45583
16481
10476
55537
50907
36695
35354
2478
6282
40189
46540
11771
50465
26709
54446
41345
12729
1566
2728
56273
38261
19002
9167
31632
6703
44077
33605
29301
27552
13108
22528
39507
48606
44640
976
22974
4423
11934
33018
25836
764
34236
49714
53553
20049
2994
53917
15294
14217
5066
45892
26456
20367
13525
58468
43193
29223
11524
1947
35037
35794
57696
22221
4722
12040
45542
50756
52404
4136
59698
34582
9141
60259
58151
41312
43910
58879
21441
25337
58293
17968
42343
14145
29531
46768
36056
60232
25927
53878
38369
2915
52084
59485
58536
45233
44781
5307
42472
31923
32449
4138
43929
50682
59662
40796
5531
35259
55662
55255
44063
25069
36080
38248
5554
49587
5549
19899
34503
24045
51801
6217
44776
13137
33833
258
14545
31575
54183
20306
45953
44034
8022
52560
45661
49114
38628
28417
59595
59910
37108
7340
30672
55414
39141
49782
3102
22255
59379
24581
25294
52760
55296
24842
53926
40466
6238
31824
22246
9588
19275
47553
29829
36507
32042
58847
55627
9217
31650
26863
10467
50293
18821
60642
42928
26072
50807
37750
52192
25832
10865
3306
31008
33845
25265
8030
6798
59312
54072
37064
15029
47620
13375
56203
42201
60204
15223
40810
7807
60356
45812
32947
10096
38924
16981
38974
55322
2919
25786
46996
22947
33154
60122
40165
2835
4264
15889
9322
11876
40993
28866
43017
21377
30171
8335
59438
44080
39425
57434
26422
12109
32007
26838
10095
51781
9264
31263
13716
11404
4495
35995
39805
12475
33681
35003
37962
22233
22284
51458
50176
37005
47033
38433
54005
16422
56124
40861
50197
50663
14436
42086
20574
3833
45686
14828
11705
27231
56916
44272
49335
50528
37027
55164
60939
6685
29186
46512
10079
29944
20462
33274
13014
36164
14842
54193
22576
33231
60612
42807
924
18617
17299
50616
35279
55855
51797
43651
7435
60689
54876
60636
38676
55724
55352
57811
43491
5620
50872
43573
9517
50738
34794
40588
502
286
8994
7262
5487
50417
37615
17039
26439
20746
12569
6468
47597
55763
54543
17253
11835
14535
23005
37830
19910
55266
3778
34515
10458
37381
31655
28509
59650
404
12452
8380
9694
9918
39813
39347
42669
32721
47377
11467
13042
32447
32483
50701
11835
3009
29001
25000
40963
25310
47306
3075
43386
255
45141
40967
54362
46915
26228
4524
14962
40346
53631
30999
8352
53297
33389
28517
35231
16321
1078
54390
23800
36059
17131
52568
49589
12604
53495
48375
29713
49561
12839
40606
41307
48240
18860
47445
17201
39394
5690
53192
42616
8120
36801
60927
36778
20137
9440
23127
5217
20774
35505
31316
54143
23715
56527
34713
7816
2482
48765
51782
19407
13117
57624
59373
15902
6263
38780
53825
22065
40519
9093
46347
3137
8602
53188
29066
25582
25077
20177
20750
24990
45324
18391
38570
23802
6970
35675
29171
12112
11565
40454
47249
16339
22421
10586
22810
50478
45497
36361
11133
34048
46053
25129
55289
43616
35372
8132
58603
41554
34534
34724
11726
16010
59599
55508
50066
15765
43876
29273
45867
37304
52042
34503
52213
59584
5053
38488
13929
47264
29394
1415
36111
41048
50585
59915
25336
7682
20730
53031
26766
39009
27579
23734
44826
37658
48163
30796
15122
56173
16654
26207
14797
43196
646
13268
33388
42105
4018
54262
51839
59783
52381
55730
8321
17215
25870
35566
7378
27475
23056
31623
34559
17918
21397
44474
60375
18450
18972
4938
44132
58868
55099
10200
42004
36514
24539
8137
2964
40028
17103
29329
57744
47016
784
46941
24553
48767
36345
48742
5555
51366
19321
34450
26098
35191
57402
28948
50481
47469
19925
3803
34046
42895
15184
1649
38413
54459
12270
45818
24640
20068
44713
18900
29856
20798
13214
15349
52770
28974
29740
17704
49473
53463
36243
22538
29227
37135
54957
33025
50779
38024
58324
30923
22187
32762
15152
28580
37580
47013
21218
39994
33452
27669
12179
14627
23138
23710
48554
16278
43776
40103
17998
21799
7582
54211
2472
7203
52071
2594
40555
23931
20106
39982
31475
43246
28688
45593
60344
3903
35764
31604
53405
29374
38164
12539
37785
7402
2483
45740
17938
40676
4952
17822
15632
35575
30758
60293
52301
40251
33529
17044
3671
58592
21346
40220
45152
56392
17271
38584
45386
7597
32922
9275
27370
28682
3260
6817
26272
5574
31382
42899
52144
8019
43700
8038
11568
56396
5047
1651
53238
34356
23117
10768
42662
9460
486
27453
50845
60660
27830
10460
34597
39027
16906
37303
17781
55226
40321
32125
19811
49834
47368
53207
42865
34342
6970
23373
15610
50667
6707
8726
51743
16075
15215
37996
9227
4521
25443
36238
59983
23839
52223
8343
47450
52196
35751
51124
47577
15465
16661
32890
14759
58466
24781
27277
5633
22282
39021
4070
37729
34279
37854
34124
13004
7740
24843
523
25490
24397
31573
25298
15482
46397
11704
35462
6376
13180
42358
13524
53308
53861
55934
8260
20415
32211
47601
27729
15500
41707
9377
19061
1697
38780
44629
9681
45761
21699
6957
9889
45184
54979
51399
40022
38962
36138
32676
4566
55800
42263
34667
20518
776
23608
28991
14759
41080
55952
7127
12038
18902
20132
2378
31598
36831
53174
2844
6760
40114
22019
32514
7986
744
49904
24174
47638
36411
50706
24967
10041
9576
56674
7873
51292
36642
35766
34300
13711
34764
19501
51499
29977
23459
7195
42916
33148
36134
3922
26919
35262
843
16834
27460
29274
13215
55103
46990
13853
54641
22312
34254
26580
29771
59248
19141
7306
390
26573
5865
31648
26978
4486
53123
47189
11479
56962
23659
4157
16498
30851
52185
7502
56007
11386
9441
14245
50416
5908
59314
42583
5359
22201
31179
30252
58670
25285
43002
11541
42784
37143
17923
40470
15147
6000
1801
55247
33117
1078
51868
17364
50304
50934
7127
51453
35596
36831
52132
47919
56623
33979
45319
3793
14979
47633
32388
58523
33788
26629
6365
48353
25212
54250
16028
16365
55542
45870
53202
33546
56819
35379
46106
30749
47484
38901
19564
55558
40028
54983
33585
9293
52049
31968
44800
11311
41392
52772
24252
55231
48674
36293
32042
52593
34646
29768
34458
57018
6644
11100
39033
39091
57355
7820
48376
2980
57520
37966
17790
53966
57133
2860
51613
42337
60297
60432
20019
28868
52425
60221
11103
5258
24851
31304
50589
16409
33306
37621
38280
6615
971
18118
5067
23061
38035
4822
39325
43133
25435
8972
24462
14112
47441
18187
28418
23136
2564
36926
52705
42468
41619
37633
30865
37162
58491
26211
35481
11590
53588
57343
35162
38865
18230
35545
43116
40621
16029
35446
57098
31972
15830
31876
52867
34705
17365
8640
3622
52926
51165
1959
15713
50276
38387
34908
54246
1154
46455
5232
24435
55716
6527
14112
40612
58516
58850
35824
10151
59398
33350
31869
2276
3390
58687
4025
37111
16188
57413
39503
31348
26567
31752
45349
56757
5776
19547
40706
12978
27621
2298
1645
13766
15854
11161
485
50658
45644
13570
36727
20617
48373
12002
27410
54520
27925
60626
47639
20447
43550
41973
52851
58071
7328
1618
13390
41338
26803
50080
47718
28802
60825
8480
5645
7951
42345
38492
19546
8257
5334
44979
55611
51222
49734
28245
56080
58520
57334
60745
5386
51182
31187
50505
11722
29814
24803
13926
50654
48700
14962
5014
53790
33425
22368
16766
46909
3226
3088
21470
10435
57732
33588
45944
2359
35233
18732
58923
31442
55434
55069
36514
50806
31713
49590
32469
58990
56330
41685
45441
16767
19134
4504
11585
12556
4003
44792
35120
59871
16571
45736
32921
23555
45702
22171
15637
24911
11719
52155
40144
42421
6265
29902
17601
20832
46796
54387
13716
45940
5536
57371
3830
55023
18156
58834
39420
58469
19652
2108
13329
45705
42661
4852
29738
1087
45101
31736
9623
31000
17052
6616
38544
9236
47673
47366
2921
43099
31883
22727
40692
54599
21157
20527
38762
42065
45492
48587
34109
19508
49000
19344
60237
20071
22629
28457
37133
6067
55509
59877
46777
58948
22187
8695
36439
21645
43438
10151
48390
16524
12217
31846
7319
15245
31379
12687
38927
43002
27816
35688
7031
30815
49787
50272
57760
53211
9198
16002
60790
56771
688
13888
14216
16849
48377
43787
18672
25122
58757
38550
5373
8446
60179
19091
12699
49304
3848
21205
42860
56300
30365
8276
40277
12064
31322
59015
42639
34827
23389
4268
24273
13187
43147
23915
41463
20691
54138
46441
11889
21593
20376
6760
42889
2205
9036
51427
46378
56853
51775
4598
21730
7701
48414
35556
3837
23116
11151
20139
12438
37586
43542
17395
35201
5102
6379
15340
15570
58156
6761
45356
22908
38987
37269
23911
30575
12285
7353
23225
81
32567
48052
35247
20832
37376
45048
60220
41865
4943
19960
22391
38744
21117
27500
1706
20924
12561
23051
42445
19942
40954
57547
53505
33230
17575
56607
43504
28698
28722
15454
25225
56236
56324
23820
14659
5503
38754
41559
52847
42278
23700
31200
41503
54689
52286
48820
42037
16253
48936
16359
6364
48294
39832
32300
49507
8531
47656
12514
5808
44575
11897
20542
25857
27383
14902
50625
27325
59629
9070
18007
26529
30968
58673
60947
17943
16782
12371
2546
58969
49455
33143
59627
51963
50615
23643
7655
21311
31399
36025
17714
57233
26800
42941
26526
1074
30086
10930
43873
38379
26285
26752
12779
1711
58691
40192
39974
27667
30818
55344
10601
55970
3199
14401
50995
4360
38132
685
28841
49296
58654
47103
38420
9457
10364
12123
12202
32323
36541
21044
13679
43783
49956
49292
41479
17309
9155
35358
36027
1415
52993
55919
15510
27387
16218
34267
46723
8966
7873
57564
43989
42979
48964
60646
54354
58922
60388
30142
24029
32550
40872
15584
14367
34031
36309
57727
31817
15806
796
3567
50048
55527
21744
43558
43213
29000
39458
2673
40752
12920
17715
59156
29104
5139
56637
50305
52778
56794
43462
38866
5492
41215
21178
13745
28965
4726
25725
46012
35299
33871
2162
4838
4000
38839
37546
16632
47673
10070
18364
46943
55172
23060
10893
2495
174
7493
30821
52182
13535
54532
24134
16867
53827
16187
28273
39084
18989
27728
18143
33711
46265
19891
13560
26768
4159
38803
37092
31898
21991
36705
22644
5537
21605
10453
56356
31779
5475
22788
1767
44871
17861
16027
43695
55397
10741
8573
30519
47069
37339
36720
25423
48636
21449
24142
32628
32465
24329
21336
40017
58430
29843
47964
47518
4810
55838
36399
24411
9283
38594
44909
54857
20801
21864
52013
20893
19629
53911
51018
43954
36632
12372
2748
47746
26040
40629
31118
28032
11405
1794
2888
15061
6218
55072
24636
39990
27983
14019
31069
10678
10100
26184
19644
48149
58175
52652
19269
1765
28870
24653
11062
21564
51417
43435
25471
9155
1054
57817
51652
5154
59144
2846
54712
13781
43809
40019
1860
54119
51660
15521
4077
27578
40328
17024
17700
60121
4687
17302
32510
9858
55397
52242
15020
9554
26491
47340
45797
38030
40794
16187
49343
46324
23781
20234
49364
24341
44488
53112
15553
36559
4189
58242
51034
23234
56901
6631
4905
25855
28059
35121
36078
4632
58612
5891
25632
41416
3587
32187
1882
26536
39657
47637
47465
9971
16985
47593
11089
34911
59578
19914
20790
18625
38405
33292
56984
563
22158
39417
10192
54604
58544
7584
19896
16676
30825
20723
5471
27522
14917
8828
9098
1685
25926
26531
57998
30859
3768
14558
34569
36745
48387
59254
12400
60672
49754
33810
10179
9312
13000
10450
12765
12044
55546
44033
57752
19025
11055
872
54581
1692
33573
41683
25665
4096
11333
13299
2043
44824
34174
11047
17617
53855
52743
25975
10755
32617
15126
26167
31023
58342
20142
25357
53219
6587
29365
48799
22978
48484
28755
47108
32821
36930
43870
1253
45531
46373
19467
30847
59283
47534
2071
51976
41934
33068
24651
27787
24066
46521
28446
37962
23176
53375
6300
57239
51623
54941
8660
26815
23154
44752
55208
11059
4332
24024
34965
41572
2580
18400
26186
32379
38955
51761
94
27443
9634
29100
16186
14548
22289
45186
1029
49972
21898
8770
44886
39723
35604
57005
37516
14283
8972
554
3786
25794
56925
19073
47302
4662
6904
4678
60592
37732
30807
37549
46160
26005
25483
36484
56088
21414
30885
51953
25561
45026
33425
37696
55761
43918
41863
8369
57265
29369
41123
52221
55109
4397
16373
26883
11165
25734
30107
27043
53297
574
37914
6541
34017
35171
59259
21975
10369
5958
28777
27914
41860
4833
46993
6384
60720
3972
55579
21916
25279
47483
8885
33389
42838
17320
8791
45224
58990
16576
59913
34722
49599
39309
38544
41391
55772
8872
15295
55225
23266
58552
48522
39561
59547
17956
28910
675
8575
32824
7541
31961
40522
30167
9782
36631
72
22022
18160
14670
28908
11161
14918
33479
44912
14548
54654
14901
51759
7568
3260
14655
60782
14560
1380
24729
39329
15518
40501
20519
40675
42567
19632
8982
50349
36512
7112
38662
37847
38276
26587
10999
15460
51259
534
32038
5143
25400
36416
5733
33668
49567
6533
16869
19298
25425
52298
21456
7892
17589
14800
44535
42366
34293
33985
21573
15437
31306
8224
60726
33071
26517
34229
10712
35298
49804
41430
45244
40033
57101
27857
40545
49840
25849
1941
33918
22584
52696
60985
13425
17462
37813
59716
39232
55790
37197
7676
43467
46366
10594
26986
33076
36317
13622
54970
51637
20242
42143
57568
24317
5040
50334
2126
54702
22303
21475
35258
35830
45590
31184
45652
30959
49220
25960
29533
8933
30487
12636
12659
4260
10147
10010
8834
20756
22404
52859
3981
58122
41623
45983
27393
35972
6482
52136
51090
57824
20
41719
43478
13377
43815
10398
20904
54624
51146
32971
34640
60483
41867
11326
44197
36604
32538
27904
3612
31481
10080
13432
12450
49139
23262
37811
22501
30101
18034
16838
34097
26843
27709
22795
17159
41124
46920
53126
40888
15774
17300
17435
18303
5421
6096
51494
48644
15519
49405
50863
47860
14047
18606
12440
30262
50620
18155
50356
8569
21021
7021
14949
5017
22203
52636
52482
49872
4179
22867
57404
3945
11478
3301
48387
207
53583
12297
27529
37956
59705
52585
30619
5135
15258
42673
26784
26660
33832
50034
51063
48471
9759
7774
28017
22195
34620
41750
48808
1789
42336
11303
49339
46814
46036
52075
30607
45853
49878
10875
34987
57562
26086
6978
15192
46015
45495
28933
7187
30922
42973
30679
39201
197
45431
55129
32486
26054
30577
39198
26825
41625
54002
51869
30263
32396
44812
3960
54995
42603
58669
30697
48983
27426
45649
22947
24042
30849
23506
56918
7870
54249
31573
59469
49020
28709
24602
25346
11127
11540
42552
1066
43065
46346
27314
6594
32446
32718
44314
49736
24387
34247
9857
14687
18946
34295
28112
13906
59126
50705
52022
27457
55821
13327
37590
5689
23862
60548
14027
23406
39984
21161
451
3612
17405
13411
47166
40387
34130
48809
29346
2905
17284
26723
39861
13505
54864
51846
9637
36201
15534
44892
7063
6889
44883
7856
39842
49535
41602
12735
6383
52488
25319
33346
37840
57913
56128
13968
906
34835
58728
33424
1296
31637
240
35141
7133
9820
29484
38786
18382
50133
54392
42924
31473
57426
19093
29391
12838
60579
51156
25816
1137
4124
10174
16026
54433
57061
24102
36221
57928
50527
17451
19920
47311
6281
12821
32015
44206
12202
25363
10840
48037
24737
48759
19879
40161
9609
32479
15001
38118
5064
36569
43813
294
31591
51650
46326
15675
49579
57339
28518
3127
45970
16688
14149
42797
22889
39750
2615
21931
2306
51457
11819
607
49291
10311
34599
47259
50721
32108
39857
52758
8068
15451
23545
24281
36155
15094
28218
39290
4881
50187
58319
6056
7567
45875
53498
7500
51649
14031
35711
22833
50973
40321
31112
14720
29117
58732
33122
5170
26134
46545
49420
44802
32361
4472
9375
30526
33735
55295
25241
29394
29993
49330
48700
27425
1125
44703
16731
18682
29340
56268
12085
28595
34505
51208
46002
37284
34748
23771
56954
35482
20204
34610
35557
50558
11212
38787
22989
47362
58348
41649
35655
30919
38680
43348
45513
5542
33533
43177
37141
39761
25232
55010
45196
43253
4801
37009
13422
27735
18812
50950
22037
34528
16136
21250
48129
28470
9648
15168
10710
45912
6576
18031
44122
33965
12129
42974
25490
730
25101
55765
1612
38046
27519
23123
49903
46636
52897
42802
4831
43053
24625
1227
39797
52047
39301
12662
25227
1501
25307
58779
45077
57828
22277
3126
52587
16576
41442
35739
171
6465
34304
20934
3715
5757
41093
48365
5412
11395
27309
10940
58754
37353
37030
40317
6944
53667
4807
55170
38400
39505
6855
21296
7504
24899
41498
23330
49168
32204
22277
48359
17608
23480
44179
28545
56591
16962
13264
22627
8094
36991
29786
54350
51386
18025
4664
46376
57593
17265
2763
36761
30180
12932
51833
51675
19298
31744
30152
13758
35533
14020
49359
22470
26781
38474
34712
922
46155
4809
28098
35913
51705
4379
43035
16122
47340
59791
7747
39632
24891
32308
37676
13624
3186
49700
32125
14617
42655
38608
40677
3663
56333
26550
11732
54324
24127
46203
40781
46076
57332
10838
57256
9163
3128
9483
33917
24957
46276
50081
36075
15921
8980
22433
37830
59747
52294
6987
18014
42677
7370
27718
37332
57121
18733
17572
52576
39133
47496
37176
47773
5372
16485
41717
34374
25341
13105
15428
33443
25802
11429
42617
40651
6160
30687
26075
56869
52869
9621
33542
10890
33667
10337
40151
4057
28423
5040
2107
31534
57558
46581
28724
52701
36286
57595
22929
7472
24428
6191
2961
48704
4391
35155
15964
43873
24663
44319
18022
40822
54035
33627
49329
20107
4167
28127
34558
37521
21278
3323
54727
4083
20474
39994
22036
51424
60197
52153
21720
59802
56378
50998
44175
52259
28789
42188
35943
10943
32940
51842
14503
25220
1313
36331
16752
55445
13565
25696
45103
2943
28346
39649
17188
17579
40605
14588
60507
5346
31798
9212
17988
52535
16933
59778
47881
44381
60683
32497
30404
26897
5850
5795
18082
28827
55058
21113
1559
15374
50561
32600
42319
22999
12246
48551
33094
45938
25843
50429
9702
30055
40364
50871
14611
50892
20688
57175
56580
31132
32019
41816
4472
30509
4069
11838
20425
44999
49939
39403
37098
18553
60552
8387
1649
59797
48367
17001
44529
12643
23840
53834
36448
35788
55349
10495
12895
20053
19127
25377
47323
56995
57386
1285
51142
33741
53089
30319
9547
56005
13320
27058
7013
42497
33068
50669
10434
49342
21609
40482
18129
16444
50584
18000
50077
38188
37594
9368
1109
39805
31510
10380
3578
13031
42515
43699
52052
47551
37651
2482
19673
29088
6940
812
23643
29891
34915
50738
51877
19661
28463
54758
42010
10967
60248
7577
1394
39835
33410
12501
21665
36034
26370
30356
24750
60786
32403
4311
33717
41829
525
33867
11761
23917
40660
33717
1346
43187
13600
51790
43990
56886
3622
10442
20599
59137
27314
30371
10010
60533
48671
30458
16503
15702
34621
46893
23474
2130
19614
33156
33956
53931
54141
47702
10118
31702
26259
38632
6148
5428
49703
24173
34394
41478
58034
52666
42454
35397
8332
29456
44001
37255
27782
35388
56131
32158
10877
52467
40090
24306
46903
38991
50423
56871
49926
13967
33077
1945
59486
53554
13806
13956
4413
47412
12628
52864
4894
39441
31849
6441
10945
12534
25708
13140
15259
35031
57145
46990
45317
43899
4595
34039
26211
46475
5608
49275
37828
11434
8313
40033
52865
29983
35493
5461
15532
46493
18617
59280
36271
44179
55062
1799
10309
39407
14487
969
43985
4326
5365
16313
6577
35799
60840
6972
44142
25485
44028
11772
4683
14395
46495
54395
7864
10297
45347
12260
40954
11173
36404
59450
17312
53549
53735
11532
28972
35585
37844
7576
16981
26830
45674
50500
20141
33188
2734
2805
36107
45025
34632
42438
58112
30886
56002
13690
58710
303
46901
44396
34065
47120
1041
31043
22606
60843
13385
44780
40843
55711
11713
40799
44786
28378
19126
26692
2581
47158
10800
55062
41495
54802
58046
10965
17373
44895
45382
16498
17920
29483
26775
50555
35863
25555
57397
25966
51309
7384
10360
52466
5732
10172
35034
8953
32173
49966
1339
9802
6934
8706
21867
37668
1374
18868
44163
44596
53640
41658
10880
25567
56825
34537
1485
1971
26703
37672
53707
35807
48073
34041
29048
11516
45173
134
50602
11547
40714
6120
25870
37853
41755
30610
33114
28337
48755
220
34675
5136
8283
47403
41995
33685
33814
9926
36930
52097
36350
32788
25160
4155
45205
10425
2189
56220
22921
36448
26637
19287
25732
9937
58580
35663
24199
18483
42713
44892
33339
24053
10722
2077
22876
2071
2988
873
15515
15230
16348
26265
22830
53860
49463
26893
12814
29957
48435
54359
10916
22341
50560
18508
59352
52464
32319
38350
15064
38570
49477
31326
17690
38389
10011
52335
8855
15536
2726
6662
3859
53036
42774
36286
21773
31850
40205
913
999
20968
18013
53992
53210
31931
16302
17643
34690
13903
38044
55188
44921
49953
52041
28101
17019
40701
46940
53274
29358
29811
43997
15065
29515
1884
16603
13334
40141
46347
7141
9843
23565
49151
46937
43837
7072
44269
7660
27073
39142
20394
48639
11501
48383
9222
43002
31004
24163
33515
4999
58281
2622
5045
43334
52909
30719
44980
33681
11939
52732
26084
25515
30040
35540
50214
19778
59720
24056
46399
55589
26075
59351
31582
49235
29343
17756
19707
8699
28119
52870
8763
33666
42113
49140
20848
55076
34398
16123
7181
10354
14810
38901
46831
16588
47283
33456
52583
31819
34678
28592
6765
42541
43428
59441
8614
5246
38956
11662
41846
6304
27315
54519
59992
45279
11534
47539
7777
5836
17336
818
14301
4003
36047
33588
14314
14915
21384
11548
4153
28185
25611
37787
10219
36041
2489
37522
11359
38651
12681
35376
8041
14742
2595
39211
17047
48867
11332
53823
43789
60241
11040
3768
14920
22832
60653
47798
29903
2836
5275
55956
52478
15344
31098
325
59029
3764
45917
49804
28165
57701
60346
44501
26298
15432
17027
27582
29059
47555
15094
54388
39902
57855
5448
47139
23673
27893
35393
21669
49812
24348
20529
32550
5074
41293
21073
25178
23303
46283
54515
5588
24595
34066
6395
49132
3187
38995
51015
27043
47689
59209
22474
42526
24378
2267
49094
55381
38357
25206
34519
3839
10532
12550
44653
44100
54466
13058
21242
7406
35133
44889
51378
42917
60189
41444
30207
2798
20514
2594
16316
3455
5548
2618
10690
32633
23507
60576
23638
24626
41039
17687
19323
9615
40770
42887
59820
11379
51978
14883
46426
31126
50083
3971
25843
31564
41664
11385
13452
20632
12330
43945
3045
8349
5057
24130
1042
47146
37679
7699
13243
9488
11564
34948
13505
53569
38580
37666
45608
5310
46277
58086
48996
7916
50637
49411
17524
47053
50432
58811
8572
31599
6574
48149
32262
27107
46539
27948
10144
13716
53240
38495
19761
14161
31136
25960
46236
53113
12093
21428
2703
4986
59960
50998
54766
6990
2583
11360
13568
48291
38152
58103
15179
19173
30012
58537
14124
25386
53455
34246
42974
13338
30692
2992
1292
45585
38406
409
56578
46787
56872
22776
54788
25499
42054
2711
2906
28207
56877
17203
35860
32131
5125
32889
11359
10224
1327
51162
59498
51993
1113
55099
28602
45258
11030
42971
55664
12966
50810
20681
32237
12067
32451
2466
53748
10172
43692
10780
23389
39851
43867
46730
17050
38129
25546
741
27930
24083
7331
19891
15036
58106
7036
11310
17317
39120
15417
60348
12290
27234
59721
3366
12089
25350
55833
25775
37770
16370
48165
52675
15867
20438
57869
329
52584
47696
44956
58175
17090
38186
15275
47328
53230
20002
3236
33285
6310
18302
20307
16565
1589
22281
40126
21034
18044
42807
7902
15786
31106
25409
39390
46126
59536
36565
22991
56131
8441
17101
366
12074
59841
32850
47573
6214
16221
37381
44198
25026
54176
25561
52239
55028
48494
4897
15366
44474
6200
20362
33726
10239
1328
284
54162
42634
11567
7562
4662
42660
35578
45803
41949
50492
26211
6893
39676
36592
9772
126
47342
39186
8726
29038
37849
24117
9111
59540
13749
23562
43226
57131
52709
57243
15297
55504
45822
12764
24989
18603
57516
58089
3958
25936
58740
14391
1262
60177
20068
22107
25519
14545
50215
37241
42157
20624
44980
52371
56470
42454
40574
286
23158
11798
33879
22842
46327
5497
51949
36054
14190
12555
13766
37925
47593
526
28736
13769
41876
4745
28305
40306
17331
19820
52685
12363
27825
18459
47230
14906
30182
58452
57926
51058
24232
11695
19136
50039
13609
56010
39284
373
48998
11990
37097
41660
20047
48625
35948
4604
10050
58528
10519
43890
55122
51097
46453
34236
41605
33027
18594
21519
3132
35330
4280
56826
1787
50523
14932
23846
27928
23144
6918
23068
28848
34112
19039
9387
42653
12958
1669
42245
51500
48957
47730
6614
51362
16093
13859
31288
12919
34972
51732
12557
17083
7772
53697
16178
14444
51772
55855
8027
37002
6486
47304
6433
7994
11205
117
14726
39430
1937
9879
4977
19229
7177
30918
29082
28623
5467
4234
56091
24521
2442
19448
7424
59311
60069
5900
189
54759
54736
17701
50811
55298
22954
43350
12559
26462
38410
6880
30423
20070
5254
29677
55018
48715
4185
53199
12491
11651
16096
39215
44176
45608
15874
28378
58669
59100
11498
59702
617
44096
36626
11154
32058
6980
27254
55331
7338
40041
10946
38346
7269
2330
48968
21395
20709
56696
32514
44409
27316
60956
49488
46821
46853
39208
29711
13302
41296
52079
10990
52426
32888
51147
37222
52194
20099
25237
33758
29723
33485
60550
18680
17345
39081
8428
49804
52790
1069
49993
5174
22144
30361
37670
50094
11849
45900
3068
27085
41312
59603
31955
5223
58269
50087
52443
44689
11169
11218
38376
5831
20963
30246
4731
35610
31559
35793
27210
28957
48618
34896
59410
7571
25
23583
34515
26639
45214
19619
58482
40504
18900
6068
9740
15350
56546
44627
41573
40565
40299
38507
22769
17381
43183
30247
52346
22035
33170
40776
53368
40393
32178
43697
20534
10908
30486
58441
1241
4175
41313
32996
12068
52260
29606
33583
53190
16106
49990
31078
12853
22464
11028
41588
21396
14108
26170
3077
60160
29240
53909
1371
28368
40777
30762
25588
29923
214
57316
4916
23971
37154
56502
54636
57383
29253
53234
21143
39622
19653
12396
27581
3943
18220
30681
44662
60646
11679
41785
21084
34169
51979
19003
6733
59744
4612
33848
28956
32715
27
21663
20051
6429
19691
40720
17399
16190
41888
50276
59656
38591
39340
27041
58708
9862
4527
2500
49719
21826
58307
42935
13952
17592
42066
52130
3291
17491
32868
30005
59862
35099
35832
436
55275
17268
14326
6587
17561
45911
14103
1312
40975
2301
32506
37913
47127
20008
57964
60642
52010
8708
39491
22433
31557
51954
32703
59013
29392
43238
38838
53856
1023
28798
57210
9525
54079
39267
42497
30516
22630
5676
27224
507
35271
30989
58709
2175
40849
33327
1848
11960
8564
7953
46276
32114
52895
38908
3032
46031
15984
33892
25309
6738
10473
16466
31604
22423
51643
6454
3094
5015
40978
47618
35310
5191
52229
40570
8294
27519
18168
7383
17437
40088
38792
45563
12266
36247
16586
1455
15072
43830
27192
35041
6062
18130
13761
35801
60770
22719
43708
48281
40921
6879
10593
49765
15381
42137
56820
2208
3876
26270
6863
41766
28129
4567
44370
54056
33097
27795
50154
38554
26820
49173
33387
11425
42877
4313
11339
31408
12120
40167
22741
24369
3224
47520
21535
27112
4962
8918
24656
23371
51913
7080
15929
31830
29710
23618
49215
828
46188
3379
11994
41648
38742
38448
57046
51344
24454
60614
55907
57843
26746
7164
12115
31881
41476
24367
10455
40065
13271
20416
50630
18696
53066
14504
25355
59989
1842
45411
4490
13938
40432
33330
49488
53116
23187
29939
15804
15251
45828
26475
35421
25397
23821
16627
32705
5189
5420
45680
41991
34882
54610
30148
24369
24466
2026
22987
29402
43853
39712
59424
42248
27925
16568
31853
58078
60347
37728
7281
17593
8685
23363
9156
44109
21075
8491
58678
58371
7578
650
13974
37809
8072
46221
12015
51334
20589
42878
6372
34224
30442
57748
40507
14156
37044
13905
49280
13145
47385
5528
10632
51034
9635
38353
34518
4038
28954
1394
39803
4510
5643
37339
40342
28474
50918
60166
23803
38136
21022
30754
44175
17482
9506
6323
2338
30915
5800
40207
14317
47678
34257
42591
15835
27258
30480
4656
9828
57694
54915
48829
31101
40965
52084
43443
32011
60374
10362
24856
28957
38739
52928
16497
29978
28348
46591
23455
120
39704
42231
37445
7563
2791
59752
43329
33134
40470
32176
13076
33660
52511
35109
28384
39543
13885
24377
12109
25394
52057
27366
9360
14914
33292
29159
36328
11334
57370
8414
4566
23072
36319
54652
28256
39892
53865
17651
26530
3053
921
49727
27243
38751
22127
51147
41519
38855
21529
3655
31686
46150
43743
60287
72
13052
56078
24895
55923
43346
13160
13627
34411
43584
22933
547
60372
60173
25656
52516
26311
9412
20343
2785
12223
7667
55416
11840
22119
51040
13613
2057
22930
59020
5836
60025
52750
24809
3158
11477
12493
30208
20994
36698
20530
32386
42413
36769
23701
35153
14839
55591
29802
39399
32557
16427
21588
30772
49007
22921
8242
8661
47478
22235
8460
30263
16204
29935
34500
11052
60591
55396
2115
16772
1699
2318
51639
29748
10099
26633
33974
11612
24828
58794
39305
33354
29295
58040
3512
43349
30992
43354
35494
49052
863
23498
10121
52404
26979
2471
58360
37728
4070
44608
49633
28867
8585
33332
198
42393
9492
6679
24155
15859
5202
30791
22583
90
10031
50813
19773
27227
35647
13094
19534
31104
11677
12697
45476
38695
33660
56115
32013
8963
25006
14230
35994
55608
58174
57656
29907
54381
1100
7272
3066
8674
38044
6899
45568
34569
7203
38388
16039
22713
9520
60403
41022
54340
48019
14292
48082
13643
35037
2032
54631
50536
19323
11737
19459
13544
2224
44494
21027
7068
34845
21566
9765
49708
19968
5362
49209
22940
17559
14827
47764
16387
46247
3347
46298
38926
845
30975
39375
684
17224
10730
28547
56866
15353
15605
12760
2255
28137
57065
7345
18081
693
38967
58040
17110
43096
9079
19188
39871
24174
25326
14646
14335
18368
59339
51142
24305
23184
26823
41335
27087
48763
36140
42763
19511
58734
6510
59556
32432
53886
19631
58657
35618
59720
4303
51177
21587
58257
5144
13270
21478
52676
38999
12361
21751
16702
10102
22567
56425
31695
13839
27285
52352
52128
5883
50597
13274
19459
6561
23068
21007
47163
57394
3671
39810
49161
80
4010
21880
35800
10527
35572
14670
40598
10076
58675
43287
46431
35250
25799
40242
28191
11603
28246
29082
52300
19779
11139
33591
17998
27089
12540
42633
25924
4799
22775
48469
31500
55576
15671
46209
15599
15281
273
43673
42879
49688
40293
26364
45789
50065
46244
59216
19627
15736
42589
30705
52971
15248
17163
52713
32394
27178
12527
18578
46853
44833
10693
29383
49350
60058
621
51296
56875
33890
39385
46684
12611
2239
13166
35681
49006
4304
52225
1271
16928
28577
37191
48074
26825
11310
20665
52222
8540
344
55482
40197
39882
40910
4190
13508
36146
16507
57904
24428
31440
31429
6312
3108
52119
7726
37280
56531
28316
11963
25522
45211
34873
43794
8072
29801
27570
5528
20663
54745
5439
20120
57696
44415
45446
36384
35420
14064
39805
54862
25324
37207
24385
24991
49395
39395
16630
8056
14144
17125
17460
11598
25283
8304
48818
59631
47163
3233
37857
16443
52954
43542
50640
38621
18598
44483
11095
4780
7221
30599
53194
4951
1212
39109
10868
50749
15204
60591
27509
50249
53066
7020
42370
32316
12321
51450
31776
12549
11045
51815
48732
26003
50455
46001
48954
28316
45056
57398
15240
60062
3620
60293
47749
40426
32821
14499
9204
4336
56049
37586
54391
55174
13577
58796
874
11674
36190
56445
30678
29263
28458
4030
45782
9540
8736
47054
54049
35407
31442
49779
22796
18257
58005
17302
28723
31475
31179
13621
16356
5695
27581
12210
53105
20217
18898
49592
45000
39300
27120
3957
45464
1361
60782
40139
1114
21282
52635
5505
1626
27380
30887
22687
10024
47427
33221
52807
49575
26447
42049
25518
47626
15004
41795
29081
8198
7736
44896
41253
36944
2958
54386
20950
54075
48671
23756
49737
12982
25816
48627
2222
28112
30382
26116
47789
36073
46798
32950
54154
37534
18713
57116
23818
31952
18837
41954
53709
34082
45903
53088
29678
16989
29395
3520
59397
59898
6318
35760
16925
30340
13851
51573
3241
55759
18066
1060
24594
15737
1375
9990
60132
51059
670
13511
19151
24899
40812
60131
21704
60546
16624
10430
16855
7389
25689
21910
16044
10602
14009
43928
40779
2593
37759
4411
20086
54740
26211
40348
57018
45909
44770
15623
13969
46530
41049
4568
774
51551
48413
24339
48072
6937
59753
13966
19789
19954
55018
26360
8104
44422
19236
49574
10950
22977
43416
34338
49705
1699
3565
46392
56903
55017
24378
57647
14589
9728
57662
38432
52605
17016
44198
53095
44784
40900
55477
6395
29996
40090
53883
52267
49941
49707
47188
13406
50106
12648
3105
41583
5975
12062
4356
42476
55304
54969
40500
44385
30653
44889
16089
20094
59528
45914
22681
6738
4723
11246
28649
29610
22727
40703
36047
45994
22920
3284
58628
36758
41148
11426
6327
9717
49946
19348
19428
41611
30511
18032
24212
5298
33555
35551
12870
10212
9026
38529
26211
32496
11103
2379
352
11206
50987
15262
34444
35272
25307
18605
13304
42648
9728
39763
32542
29456
30239
18630
8754
49986
16808
45108
14702
37692
59860
22448
52642
39415
20344
28057
20760
33877
16583
53688
59886
37092
32403
28508
32636
38635
21044
53363
30637
10408
55137
21423
53930
10052
35882
40010
33106
44884
38033
30864
9078
48141
21693
3720
30056
40810
29558
13758
20164
17877
58471
18416
57863
7648
2172
30123
42948
35686
5805
58881
23973
15140
38499
18513
30511
22229
19608
12188
22862
41438
50427
31983
32807
34311
50448
22114
36957
51667
22638
24851
8930
3980
11850
60632
4663
36165
43578
58175
12504
24110
45339
48220
57366
39950
17979
51455
55336
35896
42579
11790
51628
17964
15268
1150
47982
36488
12043
46626
47803
48323
18967
50726
49440
36271
4494
32027
1539
32600
56287
49942
58931
45997
1507
2167
59988
44394
14293
60483
38266
36271
37928
9351
6039
52129
17416
56386
15103
13395
12960
40477
40168
50313
44707
37185
47416
1336
34182
2277
32246
41789
10506
27259
45979
44729
54719
59942
58753
19221
59644
22443
33889
31920
58444
31552
40971
44242
40874
52061
3150
37356
53429
21766
51607
52895
42646
50954
3734
693
34326
10827
55917
59792
17509
41778
59146
14469
5197
32326
43067
31963
58853
10873
25673
2014
40049
12255
19181
2131
49519
39084
56654
53872
40084
29873
28069
21394
9829
31387
31264
10481
11242
54176
24515
34348
22908
6710
32117
41212
23328
1666
21421
30072
43723
60626
27949
55741
37213
4904
35271
1607
39002
20651
40933
27601
1019
20483
8213
46413
32004
42865
984
49960
38022
44889
55124
8349
54412
17461
38375
5100
35491
15551
45636
7015
7787
55074
28386
27705
38202
44062
36927
40540
43064
11574
52557
15749
19837
53703
26083
5741
21230
4616
11492
48999
21166
3089
35764
29593
37385
46337
35566
49633
28284
13360
2970
26565
51936
58365
53108
11359
35734
38925
57713
50435
46964
58065
54635
8687
30501
5162
1987
45950
60991
37108
39429
47472
10054
15284
26559
51026
52070
1095
43220
22853
46557
26833
4213
54934
655
51103
57063
26481
31243
54073
7712
2931
1731
57855
37682
42627
17433
18551
53210
12515
36596
17465
44250
20473
56530
44439
27322
33444
54912
8508
11158
45326
51508
43167
18065
23213
27563
4316
55983
20805
41423
42679
5568
24326
32232
28774
15304
42941
30636
8387
39619
47337
56081
29026
34718
20148
31734
28949
34192
53925
59834
12578
26680
13486
42932
1829
46608
20959
28729
49239
37831
6054
50564
58475
21309
22488
11008
52601
39167
58473
26593
32329
59770
40244
865
29061
37684
34871
5638
43291
23878
6703
33728
43078
20301
31547
4937
2904
38136
33839
57125
27646
18252
15760
29224
57416
33147
32454
36575
20787
3028
6907
30494
15661
8075
16079
43801
23269
40793
21686
31774
36924
34822
44846
1792
36620
45115
53256
24302
14747
2484
7610
41666
59099
21914
11439
26806
59162
13543
10340
33488
28401
24219
49016
54054
58628
3171
28479
52972
56253
50977
37323
52427
25277
53974
44024
7363
29159
57748
28265
37113
43282
43705
2100
58044
12980
18741
7023
13241
38550
38836
59246
18991
60584
52959
31723
38837
41041
8477
58992
26943
13378
44527
42315
5071
41984
6554
5302
7136
1685
13709
39171
56093
20202
55377
18857
21384
40099
48336
31877
44703
30471
17719
15047
31257
43578
25597
44992
3527
47633
34238
23717
47109
10241
45145
20211
463
12508
36404
35159
38696
54633
43809
18992
13990
46047
4258
4172
55746
39605
24817
955
1523
10505
43458
16196
37970
5684
20377
32291
27584
32735
7528
56755
53683
44524
41729
16941
55383
38650
4826
47573
146
55542
42198
47974
35832
22819
29088
53418
44509
26887
25666
51847
25273
56073
35555
55225
58557
11082
39079
17712
51500
40351
22449
47174
23300
55528
31092
46943
40380
58512
11991
28461
10103
39386
36950
38695
3935
31852
32749
31334
16197
13187
20056
5124
46165
45411
60077
11017
34950
14464
13835
5835
10606
29558
5156
17025
6853
36025
19358
1780
54464
60698
24007
6955
7678
21135
54622
6577
30615
24966
22927
12757
55832
45093
41542
50998
52314
9177
43093
53561
22755
22298
49816
46841
2020
53999
6094
60937
56537
2787
7986
14168
38808
52139
4047
49186
45697
54706
44530
42863
25412
41284
16241
38651
20831
39387
19818
25570
16622
7705
13358
56341
11997
55955
2508
32308
10434
22302
38233
50106
19237
22498
5597
52856
43097
18991
42770
25991
55676
51847
16766
702
14482
36234
19879
30747
14632
55296
23302
59746
28700
20359
21748
49152
40826
9713
59441
10082
2562
1704
39275
56863
30421
10929
51843
15606
14525
10203
50388
19230
1052
24290
47813
12184
27221
37965
34230
24914
39615
41872
32679
12979
56992
31534
31779
14039
24198
24318
25163
37654
56217
53777
41688
31237
20372
17558
53600
1576
13754
58578
3098
59786
26781
6551
2732
17003
51873
34888
56729
