13198
17947
22735
4454
19929
11667
12583
9993
4996
21976
10913
7713
331
2421
5790
3822
5119
14478
2891
11080
6431
14380
13469
22702
21445
21765
4367
15223
16003
3835
8178
3427
5307
799
12099
7644
318
6218
20891
2846
10916
3816
11240
3320
6354
5849
10000
22575
14322
8005
24173
4398
804
19179
11236
2347
13019
8959
16376
16480
14546
4222
8220
21693
12516
15703
10285
17911
19963
22351
24909
9279
1649
7249
21668
14161
24818
9560
23113
16631
13491
15706
2471
14666
787
21868
5410
3573
11943
16460
9737
9190
6140
24343
11349
881
16333
15079
21263
24266
14029
22328
13033
23559
14310
4295
15858
264
20720
5463
23805
5628
365
17522
3291
15249
12713
23065
860
16031
10943
11664
6477
3290
102
2289
3428
23403
8778
20723
3047
4666
10327
20175
15754
21281
1121
16942
10439
7024
14519
8962
6823
2976
23221
8592
1359
10134
15840
19919
10590
3671
8477
1992
10394
23602
3947
6953
7763
16879
11727
16880
2943
9394
2709
15704
2924
14267
8356
22091
6405
2221
2827
589
20700
22888
16815
18880
15637
190
12790
24041
1571
5375
15262
3606
17363
24170
16831
19043
17422
17712
7207
7344
19157
19230
17924
24592
15501
7871
2652
19977
9617
18083
3296
15035
5119
22913
11391
15854
2147
22156
20447
18436
15151
6101
4998
3176
15124
10324
3638
17834
2986
17980
4911
24649
24739
4027
5335
2955
478
23762
24852
6956
21272
24815
20250
9664
7340
14213
13488
15695
14787
6917
11245
16468
1031
23163
13552
10313
14361
15959
3021
24131
13507
11510
12011
10982
20871
3236
18218
15005
5310
7816
2690
13656
13284
19709
870
18794
15729
18841
19408
17965
7603
17268
4526
13596
17166
6262
594
7773
23974
4868
11367
8554
76
21385
13303
8891
13027
2918
3457
13593
16862
22662
4528
5193
16891
11240
20767
1915
3943
12049
20601
5574
16533
5909
5437
20082
17298
5642
15494
14505
2927
9065
18960
6978
17193
8402
13246
23724
9717
23220
15521
18556
18509
15750
11531
21755
14399
3340
3354
10391
5757
17409
20648
4676
14367
12525
20790
21991
22644
59
1625
11863
9120
10346
16253
16712
4447
6078
21037
22741
23976
19634
21541
5114
9052
20188
14543
24491
15382
18838
22529
24044
7293
22508
21992
7037
52
3255
13822
15474
4338
1533
22222
3749
9429
13698
20721
16176
13290
2015
8112
3131
9855
12965
22025
8310
12898
9878
4392
12580
13850
19297
1586
6204
9203
22456
5079
12869
24575
8847
11848
17445
9616
16131
23699
10190
15698
10037
23680
16261
14125
2586
12611
13993
5600
6184
23210
21157
21241
927
19609
6145
5817
14969
4081
19067
23716
13831
13727
17886
7966
14794
7696
1428
9281
723
13762
14030
19323
18360
2022
17900
5253
11267
20994
16410
22350
21352
22211
23282
22613
610
21223
6168
16766
23035
24848
18999
13635
12519
13725
19901
7324
15556
2403
23333
24618
18056
7800
24713
8548
1814
856
18609
5901
822
18784
11956
17365
9904
19760
6114
23099
10317
16318
24013
1932
14066
19061
650
23917
21042
901
15703
4749
20767
20611
3042
13942
20509
17905
18283
706
16019
1193
7943
5041
5903
9818
16987
7113
20580
7221
737
15495
7794
18258
17826
22849
24075
14131
21032
9126
7358
14170
5047
229
16889
19126
23927
12658
5287
8273
20424
15815
1588
1933
21523
20239
24905
7452
14961
10005
18553
16879
13763
1660
14047
3790
15852
10216
4785
5878
24295
10073
7053
15361
1288
4144
6782
2760
5474
24305
171
17299
17605
7424
12668
10800
22489
24705
18186
90
13203
3999
19898
281
20747
9886
7926
16407
23504
15461
14489
17267
21449
13914
14044
1847
1960
5953
5665
14147
14893
14168
13947
16180
17077
217
11856
20799
20300
12371
16477
5967
2686
4250
380
13095
20454
4922
18612
17530
23161
3499
22125
15461
11210
12486
12919
5285
23691
9798
10286
15453
21188
11578
4980
15024
16739
19455
11667
10085
7377
354
17957
1313
19421
23874
15650
15598
4367
24772
3213
13816
19211
11072
9652
4968
12551
15169
11258
18306
2883
16410
14730
19041
16045
3148
938
5467
13173
2180
23730
8023
22548
3081
16751
24242
13596
1931
7393
6560
18811
19743
13885
18784
22042
22223
23167
23289
18084
22566
8880
9184
13574
8569
11064
2332
4050
3089
3009
9448
13871
6078
12240
14527
11112
9221
23856
15551
8839
10585
15068
7364
10558
3808
11552
15548
12810
14228
10853
13595
14029
14306
20847
2037
8750
2999
2981
2440
5023
17294
13445
15437
14523
20223
11897
9651
17530
23513
8954
2539
1930
24768
23599
18971
14099
22674
8610
18338
5808
7147
10607
6674
21013
14952
1850
21899
10609
3920
18588
23779
19865
20983
3257
11220
23750
6188
3882
1046
23781
866
3850
20676
5473
16148
17607
5075
15647
24578
10118
12020
24310
16528
10979
12610
2401
6741
16652
5319
18458
7633
19049
6257
2692
14855
12987
12794
53
20914
3478
22205
15478
14540
7604
18700
4129
16361
18751
16343
24206
24675
330
15398
23082
8791
24372
22672
18452
5020
12867
1780
21373
17404
22577
14140
420
474
15637
15762
13091
24651
14385
7099
409
14706
10988
3456
12453
12252
14211
20707
18428
23098
8520
11990
9895
2060
839
5527
23012
2682
4241
13751
4446
15206
3199
12410
524
509
3093
24594
8540
1493
12920
24244
2002
22041
10069
8572
21297
5503
12464
2587
19724
22426
17174
23750
3169
19675
23335
3131
13730
5130
9115
2565
20322
12939
13528
13774
22193
19428
14573
13980
4980
22674
21071
14052
17644
19396
1693
1923
4465
23615
11417
8564
5626
9360
17862
1339
5924
21856
24377
13240
17117
24649
21557
19399
16900
19151
10135
3581
13766
10530
20178
17109
3951
296
20920
8720
17332
20799
19975
17890
20689
936
12083
21577
24404
271
22845
8281
1388
583
18752
14835
2119
6659
23203
23324
16807
16062
15504
1745
3161
16140
14865
13337
13802
5042
6042
14995
6229
22183
20102
21637
13285
23614
20553
5630
11404
2844
6127
10180
2494
7500
24928
18687
19885
906
1833
17679
18449
20325
11368
4464
5524
5485
12636
2363
21295
18499
198
19889
11204
11200
22336
12648
8114
5142
10920
18488
19230
16595
15640
11607
860
21923
23742
22320
21114
19421
2003
6219
23821
4086
23491
20646
22395
10738
18464
24032
17420
425
2482
11158
14925
17413
9127
10287
20698
24874
555
16890
10184
21647
1364
22103
11020
11465
19149
22819
2419
7638
24709
20437
5200
17086
259
11237
17283
3038
13945
2061
6492
12775
19889
11135
22580
24411
7440
21853
12595
6735
15110
8688
3884
19756
17559
664
22777
13576
18018
22547
2444
20529
16811
11921
14948
818
20302
163
8688
23438
15810
14203
16627
9625
7144
15735
1156
10813
18375
368
11792
362
3454
14799
2566
8871
13893
15822
5567
3893
9152
6084
11585
18668
20024
11018
16902
12364
3504
14099
18469
14365
12641
12297
20397
9802
3554
16002
402
3200
21456
258
10189
20669
19214
4017
8044
20476
14201
15973
20955
24020
6483
7242
22821
1992
4954
16894
19523
24898
12524
7377
9680
4120
8081
11034
15502
1760
9820
24829
21345
2120
1223
16015
24167
15806
9963
5892
21208
6822
14961
24888
23607
6650
23256
11762
4797
23107
3059
1055
15214
11910
2998
9914
9610
17834
1845
24721
21443
6158
18633
7435
9734
8535
23488
2405
24528
14751
7600
388
10086
15946
18407
19644
8929
19713
19026
14399
23716
12337
20832
21994
3171
398
16131
10265
23250
112
8050
24667
6335
2448
6301
20800
21093
2132
19431
17102
2646
8966
433
23027
10444
24275
23889
3861
24171
5039
11302
22381
22079
549
11502
24523
10694
5892
13206
1170
6954
12246
6461
17660
18246
16002
8037
15504
17457
23985
9767
13127
163
15725
20923
19943
18043
17557
20217
2823
11739
11038
16759
24737
19346
10500
10703
1165
5732
22926
16955
21706
7527
2591
11872
14255
24508
17352
3325
10040
23151
13922
17574
21004
23013
22522
21729
9755
16290
10198
4492
4853
14084
6379
9929
286
12680
4593
6568
4597
17479
19510
3495
16796
12460
23687
9120
24922
2717
14678
21431
21715
7523
3196
23070
4769
12231
10319
8928
23188
18643
11967
38
15924
19443
2155
929
21376
24622
1161
6485
24975
13621
4346
11653
21164
12750
14835
409
3695
245
18944
6057
1789
20904
363
18541
23113
22198
7874
10547
2500
22355
5143
2699
1873
21050
11792
22010
16411
7600
5807
11385
5887
11568
24933
8682
1998
5649
8303
17319
4283
19496
9042
14591
3147
8475
714
17789
8562
22972
18150
19566
17969
1038
12408
9895
19789
4775
6888
2337
18532
22257
12216
15482
9785
21342
2874
6065
14575
7160
6806
2838
33
5323
11880
21627
11792
15872
14862
6139
838
4238
16206
9814
24055
24903
22198
206
10135
12652
7006
23753
23086
20734
23839
10699
8520
20562
1031
18191
4962
14064
10564
7130
6759
15889
15182
4268
7104
530
19930
16987
5969
15921
10536
4158
6672
6315
18334
22604
5857
17543
17285
8014
5309
15243
21937
7903
17697
13913
2863
20175
5555
685
16575
6158
5903
12990
3880
7619
15639
8830
20306
21065
18233
4592
10463
15595
15282
18293
17091
3508
16696
12211
17315
10013
7334
21875
13146
14724
3144
22829
22677
3421
2694
14242
6920
7160
9086
3118
21514
18022
6266
328
8836
23073
536
11551
6991
14688
9192
17106
19098
12548
22792
21004
2683
16522
24868
10779
12861
13812
3369
1956
4015
2350
6704
22244
4429
1970
22992
3797
4280
6889
4788
13731
18385
743
13179
6162
15532
19905
4087
10926
431
12494
9829
16367
23864
18223
14147
12383
10982
1620
15488
3120
8528
15085
2660
759
4946
15850
17112
13495
15087
8207
4625
3076
744
6143
7814
17341
19505
15251
19249
16221
10829
2495
22131
1190
9552
21858
8151
5930
5234
17881
24024
21895
7460
3959
1694
24726
13426
12810
22652
23161
9849
6124
4837
16591
10354
19004
10189
24357
22044
14849
21236
19802
16928
2244
533
1815
10430
24175
261
6361
24549
4933
24942
11804
12679
1454
17211
4966
4762
4143
16990
4446
11499
17677
10405
7239
918
13236
11332
10245
16808
14416
12427
778
24629
5383
9432
11461
4278
3825
14064
22023
12322
8701
18494
20580
22733
16249
14750
13707
6670
22101
16195
23202
5697
18301
6076
21641
1830
23569
15758
1424
10145
11851
619
3288
8112
16149
10088
11603
21523
24124
15604
6802
10269
5589
22300
2713
5626
23466
18523
22216
6361
22720
2151
23849
14384
18304
1119
15800
12358
1337
2992
20876
17235
9847
17423
7665
11228
20658
23104
9192
6179
20109
3133
6188
7028
5768
18651
5001
12970
20437
14558
1954
11039
9612
29
19831
16034
17659
7232
17450
5379
3086
14350
8332
12410
3023
12835
12913
6486
15482
17982
11397
24113
5103
14304
20881
12352
4404
14344
17846
23153
23438
2964
12829
11901
22437
6731
13592
14037
11754
2773
20073
12368
11565
12627
23213
11162
3839
7259
1259
1409
8296
11028
14319
3873
11582
18568
16222
9431
16028
19327
2390
475
7762
576
12676
12646
21343
17779
7233
6491
7223
13785
16785
11194
13602
23813
20393
21735
4924
16868
2549
9250
4746
5751
15707
9439
18847
20258
17391
17541
13611
3284
7452
15060
21469
10967
5732
8511
18789
8961
16740
3186
24281
6345
24543
11517
1705
758
19254
21645
13825
4657
18536
8428
10619
17555
5148
6063
13102
19984
22608
21181
12271
13331
1764
3736
5994
7411
10440
17388
15045
5891
18255
9404
24529
5304
5911
7452
22966
5355
11910
11489
13642
24022
13379
20100
13478
6323
4221
4261
19877
13608
18452
16316
3890
17759
16146
1283
10565
11050
7606
22000
22417
15068
15205
16503
16629
5162
14805
6619
21813
10784
4191
10029
14324
7367
13080
4325
10424
18309
2364
16077
8331
13989
16960
13502
6505
13725
14491
19409
5771
14711
19360
21872
20990
12991
3826
24725
21096
17875
7092
8215
3177
4024
23628
10222
13490
18305
14371
24364
24902
5091
23509
22203
4361
20844
7415
10005
4072
10041
11169
22039
12159
10574
6050
13647
18505
11241
1850
23732
5247
19552
6929
5580
12624
3568
16953
18816
13329
16183
24722
21868
18690
24009
15322
427
22773
21087
15454
1520
1939
4727
14418
24271
4877
11612
13129
22553
4316
13253
9226
5366
17685
10972
13895
15621
7021
16861
15555
22295
15260
4486
14607
21682
4425
15669
18281
8177
15962
18100
1865
21513
14998
1034
17089
9822
18882
13348
19609
18980
5460
14361
11876
17785
19823
8755
24515
5847
22987
11992
13548
20048
10136
3984
17263
24578
15879
23450
15988
18690
4069
4847
460
17340
1413
13512
23914
7672
10057
5210
8686
21729
1261
8935
13566
24936
15056
16705
10929
15549
4127
15608
8938
2117
24040
17467
20573
9319
13360
21851
16273
23848
17881
20786
13882
1014
9692
22131
21417
5434
10143
14499
2355
2742
18971
388
2155
16990
17268
4691
13949
17836
16446
23175
11320
8643
15440
18274
20750
6309
15112
4141
11643
3072
24147
17107
6192
16603
16615
10639
21763
8558
4871
1834
14421
2551
12801
18276
14239
11665
17936
7164
17322
22039
22546
24931
6858
17535
11589
5410
4781
8553
4242
2892
11870
230
14582
20061
12977
14046
13097
16498
23306
15042
20373
9499
2087
13552
8733
3667
14846
19068
23375
23400
13268
19803
13200
24854
8988
15715
15458
16110
20616
11751
11652
20763
18358
21471
1342
16141
3114
9731
8744
8278
11436
3264
19278
8282
22422
9547
10546
11204
14981
16619
3014
18196
23281
6139
2572
19652
2082
5365
15444
22282
4889
3338
24489
1879
8216
13093
17544
7526
20479
3488
12318
15056
24228
24789
19541
11676
14446
23927
5275
20789
10038
20202
20384
24283
17899
6740
6753
22667
8264
11031
1142
9402
9076
4719
4252
14397
9166
21973
17487
11388
419
3558
1032
18804
12166
2598
14319
3980
8106
16406
20302
15008
10791
15389
18377
7625
9047
8090
4197
613
22187
11199
12708
11450
11967
809
14074
23662
7126
5212
5984
1635
6587
19475
347
4590
18494
8334
24167
4006
15640
23940
14453
18073
8763
2191
14110
21066
7696
10184
20811
17823
9366
16799
16419
15727
5556
11292
3760
23737
20715
5980
7798
9919
20363
5211
24753
9314
3632
6464
8930
391
6577
22374
11149
7270
18766
7590
10626
5451
22331
23402
11414
20213
5181
20405
10982
5468
16319
5950
15480
5577
12209
1707
19021
21917
7398
97
12719
2307
16169
16922
11011
15745
676
13608
8802
10905
11644
19293
21986
15575
12204
22581
9100
9451
4324
18307
10994
4102
8557
22232
11695
13449
16372
4939
20730
15576
19457
6506
7209
21230
6972
9118
7390
22290
18547
19573
5424
4720
3897
4568
5601
22538
6390
24165
14191
7796
18207
12871
20738
17840
22170
20153
6433
6254
1953
15474
521
17749
15672
6649
14010
1311
412
19162
11264
14158
16562
4713
4267
12092
90
1251
7011
10113
4526
9869
14629
4494
1746
10884
15002
20318
9802
11587
4330
24372
12538
12586
21860
20086
3686
14251
20104
7049
13583
11969
8372
15767
20815
15809
15431
16228
18081
17882
20557
14807
18344
3297
5544
539
1882
12717
22663
2868
10304
946
8438
878
14133
12993
6193
23857
14680
23988
24430
1450
18160
222
16062
24859
6828
2193
2968
3971
18932
6018
14379
23464
17055
1719
24853
2296
17770
2360
15396
16838
10089
12691
19440
21530
23037
11209
6100
786
24226
23631
5583
15828
16612
2415
8803
13614
6310
9124
22137
21596
9094
23429
19423
10632
24072
11736
12096
13488
21229
24328
23214
