56527
41832
88777
65773
88563
26151
23643
43745
61727
41914
33918
30986
76848
45287
75712
44216
26921
79475
49233
90575
36017
70041
14043
79504
46506
81138
16916
49607
66932
69006
60122
49454
6416
33205
72478
43525
43729
34733
59361
23348
42988
76664
84619
5656
81752
30041
58
82557
71608
7042
20239
62494
89230
25685
66341
58934
56450
30990
14595
43554
8263
22665
41217
28493
8686
62685
17143
7463
38269
13516
27408
53507
23831
72030
47605
36156
67871
57241
77630
68651
70911
70039
83172
71512
52538
3956
80202
84746
39930
50027
41050
52916
19723
38228
14516
83207
32407
57731
9232
78950
2915
18448
38621
40130
16214
16583
85538
15282
68545
53292
2089
75774
16506
40101
57092
67856
25139
85923
58175
84360
14335
25517
54117
28411
25709
85387
53919
47687
17421
32837
74543
18526
33831
90814
1618
61508
26603
29488
27124
41846
42002
73261
18918
4217
24068
85591
16298
34532
40891
53853
49359
84004
7029
90194
73864
53642
85791
29211
45606
73186
62308
29373
7718
64155
81837
11801
89126
63446
46842
81326
58472
13341
52774
47297
38745
6865
77105
58946
59515
5055
2688
53454
46190
80161
78103
22749
77006
8773
2478
39184
34142
6380
58601
26433
70762
21305
86153
35934
31194
76083
89712
53243
62746
953
90778
27555
69390
52650
48590
38883
1779
17990
57604
71259
58985
53236
60385
43697
42597
63520
3958
60
59034
36408
9231
31611
54447
59924
10935
51096
26708
38144
12728
34628
49918
85168
10008
3223
3338
56935
52695
28332
40470
811
87869
9791
46139
56184
59601
72196
47311
55639
21075
17805
35223
74699
85715
71264
42665
36249
69611
56067
52143
1177
38583
58181
38879
89069
50661
39930
6344
10413
1807
3114
46032
69588
82670
84582
7144
41066
19840
54520
42065
62735
3530
7935
23615
8345
85160
2580
90211
51562
77841
61116
51535
62106
47881
24138
33187
5932
60630
67839
3412
57407
5227
30873
7500
80691
4722
60085
77501
23158
89484
17091
16878
41563
4237
10405
9960
46725
57995
48659
87738
5733
71333
76934
69369
89478
74217
12190
15980
46985
7605
49371
9019
26690
83622
78397
54351
18902
27439
75560
79260
84391
82321
43919
54420
84766
12633
71795
48413
796
35832
78353
674
49053
67228
17390
87544
32786
41499
12927
2775
52881
19967
49129
69480
29058
7573
71201
14637
25560
89392
47266
38707
87763
68691
3953
33389
77886
87195
81206
4443
4346
40866
69985
52199
28854
74392
29271
2208
65777
56204
8008
88079
17094
80281
65933
54439
62827
49579
963
60682
24870
47545
4151
32910
69547
81308
66677
75342
5022
60773
67169
1076
82786
50174
1665
7525
82077
66286
33197
7317
53784
13392
86044
39642
19206
66573
10172
36148
64032
4397
67454
73401
47826
1205
75563
84335
79894
51523
38127
8891
23307
85277
75201
34838
56969
64079
55771
64247
51020
71443
55525
36468
2283
50138
27104
18818
45476
57873
80258
67404
71493
68599
53861
62959
61961
48026
57867
70708
19390
83546
71459
63567
43327
61461
66313
7085
57963
38417
33613
50354
59993
23697
84714
5344
12805
35190
31201
19164
69524
1471
14937
37034
78696
83996
41837
288
64528
73555
29307
12504
14672
38709
71173
29191
19584
4939
63053
61859
83371
7338
43625
87938
10678
23853
5633
7493
20803
37338
44361
77555
60602
39669
24583
1098
5067
74808
61579
88760
70850
54428
21790
16224
63343
19977
52648
8904
69265
29833
79266
20318
22910
89475
66964
43579
47329
37396
39845
62072
82161
67239
88317
47885
34210
90965
56872
90473
11891
22936
74761
52835
42411
7097
84440
49302
55416
33849
3930
7572
32925
34949
39323
46617
24880
58074
7531
14784
46621
58872
70426
72972
58178
50492
47073
71228
66065
35493
38791
4961
57507
31511
70972
8228
59167
74454
15718
58504
80007
16930
10581
81639
21139
29401
62837
71721
22132
49003
75384
74383
35703
16551
12893
62045
71499
54338
46921
87941
24705
85711
14984
60440
29848
5426
77760
56576
46778
66919
37843
61658
58183
11000
29031
88111
18228
63891
435
74265
64343
37730
27000
8338
241
61819
87937
48231
26400
57912
66505
20876
20808
26473
74888
83122
53614
58789
15713
16027
1585
76776
13363
66758
13325
4638
90042
20326
73549
79310
88369
80045
67836
45361
68159
10629
9017
48322
36867
84431
1428
58048
53868
62637
84377
15758
85202
23905
90376
3835
13155
54457
33095
20453
12859
50882
7621
90409
44731
48817
64635
68173
50132
13025
77897
59407
37784
82614
65825
32838
63390
86520
55460
81294
73072
81083
69216
32481
64578
47443
47435
2289
55634
78669
9159
52570
51382
69353
3018
5188
33190
27068
73232
7150
15015
52745
75391
81022
51601
4631
71911
82253
10918
22926
15588
82367
41920
19395
83297
25680
15925
6515
79195
40122
59265
6741
70367
54171
64553
86071
34385
22811
61471
86834
10842
51708
80623
85362
33293
89794
44261
34909
36358
25210
58864
47126
74647
21798
55663
40977
60281
69894
77223
53134
57643
59059
6870
89827
29530
47964
29039
30969
5574
46868
2826
56833
27404
11099
69271
35495
82989
54424
12063
22068
37546
31504
88639
86570
45874
56864
24282
45865
38930
4503
73378
44127
54352
39239
48427
39059
8925
42674
84116
21882
69356
85696
32011
47043
33650
77391
42155
39189
15956
22124
84965
7344
68568
14277
53872
77185
7625
17985
61462
4495
17866
19151
65229
53562
72174
80811
72158
78483
23738
30231
30653
61534
18616
55294
57734
83213
67721
65203
40832
72902
12573
56969
20641
35397
33466
71828
51214
12420
76503
74124
87069
76342
3436
35417
31113
27371
66328
42794
54385
84149
64862
28264
38190
40642
60934
14127
2870
58090
78331
17309
31394
14448
73838
34675
88448
7910
42142
10289
60254
67865
13145
42125
14276
15203
5996
19635
65244
80743
79019
25225
913
18127
22950
3761
62553
18849
37609
18338
68881
47152
71854
33992
41195
44607
38680
18863
37126
65944
56558
37215
26891
28835
89707
1401
79663
12290
78534
78008
7002
33249
81683
84867
80890
10611
61109
83807
88092
24007
11134
61129
53345
1169
90652
57104
22465
5205
73482
19265
78991
14079
48840
444
60409
1870
10304
7556
45242
51798
20295
82116
82317
82037
38043
5093
34352
52781
24807
61196
69699
78584
90752
56320
21235
19698
9331
81697
30688
12416
83838
33068
42999
86438
25448
35107
13309
86030
38917
74601
44297
37405
62633
1667
71859
30927
17984
74498
44919
71635
59640
31477
38433
72657
3412
88092
39716
47575
46887
38943
28459
41459
53521
63573
65282
83083
63408
79616
59482
58632
13189
60165
15735
39345
42746
86801
61320
66404
56414
84743
32747
30263
82973
66815
73994
66845
82270
8112
53790
6092
80826
81278
34006
48930
73990
69727
28980
45224
5277
31511
3204
7839
19694
37051
70538
83255
19165
83882
77967
49215
79224
38440
8336
80534
90368
26148
75459
57016
79178
10577
17550
69308
81489
13650
6998
12298
88210
69103
56656
58698
15044
35868
41472
84639
57498
26328
1788
44651
27070
80546
81468
90276
74075
89008
23721
84740
43895
64194
77495
88342
72019
14507
66200
86100
65929
31119
28310
31206
67961
4696
65308
59669
60224
44035
75154
54437
17677
49711
75859
35465
47537
75478
68812
21128
14979
26059
22340
48941
83645
8611
30730
63828
25438
13545
63568
42400
24748
1322
90322
47594
51694
33631
75603
27644
62492
19704
58780
50620
7060
14757
67585
47332
41546
70496
68091
6990
31707
24638
79923
56572
53998
7365
61953
23077
71006
81903
24338
68932
81560
38341
85639
63147
25054
73983
8824
28613
26214
58183
56804
25336
6395
19421
46539
36233
35406
40485
9139
49834
34648
86565
38363
32158
15454
8490
56760
19997
47897
39387
63881
57155
33232
55629
7577
86035
30477
21157
50176
18898
71746
86356
34606
54526
29398
9076
29350
11364
14215
81113
9562
56832
64837
22171
76609
21231
86153
80408
71090
45633
40528
390
54755
45339
28217
44854
61130
39400
79158
45916
76015
70488
88506
56267
63149
1176
1040
25821
48004
35641
12987
80800
55924
89101
8439
35141
22583
42299
24851
19642
80155
40692
20074
10630
8738
71134
3613
76740
10064
46534
19102
41657
81625
22970
80603
89264
31557
2948
75606
11733
80666
52971
85989
35887
80843
12300
87106
68038
46730
35782
9753
6435
20663
59146
74105
17311
4356
45465
12665
20964
51663
9575
60297
62000
87626
22350
51634
21767
171
190
47395
12000
39011
71751
64913
10936
67726
45121
90730
59699
41342
7051
81742
77833
4379
30768
72874
63852
50827
38679
13642
70968
89122
36193
26802
74676
56334
52286
6146
74189
6282
46688
75436
18457
2893
39297
79915
24648
54758
48617
63370
70255
47399
53215
4766
66895
20923
55016
75848
45226
58444
42014
53851
77837
25901
88256
4374
89553
59585
27175
15463
11476
40407
70984
71197
66772
61059
26333
40072
148
56065
50726
40335
29079
29544
3582
25325
37672
90777
4584
58528
41444
89899
60728
31392
87512
24197
8542
64057
47548
22327
87341
86877
63809
30309
1177
6417
89046
45608
6879
43762
25694
49187
88871
55436
42598
82391
65756
47111
74842
47908
34700
66222
19247
9516
66034
13229
82283
32357
83745
31254
22561
81676
55307
16608
61384
32656
62424
56533
46747
4802
79490
72175
7012
55839
28685
88582
52033
80495
74004
3104
17224
11157
58902
1398
16407
45899
66808
86166
45524
79138
44620
9066
88763
30979
89311
11373
90774
82037
83335
5405
86190
89251
66139
20570
8984
47225
30062
52177
31523
22251
62427
37709
37718
70554
74004
75235
73174
64780
50501
76440
19805
14367
62963
72865
56318
41698
3931
45070
33597
86423
37181
74269
13652
79929
28262
44887
9783
78462
9149
4464
50953
9873
81933
46864
19888
80639
43689
13977
74995
7467
23023
50861
78084
16448
3739
31430
79472
25699
59628
19841
45010
78107
819
81176
47544
27334
73983
42298
65494
50609
60950
79313
19871
44507
38126
74031
73442
33694
85298
26022
70360
41828
44576
39171
76387
65922
42902
77918
2106
17315
157
6425
86098
90508
19198
18786
75759
43055
11321
69159
60096
10574
24125
20885
70272
42398
834
49205
13416
29766
12433
73340
4633
32186
25821
53053
17680
3864
70099
87149
9859
14814
85412
76002
63303
32326
49939
26097
48372
13616
66410
49555
42072
87698
6391
77291
68608
25654
34716
4862
39366
73224
30980
24864
85667
26979
45177
29007
39245
42231
88515
10078
39180
73336
17211
44280
6487
87158
50717
88479
13684
9181
52804
57240
40436
84897
83343
89285
50068
34223
61457
39231
44152
77770
82423
65501
19386
29561
42970
17181
66824
55322
87316
61830
13940
69133
12631
40768
81188
84103
51201
52064
35098
43194
75748
70180
63078
65613
82305
33488
75896
90253
76981
18082
42138
76928
1924
15000
34809
58777
954
21060
27620
85613
41529
30264
41452
34441
68636
14644
53220
81542
48617
49610
34747
51058
11237
25482
19132
13572
86602
4767
61351
20828
46660
45669
50520
5973
7881
85445
10748
34143
44686
83110
32948
20061
72214
1162
30755
87600
59949
70354
88298
12902
65339
77183
59418
80387
39685
59982
66769
13858
80429
19671
73877
40272
54137
56659
44238
59229
89361
89063
17537
25512
55626
57049
2406
21237
50920
87589
89307
68638
34768
33613
49169
80188
15155
83739
42244
6712
70734
14468
70545
27442
50222
7844
11079
43588
57961
66735
56256
31165
59128
84667
73241
30334
75785
34896
46789
42474
7289
28888
43584
9678
54767
3785
26375
12554
89683
55876
13381
6764
15325
18609
50999
9576
30682
84025
35513
74174
12312
39496
2370
32376
26203
29477
20098
18533
44649
66759
59829
42599
86904
43485
72215
52758
21063
24858
43798
69111
13593
59060
48224
82740
30502
30759
36281
31801
56755
83091
1270
27848
60946
57079
86904
58074
67597
51912
46080
36035
396
14762
32921
27625
53214
19273
67780
38944
64948
71364
72908
5836
13368
36799
38025
39909
55396
60052
16842
64648
90168
88734
1379
56680
53939
38249
17063
30536
27106
72953
83902
80603
89215
28941
54487
64026
53769
18927
674
6738
10041
16732
40788
29839
73116
61587
82693
17369
61564
14787
80862
47370
18962
47717
22011
46608
22294
87115
42281
60389
54407
12707
20889
25929
36582
75693
86562
78681
60828
32789
37989
48478
10867
47876
81210
36900
8874
20074
18288
31101
25483
400
50169
43474
25478
49533
16195
23029
41000
71463
74235
43694
73263
13772
66149
5736
70500
47892
77966
34687
4915
9924
71290
84105
4790
16394
81385
26422
85469
8080
17165
19461
84338
63071
56111
40412
87457
40690
24223
49419
23597
89795
9793
3046
76502
10222
72844
62894
43118
39048
67927
35554
8874
21403
46573
65447
77782
34177
13223
18433
14361
33074
39408
28725
44112
32517
54980
37893
29574
16527
81097
52918
7601
56154
81384
23866
82640
62213
59077
5021
74488
87644
38649
1214
20046
45268
20953
82916
62791
16037
55559
76810
36507
68356
63094
10561
88232
49996
9052
17584
47754
83185
60200
78306
88032
37824
63786
89021
24218
61566
68674
42218
82406
85516
62560
36158
59058
85204
66707
62916
87700
37107
85189
25620
77438
86138
41419
63772
24053
12506
34867
29850
44504
21451
61878
79587
22797
13714
46269
14339
21247
25493
67071
43993
81044
45604
56800
35294
89035
27254
58686
65770
57538
31133
50877
45860
77366
88735
56898
4564
58156
75258
64013
45526
84436
79891
60959
44429
18237
21602
80627
26737
50779
80478
31865
37846
13069
74201
84573
7275
36011
58399
5863
22252
10221
665
39867
80660
26967
48472
75672
33019
89985
6032
11278
81376
9866
1723
33544
54635
28876
24430
54921
11250
76306
78132
8268
10221
77558
14869
87611
45712
6992
13259
45289
81037
68897
73833
29427
59779
25078
47176
21104
15047
83839
6648
13050
39885
14079
64223
75253
78235
59870
84857
25876
33146
74449
3612
34195
69002
75283
5214
79038
585
46229
16525
43497
15816
44530
507
78377
60315
57013
36445
42855
48410
36267
37254
69341
40488
67245
78876
54329
27175
20422
807
53511
34646
11235
1065
82298
14321
79200
7207
50755
37115
29367
28170
89482
1227
76139
77802
27521
27656
37915
70496
84769
38113
86458
21439
85635
50438
21139
75806
3680
65949
18953
72820
85605
68314
33500
23585
73110
85374
31313
89180
32460
80362
20753
51918
44593
44136
81465
14130
33951
4006
16769
38912
47992
39760
90734
71269
21009
87698
83610
85793
73128
13231
57123
49316
41172
43704
8641
90781
61779
48900
78441
45377
32254
81640
51023
10253
73665
81100
37936
76032
17551
48434
68237
7791
80987
47788
32291
76046
553
57584
35512
69976
62938
37082
8960
57092
334
56854
73133
60388
36380
29153
46253
19354
73637
65724
13333
20098
41991
30531
340
1950
38245
8024
78026
35442
54932
60910
36743
28573
55056
60029
55624
9256
49628
67418
10251
3542
26401
19800
38644
77664
36062
49399
37017
20348
42566
54095
16624
5457
24831
20273
88168
67498
89814
5562
24660
16068
61079
72797
35364
70070
56354
67996
86542
54916
72402
37971
81338
54120
18288
10105
60435
33126
12060
45451
28448
24250
30667
37455
8643
50712
10996
44706
23129
34015
11324
81559
28040
58763
87633
16252
39687
73325
3404
81058
9054
45297
61631
58409
8055
15701
20006
15957
76884
17249
44307
21378
45744
23791
43921
25759
42538
59649
37146
89738
26683
81561
89132
32144
66321
35200
36742
32383
28036
57303
59432
75234
66997
69747
1904
36000
85007
74057
19041
32737
30957
46086
27910
46110
88059
41281
70333
87732
20561
38800
71230
57197
13226
54852
77386
58787
80307
37050
13017
60817
34574
48990
74644
23696
16670
13806
3001
6139
73357
27072
34732
50448
962
45449
83762
62660
76302
45715
39585
83097
30637
16090
59508
45294
38690
41684
36859
7116
14626
17027
46702
63664
2411
53240
53410
82273
90014
66541
84788
7960
2471
13766
4307
73455
4965
41357
55538
28992
66949
84626
70171
36227
24209
46859
46423
24195
8694
68358
87577
23325
39067
1016
83834
76222
75117
72424
26423
52169
49879
27117
26696
16857
30423
32880
9626
47361
3788
43576
23307
38558
47115
21952
17669
26381
66137
47607
88188
49654
10987
14772
68785
78573
44345
29836
12289
921
52401
86506
37928
69594
63599
52529
73807
69508
49490
41393
83812
19674
52130
28131
40697
23673
40486
67875
53445
61547
31818
10929
37734
79117
8845
11524
64000
5485
66848
50020
41286
12579
82379
53042
33207
41562
8634
89558
59125
56451
4788
50956
60247
61375
6740
48445
74207
41135
73368
89797
43325
40226
13519
82598
78209
63290
87240
71953
35208
363
37181
24996
29318
23729
16830
24244
78914
50533
84938
45240
4519
24995
17664
1543
38206
62803
49604
30736
86489
84099
77198
68884
23683
86165
72532
14298
1419
63954
55431
63151
17943
50203
8555
60927
24828
19319
44687
87029
18244
36278
41413
15626
73185
89912
49652
206
46509
54211
65536
928
8476
56960
30115
16379
83273
86393
12837
76208
62877
81769
72271
35146
17663
87999
7334
80202
8837
22825
84042
45719
70600
57249
17830
50585
89790
90694
84226
50443
112
6746
12244
12115
56956
55203
5101
43551
2829
72145
17695
86189
5926
26667
66988
19342
12014
58934
65074
51041
61204
26283
67571
60032
52980
61867
841
42537
65082
64953
46071
45275
78003
10525
48922
47179
62220
54897
6718
43530
65170
61145
27877
40516
21920
39780
81274
83728
88574
1777
59252
67639
42134
48360
84350
45531
90507
21551
76467
61230
15178
83565
81503
53643
64802
44950
40152
72444
15400
13100
48531
47426
40307
14782
54347
8459
19847
7656
43853
34803
46949
76942
44247
21193
71727
38662
24734
33900
30616
49489
54551
48691
17018
8238
85637
88606
74370
60476
66961
87300
70469
65625
84776
25273
3422
65227
51582
15756
69600
60474
32168
17811
71701
38401
37423
46403
84713
32295
61817
74391
22689
41334
31401
46684
89557
86304
886
76536
23893
6200
55137
5677
57743
28764
55945
18077
25942
74213
27225
82459
64670
59736
77032
46100
40220
62077
52353
78504
1243
49265
70465
28441
68457
14690
82621
57343
27720
1526
14142
82277
15504
12264
61653
79507
28937
79961
31737
7169
30271
48047
51032
61805
57334
84892
50097
64786
32725
22982
27191
54485
45367
87478
69474
22812
36548
6288
73792
81374
1974
12118
48473
47593
65079
63080
83968
62036
432
14452
12925
44473
4844
40934
76375
22798
56372
82380
40047
50489
18667
88529
80792
54238
80537
2284
30954
6798
36821
65380
88565
74189
60300
63082
69379
73528
80750
83411
35350
51274
87
4552
82769
18682
33779
4532
59459
14586
42275
2018
7557
44134
47164
82953
22429
13374
19086
30157
5635
79762
20602
28450
28849
48386
15501
20527
39151
29519
83658
76237
63412
67441
65619
25915
15865
35926
43975
61176
7447
140
31287
41571
60273
2059
38931
67842
63508
33794
27418
87438
34658
68980
59870
6327
14406
7679
50374
55233
38386
13841
51821
11115
38197
87254
55767
73376
85432
63291
70796
71379
42231
1137
79397
79324
67661
75494
86788
7073
80232
33213
44960
71347
53579
59824
3125
45503
15658
83768
44866
28500
31064
76498
61492
47728
75725
16013
30544
14882
79387
13891
13038
44251
68072
12380
20529
33815
72014
62266
59315
25793
67845
32741
54997
33920
63202
4651
57859
52724
72672
89954
38
89364
8669
74518
76979
84824
65368
45018
49050
57550
30966
4796
63121
64492
42508
21482
30670
44057
4903
64243
68003
77519
36359
26524
22852
38056
55394
25975
63332
66389
87341
50513
23829
32317
86637
53281
88655
3808
74699
47192
11184
68561
36909
21089
40273
16457
77978
86031
20737
28573
22318
69365
89986
78518
35739
3222
90657
38601
13320
20650
12324
37851
84059
36345
2460
62003
74379
58943
30730
6012
37041
71092
84982
84069
82012
60199
35938
88406
14403
81830
26965
26961
18493
53037
54499
2179
16460
71536
75474
6478
35192
9031
26951
65484
9168
5269
41991
21402
85100
20557
72570
26102
33086
59658
3921
2535
2942
67184
12880
26648
15901
33812
22207
5400
58113
29125
21610
60385
7398
58926
2696
37562
78774
43202
21513
17764
89896
40594
4681
82229
7540
59749
12473
84861
77510
51165
47717
35083
8961
56474
69103
5146
31346
67317
1290
65741
5349
8675
40107
42156
2334
28852
53298
31851
35422
56135
6942
13397
89189
3500
42342
34658
87694
36157
50533
65810
40118
9218
18853
22445
63366
45375
29875
42208
41817
12564
83987
67846
83015
66210
87242
32777
22079
48909
55930
55475
46931
38202
62803
17486
86629
22414
82787
40587
44224
20248
88072
77627
11873
38068
53381
25048
59092
57685
58161
46583
71483
24383
22341
70197
31849
14062
82859
67891
52277
33134
86100
25367
146
33736
45426
76960
68763
12725
5844
20662
36780
48066
77920
18107
52107
46312
39098
87114
38022
9255
72507
3803
85790
51071
60717
77824
68288
13699
65970
46199
25533
73442
28453
30603
1447
54771
4896
31521
44524
18540
4836
64781
32191
90311
67983
11855
77729
22746
65272
61006
31863
33530
37102
58062
87269
15635
6798
56625
79704
87893
35547
67544
37337
36646
44640
88211
39406
83305
60633
71205
21770
74209
30856
53581
1749
71636
12587
34586
73494
78430
70578
46647
37748
31224
64822
12223
23916
84389
8901
90285
76661
53777
75987
4586
10959
90662
64074
55307
15674
51845
25122
60927
79267
59813
74443
85650
2241
89331
60351
87449
90686
86303
21421
87139
49569
34382
12504
27231
60928
5401
20054
69720
14938
70794
5084
4234
30315
71182
4143
67695
26153
42435
12421
30827
31323
56615
80594
54600
12369
85530
2718
63663
86510
86674
32740
90084
37506
16873
31910
77316
38404
85845
47980
56166
80925
1427
54163
71883
35335
35593
3898
87627
28869
61015
32399
19885
63436
59465
44696
27339
61735
6740
49254
63768
72536
27666
33148
82175
59346
38908
81869
83953
41228
5475
57091
20155
58832
8882
35292
43953
59897
61660
52095
70363
85842
24382
28285
84339
44740
42928
44682
70551
49576
34413
65474
9305
12866
44708
69328
82376
76886
40819
72402
39307
32692
28247
75960
72130
86223
13707
65835
73881
44132
45914
64227
17258
27422
45946
21825
89014
33742
51263
75163
38559
12711
48329
76334
48285
31344
18404
39749
81531
35418
5282
17183
65501
60169
84487
67279
3305
87072
72736
38149
56279
22245
65640
71498
46414
3899
53985
55696
17060
38086
579
80376
38569
83234
30717
57125
32265
55188
30909
87118
34460
48058
22317
84130
53196
64654
23357
33187
10394
21773
77854
9612
3270
77119
12570
80087
21609
70247
21982
80999
68464
47209
70328
57572
2528
31587
11947
18917
88096
80980
20100
71096
74831
85274
35033
12781
14699
60880
15421
777
38355
78283
78722
30045
42162
43838
43691
57302
11928
10724
2741
56704
22447
15786
19194
65404
16959
55455
76857
73641
79278
44115
78725
18918
54816
15565
38680
67806
47606
27241
42916
70036
59350
22734
86503
50981
25647
81070
60656
23541
52952
88126
34850
19545
51996
60301
45156
80460
88995
32154
14050
16357
15752
16798
37812
85925
20578
37328
17032
64487
61346
14183
5518
83912
66256
57650
12137
70502
56818
6643
51133
78725
45059
10091
76545
57092
54795
70815
23947
52607
27504
1887
67122
3181
60473
15375
8356
82833
22955
31223
53196
52558
85362
48861
25303
79747
62510
71346
65796
86942
56695
36578
6093
58741
5006
68685
59575
60207
5313
75979
90202
75617
59771
39452
29517
3445
74598
24396
25265
55373
24149
55742
56864
52197
88019
76264
88666
18302
90194
36804
31828
76255
88585
60142
56173
82510
45781
62873
15294
65045
47914
23253
61078
79303
1326
17155
23063
25153
63338
85009
37937
26381
64566
12264
59888
17730
22216
50202
44084
21168
953
49034
56589
81143
84420
36292
16913
1071
51915
85507
17876
71545
83608
19889
26435
6805
20630
70481
14029
78573
3777
59952
19030
1143
46640
17794
47697
21544
14189
35409
3481
2107
49719
87145
29692
35904
50389
12262
58532
40178
33374
33079
43100
6889
83889
19004
44076
68462
58310
70321
87913
59701
78064
32911
76692
15292
75824
84352
81501
58594
86783
50673
32788
9595
2095
62308
51691
16336
62559
50658
31235
16667
28657
60928
88850
79968
50313
72361
55798
9894
11844
81361
7761
8861
30507
26329
57057
35810
50034
4878
5714
51654
5089
58908
38762
63381
14855
54496
57472
68714
55430
15932
6050
61647
9183
2987
24658
2289
7587
89356
57069
49835
71091
38915
26504
56473
22044
55234
40703
1445
79250
77848
48731
2327
21560
11568
11638
86044
86666
32402
30774
4281
77775
18174
72436
33793
50486
20388
46137
35082
12283
86657
81884
32646
35030
88220
17586
81606
32737
85823
26506
69816
11876
87105
48220
34049
9951
71208
44805
26693
17003
69548
30897
45491
37181
83838
87838
24774
89976
17663
14105
89702
2646
60397
42832
13358
13059
16752
20803
73638
63518
82403
38176
32840
9012
5054
44257
36191
34331
23224
77851
12676
13352
89754
52662
8435
8757
3415
74356
60482
2226
44695
1184
77017
28023
40259
27869
47972
76260
20419
11888
70878
28662
24746
90930
26296
62966
68419
59246
68519
24510
89045
89388
32412
58107
7386
77487
18860
72834
39509
46713
35096
24585
22674
5153
9207
71747
19639
22654
87055
25110
27192
60955
13178
47765
54097
30335
84013
23549
59252
41872
28100
63007
39306
28195
40129
74545
19006
3898
37380
14185
47109
36882
43436
8543
26146
86536
36244
20933
21534
59712
9944
68862
66668
68290
30798
44960
64403
39865
35898
3799
32028
13777
82442
15663
62075
88197
552
60846
71059
10922
84318
61476
25602
66115
37483
37385
20372
22009
67732
59137
50907
75223
4022
2838
60899
81400
86327
75874
38388
59925
60180
90998
43177
37095
86213
31860
11653
59405
33125
53406
35365
32619
6286
17298
7936
25687
36497
21699
53371
74273
57427
27468
26138
52270
74531
61171
40433
88001
88607
82719
10848
21839
32494
6144
37749
25237
72945
49738
84179
38640
20371
67277
86992
75673
49680
90772
62692
70531
71473
89816
65789
64858
44709
73721
41543
58258
30747
19801
23401
87385
81852
18996
59196
76218
34885
72047
78172
87591
68970
84540
15521
69978
8031
83655
90831
16648
39215
29745
42129
72691
81960
36710
43636
78178
56014
1509
22679
78023
78187
40563
72169
82308
7168
43860
62931
2843
61413
31008
12556
65537
72340
88790
34211
82862
24500
39848
30367
49900
56961
46554
39851
53074
47041
83928
36501
15844
49826
49115
11069
60280
87974
38543
74139
50911
65792
85108
25953
24749
69209
535
50551
76848
81979
39181
89014
54761
19287
7995
86684
9378
39705
73269
73798
41565
28385
25225
59100
63300
36261
55047
34125
62658
68953
87864
43308
46508
52161
2879
30634
1110
75029
31984
41699
60334
84467
50292
37893
35967
14419
1862
15722
63205
62355
88381
8911
81487
58107
87535
29884
32078
22451
17558
27268
23768
9200
68337
60847
29769
42037
6626
23531
18448
77942
57431
4514
35065
76112
22783
88260
40812
57037
38028
71828
85209
25899
791
34360
66725
60924
26852
22643
49886
5760
88027
24405
23216
10278
22312
2562
21169
81706
60152
69999
43815
51528
2744
39888
1364
57599
251
90679
53211
30008
53320
76448
30698
25525
44310
40808
72251
34487
14181
59859
4097
20968
41443
87316
77643
48952
25375
48079
70960
32938
90453
12139
70840
30678
24959
76331
77363
63922
5316
34147
29920
12545
35015
18160
90252
68062
77511
42984
87661
16361
75566
11713
15233
83175
87209
78285
50312
56993
3499
72787
24235
12195
49798
29825
70679
85909
81911
64829
64114
60958
48780
46771
9049
3547
74261
56913
58987
54872
60981
67782
26358
12165
63123
52784
32396
2674
65049
15989
82769
62629
90392
67818
64204
50248
38662
8367
12064
58160
10990
30907
65253
74263
77562
86788
58296
2539
65454
62142
5484
9128
76924
52245
7451
22320
50864
36862
39445
41299
21536
37391
73403
33906
42106
81111
39169
87980
73218
47824
54790
56684
62030
61529
24985
27858
30039
63920
50913
50037
46430
46845
19017
47890
35745
60489
53999
35830
27817
66453
35064
14639
31009
12079
1793
41737
30333
73712
52588
62317
82069
25265
73893
64140
7516
77675
62560
37537
47937
65781
45154
3452
89073
69888
79328
72042
40991
10695
78919
31666
41290
40178
87993
29371
57473
32074
72777
2657
48365
80383
35123
55326
47371
56908
30027
77949
22557
47468
8488
85929
42275
28558
677
10836
52035
22868
50524
10964
47395
59674
10703
57672
67079
51681
90085
36321
17051
23019
48828
50011
84094
58625
27905
63507
51497
78855
44930
21202
81051
50625
14772
35727
72330
18448
88038
47402
26576
78613
25689
77541
5680
72398
18922
60349
82171
45294
3766
37142
6844
23494
29753
35726
12620
82305
34074
31735
89138
80054
83527
78016
49115
50918
78936
4845
44241
73725
57603
14050
77700
53118
21460
15959
68762
83215
5310
84637
71748
38476
20554
16711
82398
51119
86578
48532
3714
16341
16067
33912
68363
29739
85397
65906
14625
19791
15489
33928
15277
86212
86182
10151
77170
36245
74007
73903
51014
13618
9084
42579
20916
21584
50452
59190
15048
4315
44740
58225
20966
61175
77350
40969
26239
27468
5761
901
69904
51400
59761
65077
84873
62374
61043
10694
35640
77548
54864
87426
15567
38514
3283
69748
3264
81230
17456
7825
83747
41373
20730
25858
49002
66588
6673
1302
8226
11788
26967
23380
47126
50100
33542
72214
17089
9120
43296
21906
40432
2704
68817
27618
59442
21179
90557
35843
40925
72874
17002
61746
67077
13665
57665
18730
64339
58488
12295
5195
66601
9336
28882
65188
77726
16472
27730
73033
68362
67935
74102
29256
15143
90124
31520
10021
73602
62122
18454
21997
82269
64343
75702
72159
69266
23572
48909
58782
86902
4974
20548
63556
27255
33570
42919
55937
6659
1328
25731
85225
84799
66350
72812
155
30657
53630
87224
16013
86651
61386
65284
68605
64413
30235
51897
12778
20853
72304
24210
1138
76573
77796
22676
10941
13865
13696
50090
77934
70731
46608
48740
40345
52421
66578
13268
32632
23274
83256
18358
37647
82290
60655
22161
66328
42649
74128
53029
14817
52674
32931
31651
85937
52125
87428
16891
49242
78082
75870
71790
23543
52816
88075
39954
46263
4407
16846
45795
53002
89606
4247
62044
5984
46818
13501
5178
29097
76444
7627
58488
84463
81414
73761
7708
9079
85066
75899
58822
50663
85926
90830
68688
60465
38808
35974
27559
76181
56585
41766
17253
84622
11121
55463
15815
86291
46808
22137
61866
25405
55612
85143
18973
36847
55252
1628
72531
81961
60864
11716
48879
17472
34906
64582
71228
23560
14453
71005
32521
27065
37168
83054
54117
85119
63975
88859
2452
89859
35655
6846
65318
11247
25988
37930
56384
43327
7785
76026
49562
70307
48962
62117
62204
48521
61857
53553
3221
39703
78860
76964
47794
83414
59191
88282
73688
72634
21732
64681
90830
20982
75115
29792
21121
53884
82207
57502
88533
75082
3744
21007
17501
66752
59894
22656
72344
67654
71584
87524
80240
27147
18545
21239
80168
10720
39795
4983
4729
77258
55019
29835
43841
49302
27665
15748
80193
3592
41067
3592
39265
31548
74989
58461
35906
3229
27702
41714
90751
74827
12386
58425
10577
29487
9720
58265
62054
62698
71207
3616
26901
23356
16482
86758
40673
34569
78549
30324
18664
75542
72330
24564
50622
58649
73653
83938
88659
3693
53704
42807
78957
38228
45388
15334
86635
41656
42789
65063
12440
75258
21976
26874
9720
89028
55851
43742
85107
53650
70833
7167
82482
71082
89641
14005
66202
324
66091
74721
25956
89709
1318
31643
19847
40646
65936
76278
42131
72481
15547
11213
78203
63763
85440
6567
5734
25341
81188
35934
49521
11341
65379
52126
80309
86369
27365
15712
89312
5099
12859
81502
27051
89376
69830
42209
58623
1187
34677
9166
26557
8031
35816
59263
56281
82753
22862
90021
74522
25227
84831
23747
2625
34341
82351
33879
48475
76823
5288
85569
15132
69001
59682
82782
60506
61299
71810
36790
59931
51008
29228
51249
39028
805
81678
28632
13640
88128
66843
1992
74785
86739
88353
35105
25653
10136
81584
61621
44352
74991
79903
30636
30402
41282
48796
18228
72565
68473
69751
46254
59542
69689
38891
53523
2581
87024
54491
86246
35834
12084
28654
83978
30030
45857
48094
57932
88659
16321
40370
15164
49913
68293
90901
86485
76871
31562
66395
39692
83034
16751
79025
73197
9972
62155
66254
5368
52204
11931
63737
83067
71029
22513
65840
29345
2814
35472
42050
75240
2902
65092
31522
63520
40458
75174
8784
60575
44789
87701
88238
5834
33619
41169
33516
32542
52129
15408
83640
71661
2780
88251
67893
5548
19972
19507
78855
7552
21933
41573
47473
48808
34571
1109
40723
85110
42647
27374
19555
16456
76002
6631
40622
32883
79380
67666
21395
81591
45130
49814
2645
43885
15490
32492
26012
44092
28700
59270
44510
40603
53758
6491
71342
9706
77492
3464
51289
85529
63883
28072
33474
4426
79969
13620
45657
77114
41810
18206
75052
22282
87553
44319
44514
22308
30753
53161
51384
7137
50215
50894
55498
35071
16119
25815
17791
67512
79343
7321
56089
47997
36355
56689
42376
90249
78310
17088
55555
88579
42089
20698
89458
78964
23868
78209
52418
77974
80463
43590
55446
20133
59363
71783
22742
7223
34601
15308
24751
35622
17438
78716
53463
89127
72483
59964
48627
21163
65173
10727
66430
20091
54197
43554
53912
9968
63181
32166
68410
73240
54461
19800
56113
24149
17026
21589
84815
3023
22475
17495
67609
16554
76319
77565
25541
62314
47318
20750
53525
34282
89010
20949
38969
33045
66849
61569
2060
64636
90682
1332
44685
19533
58370
23435
86839
8836
57874
82668
28239
39644
89327
43899
47035
73606
86973
32056
27330
78098
23409
28266
6699
23772
52993
18639
89829
84021
69418
29923
82872
87610
45239
19781
66167
43122
12432
31498
47971
35608
53022
88065
45989
29792
27009
61653
68751
6431
37557
53433
10535
27556
17559
23181
37249
11594
9839
19103
31792
61815
76660
25501
52889
18119
26446
60071
5757
52825
60804
2586
22665
74771
22834
50942
2499
21370
1911
11056
85594
8945
47233
41756
5810
1842
13349
90155
19283
39139
23159
19570
69294
48192
26794
20203
5443
53639
26780
12428
65306
73312
68417
16382
75564
32634
16979
31192
5653
24715
46995
43561
4520
66144
77734
4573
29334
74234
53959
95
20445
1962
2573
38420
83474
62419
12209
88704
40787
90189
40606
59898
15386
47634
50509
54354
86385
7273
39227
80563
41695
8944
12690
12004
45077
34983
7633
39808
85216
78728
75048
48693
4243
18218
61517
27722
88896
81636
4572
25913
16890
39902
60879
42540
69602
77180
79073
55716
76341
76452
71976
87244
32462
78046
19855
65908
87349
52795
30629
21561
23531
49150
86406
1970
11073
67456
89587
39614
77965
70192
73752
20929
70223
6983
63354
76877
28046
30792
59876
59173
50154
11318
60381
12261
37134
36025
7935
44037
29252
21656
846
82421
10292
44522
52018
4986
1875
21392
25043
37829
25604
37161
71257
63405
89437
11697
41014
12291
29945
80732
73848
48596
77397
28957
85878
29876
52769
68491
37373
7780
17950
72234
73256
81094
53534
2463
59139
22672
70004
42917
44498
64468
561
58006
70075
87240
70848
72595
9708
82881
34991
31916
87874
36578
61010
44603
35247
54251
80253
9250
15455
5965
73438
48349
58407
48553
86093
50034
64883
60832
47274
86813
77355
77261
16401
45536
21385
50495
84643
59048
84841
62163
75380
43402
68781
74222
24013
53716
75244
19007
21726
30753
15223
40619
35378
36660
36520
38739
50262
54846
21487
855
74911
37154
11602
15334
65175
81725
72135
90285
4196
9299
44386
72773
85421
31348
12718
58754
22290
75830
61834
23405
80663
56716
68529
83163
80556
73716
70701
83534
63316
12551
39970
43001
18152
8537
62835
26209
7136
64640
68267
42543
70733
86209
74409
71931
6558
85261
18273
79010
84805
45251
38395
54279
8724
73424
291
23080
1658
18017
51772
22247
89628
43137
7513
50345
21881
54829
90690
21724
68239
77405
27559
67649
82948
18318
40236
61096
41314
46074
78033
8227
33409
76672
66957
78979
87618
41968
57039
62247
51790
21015
47504
82771
32297
61416
26480
57708
26255
1444
24267
15905
4817
46936
944
60502
84315
49309
62342
42570
29541
82573
40651
64337
22324
71857
83091
88460
47732
21472
4329
49811
90781
50313
10637
2132
14535
46913
23746
34829
14540
75488
3259
55686
29152
79870
68161
69594
19871
1923
87827
49676
46107
44836
8939
65703
62152
54826
17849
62253
87119
40828
74686
87601
85347
1396
76439
26488
58755
13295
20492
76121
54884
6494
34900
89230
88931
82394
76807
6226
30068
23197
47696
38906
34426
84483
89468
24233
51683
55470
29827
59724
7910
69601
15866
76084
88156
25076
32507
86505
50945
41615
27298
2651
52485
31970
34852
68628
67771
78089
81206
59834
58606
34981
12047
12296
64715
1228
87443
70932
57815
48907
13677
76547
89085
76090
34489
19281
64060
83005
30051
63077
54379
32571
88127
41312
19146
24472
86550
81214
34215
17021
54729
69349
71993
31847
15206
18043
38276
27853
80596
34660
21681
39963
67636
78184
1953
68211
12918
14507
615
2315
63133
18534
43455
64049
27008
77740
78591
63963
26910
33407
15568
3980
49757
4968
48080
59921
81575
1069
21032
89281
3002
88204
81429
27274
30147
81982
27462
20057
59230
55311
50968
87561
52380
62194
67449
88733
44913
22177
43407
86528
60432
80770
52908
89481
69806
13062
45273
82389
16968
7651
38028
9317
51346
36153
18311
85830
76910
31457
7462
63342
3188
54832
31557
32852
51244
14348
72972
69937
89853
17222
62856
48891
22361
84085
24054
24913
31167
9555
25767
1760
52604
47585
7771
26435
66680
13262
22083
47049
73729
2612
72623
24409
38774
31411
39632
29280
51209
29287
34132
23003
51825
50325
78548
68880
7555
60611
75939
694
88661
28517
47405
43278
47568
62763
71545
68697
62335
37848
74005
40256
85320
56197
14293
9347
84549
44676
55727
945
70719
30721
14390
41238
34857
85474
77992
44939
13756
19496
16358
34279
75252
84789
63328
16546
12542
29109
27147
29954
9404
29914
88209
24575
90383
26775
18307
10978
27992
61174
64708
14467
20523
50981
21341
39550
54480
18874
76416
40695
40559
13672
22300
53221
48719
28082
54477
85554
67580
72588
16884
13531
61187
13545
50610
71738
38170
80958
17397
13417
52657
70317
71772
35849
24327
74862
75269
53984
43675
17969
1401
72521
45800
11415
40528
88629
43195
79150
27942
63312
57796
82906
76889
65959
81375
46960
31542
48149
16782
33990
56487
33028
3957
65559
25380
16480
86225
44314
76499
51591
33054
11706
59141
35557
71043
64985
69222
1500
89276
87973
24472
7545
12932
73828
81397
14018
90221
62500
79575
17971
24550
32195
76111
81079
86423
26893
3662
69428
6076
30108
47698
58967
63628
8738
27872
23319
845
70761
11987
77318
9013
81140
42527
83937
88711
71071
40101
184
85961
77144
65123
75361
75446
19129
25542
82263
89340
52005
351
20040
82716
33304
83983
48773
85946
53084
63816
83122
57936
65037
48914
71949
31355
11574
37135
62539
78065
64973
52060
20310
81574
25017
1932
59243
19394
87244
81762
4199
64752
79907
59306
41970
37773
44698
46845
58452
31867
41156
25448
1091
32594
9897
63904
35807
75522
44120
57596
88276
51231
62107
1038
27079
1689
45554
39487
5652
14438
17552
25542
2580
54487
30346
33917
51316
31196
32414
1305
87752
90468
45952
77588
19278
90942
43231
49912
89135
5605
22654
15393
53721
76283
64494
39696
62047
27525
50472
69472
33498
61871
79209
42191
9000
67076
1119
69507
59435
34555
66592
68646
61389
79529
53473
15295
30831
5480
88884
34526
80841
40329
65219
60900
28203
27251
82104
21557
49330
18743
34343
54843
72831
46975
81747
73648
7193
83875
11445
33319
37219
37008
82940
87024
50864
87798
3510
65862
50458
75028
86244
39047
63290
45570
37803
29344
52961
54090
38551
5241
11765
60627
13026
68500
47016
30268
55762
53774
39890
57026
31417
61399
45799
54622
7014
73476
19956
20430
66176
40742
7290
77542
30427
17430
53932
74035
13099
71456
6557
54108
83133
75009
3955
16653
58302
23679
80745
28409
46882
24227
74680
48427
72286
53045
14556
7121
2250
47869
53005
57078
71038
16273
90916
13754
81373
25680
37014
30817
79183
10201
59637
27549
27776
46033
48553
15320
61766
28479
89429
45610
15208
32470
76310
77147
27233
70279
79367
24589
31556
16719
90591
83337
56642
72868
54476
56277
37606
53272
35353
44639
66530
28424
52715
10513
4786
37515
32537
37905
79814
38226
46385
39307
66790
76073
33520
42197
38382
78767
62449
20351
89992
42415
31647
60197
17464
14659
27094
9994
67779
34322
2963
66386
85489
6519
89891
78908
82449
16006
20097
61531
14003
666
20746
10904
83401
42376
20730
71334
17591
83522
22697
47401
83786
66673
72304
3843
53677
49530
56541
65045
78878
86267
35391
31622
72087
80547
66011
55163
13976
29091
71844
86403
14201
46485
54681
80150
52877
37639
32257
56042
6795
25300
59418
52313
46326
17680
19486
18826
12140
8557
27606
40618
37996
89806
16081
69391
23408
77200
75629
85489
58106
16400
34703
66413
3891
61173
78485
83343
85695
34243
48328
72076
71052
16529
73743
44154
27177
25064
59998
7220
30050
61424
60510
12333
64394
2064
56277
87472
49898
88618
38838
24850
47421
63337
41948
7317
75846
70511
64720
20345
60937
59496
15331
36897
10670
29181
52917
54768
54141
78733
29875
53206
13403
72654
36374
10858
63954
76492
42704
49990
25230
70300
11954
71426
38540
59192
48569
89174
65189
11943
27824
9135
55032
35264
32510
81069
41230
63875
54192
3831
15999
89356
6601
3299
9042
89821
7045
53750
33529
31751
38565
41644
13819
13388
32893
37189
29035
82740
55962
46356
73421
42025
65831
53749
5993
23385
8302
34323
69376
14041
49251
87803
28459
29713
19108
39824
87412
33511
45253
72060
40308
74091
50377
18759
52771
69517
60578
75327
7582
84918
75929
63581
84706
7473
75961
77656
84366
15951
33358
81928
52863
71081
79891
83064
22670
88334
24401
76969
46372
64274
79539
53816
65677
54255
46878
73619
55002
11802
60687
48317
41936
66300
3980
34451
61839
43115
37516
43506
31229
34501
914
24143
37968
26417
11637
68003
64594
49258
52331
23321
21942
30432
54171
56918
20746
22868
46426
12547
32045
13400
22902
24602
16983
63226
67206
12323
25000
40963
70034
65329
88872
17207
90087
29686
2614
75235
78962
8583
49060
44526
51518
79877
10112
77766
73817
45018
85893
48121
67113
58925
12895
74492
24435
23033
7310
36546
28348
20144
23890
43373
57768
61095
22957
25370
57792
83279
43750
15948
21585
64752
23265
1752
55535
54641
67403
1416
84105
37408
24036
81879
58901
4778
40781
38840
62540
25288
62617
64339
71384
45743
6184
78676
25066
45138
25302
75385
29257
52974
82499
73585
54989
79498
56539
75076
19009
26993
65382
32650
38102
5837
41217
89084
68364
54129
16747
38481
34691
56378
5596
3038
9128
53908
19431
16774
63124
1237
63073
73601
1622
38856
70210
62308
87497
25985
7040
69533
9752
24112
52394
54560
68629
55443
89858
28643
87081
23908
31324
6339
84469
87212
88235
43377
60528
52618
76563
23509
46945
36093
51025
48069
7652
21345
76278
36042
7826
66985
32642
15879
70808
29890
37958
19918
69434
54272
37498
26081
76064
29280
11964
76506
7646
15656
68762
27560
11082
38902
66903
75638
207
83580
78257
49002
32494
54813
57868
31575
15164
46207
8167
41711
34230
38125
26251
57016
20608
31791
77380
75321
54126
77072
30153
58322
5490
21524
10845
25238
33972
45012
69200
13470
84608
66855
52735
22418
86184
12983
32055
45246
1450
56990
70290
53392
46069
23491
27328
38258
36165
87100
78590
32296
13214
32129
21148
65247
37405
23075
34488
18447
30129
28463
41929
34039
48256
60371
16494
55148
84439
61644
56628
68693
53242
4177
64246
34446
31689
37392
4135
19735
13147
14443
52267
17801
58876
28367
5427
30996
35898
89201
4943
23144
63542
84692
2086
13774
27541
40035
41138
6721
16486
46143
21142
53951
1238
55486
88337
7182
60167
60410
50772
37613
79959
61465
43599
30584
74804
44397
12034
56767
30646
24650
63503
61308
33093
29095
72013
69879
24793
13563
19854
33271
47945
56662
86450
89727
68579
71105
40293
45299
72786
14042
5396
7198
19637
29360
42021
4106
27211
65560
63572
75370
62365
61706
65418
19111
86044
64107
43591
1909
51738
21047
76480
83618
5284
44098
24484
87795
5860
9252
9264
45266
40678
65983
47707
50007
47408
41366
30251
65458
15580
62468
49646
43571
81834
32669
5941
53766
24934
57781
48723
73478
15378
5475
11787
90413
39436
42386
85287
89381
2215
72396
44069
14086
13079
22163
53788
74628
58830
8070
51524
44548
83140
60660
87051
6404
13139
88848
26252
61564
17072
84865
90690
77445
22021
33820
8355
18124
48932
18640
62991
30978
27870
66006
18256
75539
32450
74443
1179
58577
14449
16780
11372
59685
1877
11829
15064
43626
24354
10830
42508
13766
66077
68802
44803
3829
59745
39021
19076
34724
9200
35921
14466
55430
17422
89789
14132
61998
77378
53315
51709
79250
22878
75532
68959
55073
15221
59043
80128
62793
1748
71138
25959
45919
16377
19349
10352
53324
22936
54241
45706
4624
7141
23016
61553
18509
61475
52117
86007
53883
14051
46654
51094
29923
19264
78507
29081
1339
73911
17241
12696
80245
10133
22762
43362
85788
8464
84165
81477
8412
86391
44078
35065
19852
69045
80466
31858
71827
33697
27514
51644
79580
24641
79897
45945
39680
67117
65971
27710
37231
4184
62196
11060
81594
73080
69714
78754
47839
16975
27968
59183
13202
71434
75927
19213
55533
17503
8795
12193
87644
15355
83400
63687
70767
49129
3280
1123
23317
48175
28338
30330
82273
80146
47111
983
31468
8474
69404
85457
62975
41009
21951
38257
23162
86532
48009
55274
22070
1756
50279
18441
58604
79214
50308
56188
74728
17334
39542
33327
71005
41283
40507
62873
27590
41579
54376
44437
13295
56207
9869
77516
60590
79922
11889
76048
16160
13699
40958
49772
68060
20290
44329
57439
52422
41502
20408
72511
14890
59628
87232
71866
73878
89309
20914
64039
3466
16759
24081
65435
78286
8339
22698
26248
48232
54174
77328
84200
1168
51625
88908
85263
11778
51219
59006
16990
13744
14295
76458
24748
11249
36912
27657
36999
63946
53824
17811
76328
33000
17464
76230
26853
84095
5642
58158
9439
12057
62186
67577
65836
34918
24011
84709
40647
79637
49150
58201
29827
11469
15973
6109
55639
16306
75621
27014
76587
21311
5074
24714
83808
25092
75420
63164
82166
5092
4999
56733
3151
24118
46657
42256
19296
10870
68333
8775
1720
45216
35060
54359
54057
3672
68795
56229
29116
52520
32647
16291
46313
37575
77645
79971
724
53114
77342
66519
75770
24970
72040
85747
17163
76395
84840
52944
87250
17076
43634
4117
10239
64615
46787
29404
38037
68814
6494
59942
73815
66832
41347
46460
29734
12199
88598
37203
25766
12207
50347
64627
34158
44726
73959
27972
90782
770
47977
68382
72667
32171
26280
32059
63094
69031
10942
32443
25195
88891
82282
69084
67340
64333
57643
54148
75213
22891
66888
59917
9019
48487
19205
59563
62254
75370
30520
12693
60950
76457
77106
49357
10105
12801
9617
26094
10946
30115
21425
21665
79518
45115
59042
11324
16847
66355
2333
26784
89371
63215
69433
88885
54271
62653
30554
61004
20917
90859
66729
15272
24645
69084
58150
15034
88904
47168
54602
30704
20263
80575
59025
18842
80810
8650
44364
73992
38197
58431
20837
3331
18604
33663
14747
3807
2703
86917
83062
14953
46128
88453
13604
57475
52945
10270
90842
62025
7299
10838
69446
40151
24818
12600
87721
78209
32852
35356
46330
46934
38016
22060
39797
85146
45411
20351
56411
21327
25181
45092
47083
18927
10858
59756
45814
5937
38437
39995
83696
57069
15903
76437
19411
74406
38941
30946
56149
42771
63863
59813
44985
64825
50573
5719
27427
19833
16556
18586
43293
83689
51102
81773
42151
1658
64528
32019
57411
87742
83229
68048
48998
85180
21223
69130
74379
71401
82293
75255
59346
20444
71505
87241
58557
14693
25376
6675
20642
37995
7924
39598
16229
4394
12023
32908
44725
83142
50837
81240
74423
3150
84964
36192
69840
20855
44440
54937
69227
77540
60927
83750
67002
4751
44899
10292
68873
90727
1118
90324
42815
9806
65967
87245
43646
5253
79482
51758
40241
5318
83774
66462
38013
44374
55840
74136
42224
6877
55853
52358
59623
51707
89269
13680
28427
48305
11715
27961
26667
18817
39105
56407
55445
16987
59496
88245
31533
63686
34789
6366
67776
72503
46831
89224
6979
28264
69276
43331
34988
24944
81659
57773
8618
68947
35869
55675
4889
52118
55157
61446
39773
25097
22390
5095
33152
11577
32772
25152
20926
55713
68178
8409
75133
64580
23563
22276
54515
27698
8772
47093
54911
81413
60806
72921
33081
82398
39777
88738
56606
10825
32068
65933
14628
65378
52866
56073
27756
914
51414
39139
89869
29354
57991
20978
82588
19410
66062
55908
18841
38759
52700
69163
35758
86119
75585
26920
83809
53682
89511
31786
66128
70687
63597
67339
26660
84191
27687
47080
26101
53282
60187
22474
35709
59501
46518
11446
79666
65053
29605
56837
34227
77083
45408
8568
87267
7651
89192
64357
3475
51706
62409
72838
19002
33427
13915
17924
17216
27831
45035
33856
90784
60151
42198
59569
71700
57071
90925
73783
79794
7392
29619
70131
46163
69298
74204
15521
16444
35005
1784
14867
65438
17274
24517
61211
64185
31979
86019
89908
47797
87467
20424
5790
61920
42523
52804
24956
76100
74162
11486
13036
49696
45632
50293
8090
72518
16976
90636
55561
70837
35504
72797
17903
24205
21302
49638
30548
81447
70304
35712
34615
12119
38456
45892
13613
62466
82595
25208
29831
27177
27908
76847
52359
56440
45249
42871
47990
65024
76569
23260
47733
23296
39585
13354
35166
77403
27650
1895
51910
74354
23409
74023
61209
47186
34355
50729
79618
79688
20818
81895
40470
32009
26272
9707
77268
22095
80519
61572
84147
629
22674
83280
60415
59155
47196
38107
58690
87237
22803
50358
60051
20870
12664
4323
63366
38194
61598
28965
29160
20616
16509
6108
76749
29935
21538
51414
27807
74984
74629
74737
61773
59408
47518
54972
69782
82273
47932
5406
15192
66031
49924
19406
40650
12605
27098
16657
11946
85034
29895
87706
4275
17566
75680
18684
43407
55054
35862
18747
5053
43143
42479
65777
82743
20935
84481
2276
74259
23983
34214
66428
52772
78908
17592
78275
39940
69461
1931
25533
65136
7391
80689
26806
24344
29180
12766
10947
90714
67435
47289
60144
65001
20192
23235
32985
17751
40684
88895
76524
14732
1551
81958
30579
3226
60506
55789
84344
34135
35553
78422
23386
24598
59085
24632
64092
57274
30200
26652
8235
51464
45009
9109
11224
20608
12296
12987
65924
83775
49532
70708
928
85173
89191
45343
77327
24902
45283
14095
88139
199
85885
30688
68172
41134
8248
78721
29807
1566
12853
48573
54739
84678
58886
19112
30519
68045
35482
27227
32735
58237
17178
28189
2725
35881
90698
51614
53003
22739
38868
78488
58887
74567
76070
47756
90024
65126
18915
10310
9509
47599
10159
47503
84845
52448
27588
71637
225
35293
17514
17193
57077
14875
41140
18308
36261
90452
6229
69846
84164
20687
24128
60421
43792
83819
17567
35183
43754
60264
59636
55277
84097
60618
32267
32356
374
2074
11120
75872
31025
2283
84477
72663
89875
24550
41948
46239
64389
51299
20355
15821
83334
13949
3501
16379
47698
47944
3084
79501
57885
34569
87141
61057
1191
39714
60460
46440
41753
58648
1958
22437
4941
2915
44798
2817
18516
12770
82103
61641
46506
69601
11664
43677
81883
776
34341
81173
53985
30201
55018
75097
59829
20245
21962
35294
51587
84731
24382
66080
10482
57926
58922
17785
4488
26106
26281
18012
58389
8251
43584
2230
19654
33458
29232
69786
81890
84925
82773
34023
3097
19690
19420
42649
49535
73632
68129
15904
57056
28002
59230
22776
55006
81408
23103
52182
63270
24987
58394
31724
3577
6741
20117
8450
57870
8827
68344
13129
11661
55009
27209
44613
68950
49704
30414
35094
77447
6238
41565
68211
28636
4650
34439
83132
39409
18650
12195
8586
64475
22323
28862
47133
18949
28932
2344
39353
15831
1304
9027
77814
25112
30974
57589
44987
69436
45894
25012
27983
20712
50402
64385
63035
38666
16303
48709
87079
75758
87023
16520
83728
48267
57021
56456
79746
33349
51692
30110
23584
56203
27747
57653
17229
50056
71369
50364
29238
38639
41521
59747
38894
4927
8730
39730
21909
83686
53094
50284
12166
19554
86229
40762
9036
74915
76085
29740
62256
26772
6624
82243
38161
25952
18994
5834
33505
59281
18326
77611
80104
9203
21108
7278
79120
31959
64817
88195
61244
47068
23531
4329
61549
72248
69790
64991
53306
11925
25792
52775
64139
1574
81598
3795
76610
45992
42817
14199
11207
81302
88905
3702
19479
16524
46052
19057
27000
45957
88154
88506
4035
86688
60656
59799
13287
58925
75008
76897
1670
85270
19601
71716
13134
52680
43768
50897
73054
55745
8915
76295
62626
13499
34933
28233
80638
9870
83356
59208
55643
15364
24443
38081
66001
4982
64731
55058
38697
15868
51133
18869
77500
59802
8517
59319
70118
26286
42700
72314
87009
35445
17860
37599
29360
69981
35264
38975
55801
1605
16248
68632
17061
87785
13782
74253
72415
65858
51848
74694
3302
48658
85578
43519
28481
33981
38423
38156
10558
51731
41092
850
50567
53058
20481
68481
47842
5480
35637
82678
72532
66766
39757
49212
53449
13376
45936
71266
62682
9416
88122
82488
50307
60435
69123
12619
28856
65275
54699
39680
17252
74236
73661
39029
56557
7426
89973
54283
86111
327
87087
35240
12523
19795
40222
60657
17308
31436
57869
65980
37255
65397
18413
64115
45612
14282
63452
37028
74085
70225
1334
27422
66273
8620
88459
45351
71926
71603
35677
31512
38817
38055
73188
36146
83403
79801
87767
10681
33578
54417
27889
37062
15224
22731
65030
75411
77180
30019
83673
27328
19084
6641
89371
25842
75468
11240
80754
11043
60805
83600
8524
45517
22637
4187
76366
86511
13446
89749
3709
70882
16854
27188
51192
22126
38323
54711
78256
87317
39585
64819
10478
12441
80985
72416
3927
44921
42375
83963
12166
25334
89208
66965
48390
79972
41062
61896
6298
22037
15498
73225
66276
77359
17325
90417
9054
79110
76763
25373
35808
19788
34324
60694
70398
50724
68608
48299
66117
89510
80863
23194
82139
11052
39882
32893
47232
13619
52401
45201
65660
35390
85850
2962
52854
6157
52843
8211
47495
54554
77092
56201
8577
27388
73084
84639
35871
64692
22214
53500
49146
35949
71455
288
41724
16729
2375
82758
59421
27758
18810
89739
17080
71327
20626
67117
27666
36031
61195
17062
52886
25528
19170
48528
90895
68385
76115
298
13875
76807
70726
81273
29897
36698
5348
36890
12815
80752
4796
90523
16458
45863
64717
33425
70690
54652
12239
5596
41849
27217
21682
75215
84609
6978
85274
57420
34327
19344
83558
7860
60328
30247
15068
71740
47798
61034
88362
90843
15574
65726
86667
64520
57346
43204
76149
44280
2862
82912
16587
56965
67737
83823
80540
38042
31482
44797
32926
76266
9500
33924
89128
21897
74624
61449
60788
44571
85134
13128
82581
42560
86783
56807
43058
59225
70937
40520
36046
83796
20968
86937
28572
80338
68838
57741
1316
22618
7487
90421
46196
15031
85411
249
71798
84492
46120
84632
47626
25960
37628
63248
45928
60597
100
15855
20044
78690
86644
2464
12366
6632
15972
27457
3924
44745
71298
39312
64687
40828
78538
58326
77663
70725
22303
42004
34660
16074
24356
60794
81890
29585
72124
85399
51376
68164
73874
15842
32629
80511
89006
86990
43687
36984
86565
29517
46481
38996
57788
57971
54984
3667
60328
79763
627
37034
1780
47912
68853
15070
7032
27817
59665
49624
49595
25671
200
58796
48813
19019
81817
42971
64444
16272
71502
6041
41969
11672
70182
15561
55261
41651
9461
80204
62925
14450
47972
63728
17551
46665
56142
50677
61968
37682
87121
52515
37892
85558
2165
79759
73681
83231
23548
82020
58161
6914
17654
43167
4682
86920
75568
15651
13923
31995
40320
64074
24845
83437
13103
309
87051
50291
58907
47802
89280
15977
70536
50957
21124
54936
45699
38274
24786
67154
30915
39254
63473
83278
60572
43117
57549
24231
21889
11957
53002
77903
38373
39058
8828
82640
51830
68547
12885
10435
10135
22770
84668
28338
5129
5057
61774
59047
27645
64664
57916
15864
10056
60955
48049
65474
60188
5223
80774
57706
81014
10309
72604
50779
72521
16431
22678
45793
24039
38664
21720
77020
55071
90792
78679
584
25776
13085
84559
15105
3824
67181
35531
81092
53929
15680
19924
8097
51353
13778
74305
83573
48228
27030
45688
52643
54672
13438
87030
80218
67765
37295
77425
74770
36215
4961
1199
51800
64545
71300
66858
46554
75704
30302
14811
70108
42161
69953
78319
35096
63408
78978
37706
28675
28542
86643
40103
59580
8150
62907
4314
18569
56236
76851
67122
45874
55090
73713
85742
84166
38401
57745
17939
33396
68232
14935
60087
61338
35668
1098
59637
73521
67020
38306
32509
27050
6904
45914
61463
25417
47470
67281
77284
23087
69568
78506
62250
55335
90901
31587
51738
46846
7730
89178
21575
23317
52133
44139
4653
81802
85822
67943
88675
45514
46699
37407
75054
3228
88142
79766
10900
45615
51605
80428
89034
70483
89405
38143
56306
41989
18660
83443
90205
32516
60986
65194
61577
56400
71067
43015
88487
78458
34324
72660
82140
85934
73815
3412
59697
85446
29636
47779
48601
50568
13854
28233
39830
25328
14640
68413
46073
89856
8906
78102
36588
6651
34316
25549
12133
88217
197
38510
74418
83644
46456
25310
46900
29354
90596
82574
79322
36227
80727
49085
47226
75234
9150
9076
31413
45529
47316
22818
69872
87341
52900
680
42763
57160
28492
