9322
6841
2321
1122
2159
10475
7764
6165
6136
2800
10815
2757
10955
5181
1622
1029
5379
833
25
7289
964
6999
782
1235
9824
10515
8739
8441
7514
155
8297
424
7679
6171
7420
9023
9636
4733
8031
4946
7523
9227
9484
10672
10279
354
481
6588
3063
5925
9086
93
1040
9667
9187
1410
6842
9782
5143
5654
3924
4641
595
8019
4204
8461
2188
4783
3134
6392
5567
2632
1670
1882
31
2364
2289
9189
9883
185
8845
9425
1643
4974
3954
706
3256
2372
9120
9687
819
2949
9207
8095
4893
5391
5349
6857
182
165
1065
5096
1106
2579
6455
4673
4429
5243
885
1155
8423
10657
7674
2874
4099
4839
2406
4392
2225
4662
5005
7945
4780
1162
4781
9641
4733
56
7406
788
9478
7886
10201
6633
7531
8199
1889
7244
3642
4147
2654
10023
4723
10679
10185
8428
8019
1461
1082
8618
9491
8931
6781
7089
5389
9128
8155
3699
5350
3409
6028
8249
2311
687
546
3592
5517
2762
2000
6518
7961
5766
3042
4157
162
4336
6727
8362
2110
3221
9088
4730
920
10831
6948
1819
947
725
3388
2218
4748
502
8042
8102
7157
7690
335
9495
3086
4717
3265
772
1519
9817
4691
10081
9280
10790
7942
513
8897
6657
6622
10190
10229
7231
7743
7850
5177
2868
4590
1632
8531
7764
10484
6156
8397
412
5933
6780
7017
10310
10431
5074
3391
2208
8070
10519
8609
5632
6356
813
8607
8214
10310
8313
7710
7734
8777
2267
7628
7648
3659
8083
9487
5374
6967
10866
4531
4889
8672
8474
3122
3064
8078
8179
2805
8183
7622
8547
6817
4264
7220
10705
6877
7440
8244
5183
8856
2528
1087
7553
8807
414
2360
9782
5396
5528
2981
3914
7642
4213
8643
789
3901
10848
9499
332
3126
7097
6385
7626
7172
10266
843
10250
4543
7379
7046
3652
5389
5482
4187
5426
10159
2171
2529
6045
6774
8711
5892
5057
6455
8244
10324
7233
9238
9817
8904
5409
3590
3892
7833
2150
134
1266
5699
164
9895
7939
4446
212
2843
4791
1891
3751
6552
105
3538
10180
5841
7854
10440
7754
1117
9618
445
6099
1481
3992
10196
1597
1744
3011
4955
1773
1507
5317
1970
8250
9620
7523
4721
7436
8596
1540
7538
10271
10605
3125
10614
2984
6889
5450
6947
3514
817
7930
8219
1781
2026
416
5408
9141
2897
2313
1555
8890
9127
10487
5804
5713
1840
3105
9939
4918
9405
4444
6821
7756
6402
5243
5586
6203
4522
7014
8563
9029
5054
330
7994
9109
468
6021
6130
10788
8548
5732
3316
7065
6702
4251
5707
10213
1959
4856
3000
8568
10987
8044
2487
211
3468
7967
5482
6091
10776
7095
4556
6854
5169
8876
9557
2150
2614
6412
7300
7135
5534
7974
212
7159
8780
7917
7429
10801
4559
7571
6251
2397
9665
5671
1044
3920
8295
7060
1090
9443
9631
8224
4176
402
7989
8310
1042
3156
2865
2536
4813
9898
8874
4268
10613
686
9798
8329
5445
4194
2969
8063
6193
1177
4146
9385
7120
1886
8134
6144
4541
8671
4404
8821
2637
4477
9031
2938
10363
5507
1658
6517
9902
8265
6261
5154
452
6996
5734
8717
2400
10795
187
9233
7998
9432
2180
2575
640
9714
9117
126
2041
10251
2009
2803
5414
7955
9818
10229
1204
1440
10925
6544
1805
6767
2603
8724
7085
9620
5497
7466
7800
4889
4481
5699
7934
9943
5281
2468
5710
1935
9570
8305
3784
2019
10683
1621
6903
2415
6755
227
1411
5661
62
4861
1389
7865
3223
7798
10147
8441
2563
7286
7667
2176
4502
2394
7605
4105
10343
1069
8809
8722
3294
5775
6151
7436
9166
7471
6997
8789
2118
10376
2347
2216
9873
6758
7642
1714
9805
3252
10227
7394
3865
4868
5381
4052
6095
6138
1166
9577
7369
9709
7138
6215
4536
8194
10201
1697
2471
4230
5531
1923
8598
10352
3423
5884
5906
5674
65
7463
2178
9042
713
912
4821
10249
5184
1064
4607
10879
5046
9957
4330
4856
9991
7953
7025
695
1908
9869
7392
8798
893
6723
3671
1175
2764
8365
2638
10394
9045
10140
9082
2156
2865
6680
7508
1008
6354
2057
3195
9324
6473
3976
7264
3411
3763
8798
4760
8330
8410
118
5198
8097
9743
2633
110
1865
7406
9111
7231
6316
6194
4900
2056
7189
10527
10727
1435
3645
3742
10066
9870
4535
4803
6726
2374
9441
1898
8951
9750
2831
9120
3712
7950
9206
2062
6066
5023
4025
4504
1646
5498
10700
5668
10685
976
8795
4430
5159
804
8445
9152
10624
1117
10963
9359
8172
5728
2407
10617
8363
2618
7434
6074
3413
7106
6542
10549
9786
741
1733
8671
10774
5491
6140
5096
3472
10527
1176
1771
8958
1981
4387
7557
3391
5731
1283
2778
3924
6482
2640
2571
2636
2750
8199
5795
8602
10656
7951
10001
10733
2829
10591
9024
9036
6239
283
3897
8300
137
6033
8858
4647
6848
1620
8864
675
8285
4492
7808
10012
1360
3144
10508
4319
9246
7634
7169
7188
8050
8493
4796
3206
8698
7261
3356
5883
520
5394
9747
10283
5625
3611
5087
6486
203
3443
6989
5631
3463
9147
3317
8503
10589
3764
4232
3647
3247
6502
6046
1302
7198
6658
4252
10194
4529
9873
8274
8975
9676
8999
2955
10289
10316
4320
2045
2136
1616
9853
6945
5223
8316
1402
8165
10641
9095
5207
5388
8073
988
2305
1231
3916
854
9117
8844
2301
1021
3440
1613
3436
5509
3502
6108
7268
6733
469
7482
727
8517
10653
5655
8937
10856
3014
8059
9262
1865
10310
2003
7897
2482
1589
3015
6058
6592
2471
4537
2522
227
6910
6648
470
3281
7626
42
10446
8297
9790
8568
689
6685
2311
4603
6359
1512
5323
3092
10946
319
932
1929
8922
2685
8808
5388
9412
6351
10198
1741
1622
5326
3343
5656
161
1738
8551
3193
7316
1195
4606
6212
2753
1539
1440
2913
10574
1456
2957
5076
2282
3869
9261
7803
8441
5936
1540
848
6830
4326
1062
3030
412
10187
3087
3073
8762
1534
1161
7510
4729
5720
9043
7369
67
4565
10483
7390
8665
907
5224
5575
2920
6591
1342
6715
9258
10944
910
6840
8509
6443
8481
6072
930
2053
2242
3726
1572
1087
2989
6284
10762
7075
5632
3165
899
1990
2860
9565
381
7422
7408
2904
858
442
4306
9536
9968
4576
8130
6736
371
8993
6254
3669
5106
537
7364
6245
2362
131
1271
8119
8819
10593
6016
898
4093
10601
8024
7242
8318
8932
976
9236
1283
7528
998
6699
1872
10253
884
2955
6
5436
1518
9547
8688
9978
4992
368
10226
349
2994
1412
8447
2534
9649
