73688
77167
16530
63349
43640
45531
339
67477
26831
42018
12691
60649
49506
41300
56059
64377
43206
3236
43329
40651
7341
51331
5427
17004
7203
47865
68814
51826
74484
46179
21920
11126
59021
408
17821
1551
5411
6669
75522
66009
24347
49737
58212
51069
18015
64698
9284
49674
34306
13782
57305
2801
46953
69894
74930
71614
72285
22733
10335
18778
76385
78366
76810
69021
60252
31659
68608
73745
57340
19018
75438
78107
32608
23226
62353
39322
76615
62427
69806
4913
42266
56595
43851
16465
31851
59325
65728
54783
20689
45756
45309
70806
45777
51750
61938
47053
74250
15356
63373
40681
15669
5373
77595
1933
54152
63073
74246
4461
70989
48819
8223
42843
9851
21536
24193
74344
8473
25629
42866
78676
69194
30213
12190
1049
21922
69783
49193
39578
27731
24734
37881
4593
69068
162
20118
4893
55023
69667
16391
35338
34350
68806
76611
19195
16337
31409
39520
4922
71438
40544
28467
76480
67533
57514
39060
64225
37927
68517
19261
3678
74451
7957
29864
69438
40164
46108
48034
38974
74762
15852
70768
34669
18148
24088
73532
33389
9599
73856
43964
22523
65950
2899
3551
4792
55334
32199
24333
45256
57604
10028
14442
39495
46413
11198
26766
38115
26217
265
57012
58373
11637
27583
17061
63617
28076
19749
25609
7941
24018
71436
5737
71471
25189
15739
70747
14750
31976
22769
34299
32802
62541
26424
26539
57832
60270
29253
25775
838
19919
76916
22567
36669
4940
32281
44858
66204
67715
8817
64707
70672
63302
9711
27523
40753
20207
58626
72091
19360
22960
29547
78091
58877
70070
12373
68580
48109
16921
16181
53335
65785
35611
67217
32088
24802
44226
7069
68722
48640
20988
34384
55176
43209
51254
2877
43965
61550
30985
12078
53961
49985
15001
20514
34257
76539
35915
33439
61546
22947
44067
21299
5705
4369
7511
27692
68722
61896
42380
33600
72723
60137
66747
38038
49996
43572
50927
76651
14301
42914
49469
3225
26275
60438
56289
25226
11225
40090
5625
53474
61040
7261
17552
36898
55299
43266
10609
68057
30097
75476
57918
53341
34351
74701
63164
50783
18249
17014
78660
45741
30013
56497
42945
25201
70053
45298
41761
19870
40847
7340
19331
58058
10562
22823
50419
78855
33823
65335
41324
30732
50018
56177
61651
65225
10787
44630
14419
30215
11238
6922
28507
4230
51467
8006
18976
63344
2890
1769
56664
5538
22127
54085
25461
18627
71725
64038
9353
31317
41739
68621
41828
32441
400
34371
60112
20927
41556
39657
63029
27835
73908
66868
6302
66306
62097
54894
28734
45300
23862
22063
40544
62284
50733
27899
77907
21314
7069
68237
76886
65041
6929
56521
11437
51372
10016
45710
1280
31156
53636
54314
35876
30205
9617
72256
40249
38383
57212
74717
11088
36175
48278
69433
58102
65317
78284
8824
67201
75641
33580
11376
51637
30751
47094
54324
44716
13737
28348
28047
39904
62051
59800
9413
70182
23658
30409
64987
12729
24374
31537
60599
20536
19647
47565
44618
23725
66067
35482
55449
48315
7045
73001
46827
65507
32442
74486
33765
10243
54764
41683
48977
27404
17817
13924
53757
2230
48846
71847
51312
76506
41965
40250
18495
30372
5015
26064
34702
59523
44138
22657
178
28190
8618
24533
8107
33236
78526
16885
40102
24152
66498
14879
18352
20959
25410
68004
31080
20680
30542
17183
70003
3400
17144
71292
52027
73942
9554
31138
10977
69097
61421
41870
5175
29164
8901
11510
36882
23931
21992
19511
44453
37974
56749
66564
47417
75199
27993
63555
10560
30288
72228
66093
56361
42470
3258
71106
56645
6884
20398
35303
25216
78062
48873
61022
8211
37563
41544
21887
17199
46485
75628
78176
50068
10905
52842
718
3559
44221
24970
53887
12050
70803
533
61566
27941
76777
67344
71946
19242
57641
22022
62028
63414
24460
74441
66859
9131
68294
37320
73805
6459
22142
10557
48372
29503
64437
55989
19674
78150
40592
44322
66419
28697
23083
3622
65470
65179
5020
56437
78559
35573
26193
26133
54084
59071
4648
62786
762
6739
33713
39298
63387
51332
38065
63431
58358
11980
63998
14459
56804
77890
9018
75277
75450
60922
27750
20665
26456
12159
24628
34342
53605
37476
59185
35817
9388
36056
69069
71376
53663
42431
49224
24064
8142
77173
76115
78639
37964
25445
51016
4430
24143
72832
33168
51174
4978
52794
37775
14924
63600
47854
5781
16847
6047
78361
19963
65373
44039
67412
2320
19317
53742
53195
37776
40472
78249
34202
26400
43169
69256
59367
22992
33699
1719
27779
52189
54426
49493
24403
78882
24905
27971
57099
34658
36635
48810
67689
68557
41117
41329
24879
23701
160
55610
62690
10923
60076
45968
9664
14611
14840
37576
65934
38585
54959
48336
28903
40110
71020
49240
1937
64595
70246
20692
4338
70497
59646
29283
35184
20266
23413
66527
35285
71983
45539
47977
2713
18087
39450
51528
44682
42321
47841
53974
32446
37175
24516
31175
47681
73663
75601
25807
37162
35406
74557
56639
55103
35163
45541
53268
3913
17006
15593
220
72779
68683
53034
73741
3148
58543
12076
53260
48452
19118
64631
69535
16891
37678
33576
1976
60212
47283
56372
9174
52184
51632
64644
3113
66967
72079
44259
53546
77114
60045
18885
70677
47580
26717
7226
20628
74359
7087
45696
37441
48186
55701
14503
1231
68176
52778
68029
12390
75044
36111
5058
25689
34448
12571
68798
3366
12285
51711
70222
41529
26341
11251
15933
24173
27148
56320
48015
63136
20125
52603
48361
17434
38577
17115
6100
22418
56250
63583
26401
52381
14789
19647
57038
8556
8438
51653
30646
18640
35950
59287
35495
64061
68959
60493
67085
63336
36296
61185
16436
61199
9851
19544
47178
32963
7124
47939
13707
19980
47413
27586
20230
35034
5948
68758
42597
27251
64478
13641
77898
66365
22932
28157
15492
22890
69492
57733
21161
54163
67771
42860
33685
60339
10725
45608
19809
68153
58687
13083
58143
8001
34628
342
64554
61464
51356
76105
58290
70153
59539
37011
69933
22321
35357
66011
48225
44468
5535
73689
74749
54641
12545
66828
2752
62649
36207
35745
19665
21103
60087
71364
42317
25973
55973
77271
55543
23027
2361
57452
27778
42348
9978
4264
55178
15199
51844
94
51961
29014
70125
61236
77925
7695
11870
22094
66142
5509
44469
50702
10918
68122
13095
6701
60441
16051
62138
30361
53931
60448
47216
46858
44833
46
45911
46938
57799
69139
75734
16881
69273
10726
66498
37210
57797
17144
47519
68502
63333
38123
49698
52491
74323
25845
55011
5248
17366
53849
15016
55640
40833
46130
77196
37352
49402
21477
34294
49919
64111
20770
69102
43913
24132
39894
67882
73127
38642
76393
479
10447
24257
54023
13763
31404
9686
29365
27391
34034
40416
33809
77986
25832
35484
54742
17233
17074
48849
77395
28587
27681
48366
30055
76672
66210
12919
8116
54625
17240
56638
15557
6202
15086
59397
55292
26908
41053
69658
50244
42952
8790
69044
23176
9342
45037
76602
13095
7035
20475
39659
36821
13105
48110
16448
48351
39448
5263
58957
76650
3482
53455
22310
56840
13364
70399
70502
3152
10825
37203
66011
71897
66681
8146
24742
70547
69414
30228
13598
51778
73311
69360
54556
70231
32269
32625
6161
61141
36187
28189
5019
68501
3170
16002
39326
34999
3754
56709
20032
28149
76277
21512
52709
27141
47774
41551
58201
75772
77191
68416
56124
7545
74128
46205
67143
27733
5763
76638
30204
3701
6123
53935
26764
73721
33021
68252
20835
42701
54279
101
71685
77193
7158
36706
40100
51422
14723
74868
473
65280
35821
69005
30304
75763
54786
37909
21960
57051
61830
38138
26207
28852
53767
57059
22981
19378
60087
57345
51511
31270
3624
73123
1852
46822
32982
75428
51388
73728
60693
27555
3987
507
37420
26263
22461
8249
6825
34069
38060
11845
3484
72023
64501
49805
1720
68259
43689
78732
34460
76861
44311
46327
63247
67330
6951
40505
17762
78466
22153
69590
56935
6537
43027
70745
76823
55698
72185
38938
13786
39552
27943
75079
1959
34739
40378
6285
76684
52075
48061
23147
44095
46053
41064
48923
39290
57047
70698
34711
39189
78944
17391
71548
72198
58657
48236
44157
69771
13555
16479
15119
36160
19371
41124
67076
58508
73545
65779
12039
52542
33401
64429
44267
53741
49771
42876
57463
21396
67573
72394
6930
44733
72251
3194
49807
73764
31288
12251
54045
14204
47620
41307
18558
3152
18026
78248
45738
30071
29957
36066
13975
55810
75446
75108
70631
39426
37605
10385
7414
50794
8537
57059
1663
56636
29101
40654
53834
41359
31826
39339
46388
67582
20155
14577
6010
20460
33089
21646
67331
6115
6843
22868
39914
9989
4937
42494
1557
23049
46709
52465
34621
46479
6103
11128
53002
30647
29340
5871
63321
50811
43562
78705
55397
57260
20131
28109
22032
63506
37555
38683
2092
39598
34319
27597
68331
7457
18588
53088
43047
56128
19905
22378
4295
50823
30395
63645
69934
54241
66763
26257
23921
6282
65221
76744
13125
8172
64536
10395
8955
29341
72437
22195
61866
14962
33134
62273
11775
2741
6036
76438
63082
74161
17061
63838
42312
78414
24592
7423
54137
12984
52734
69873
10214
78026
63631
74725
41601
5464
19046
46751
29264
35466
12234
27232
68087
2908
9498
63140
56145
64962
72885
11
51179
19929
49331
11523
22837
15953
39299
36642
14950
73214
67641
42593
49930
52942
2707
15364
17259
68429
77409
60557
60378
73203
34536
66569
36216
44976
69633
54475
11421
5910
43850
68988
18028
20172
64024
62220
31601
52395
28119
41065
8376
51336
25865
40550
75412
74066
27278
46880
64312
18982
38198
71482
71429
72591
78144
1192
53513
26121
66070
37648
43368
66052
29952
22924
76170
12661
7225
54916
49161
25616
69209
62457
56028
45842
6456
77740
33189
31107
65516
10541
58652
46729
9272
24200
39854
54751
3449
58281
798
30756
59301
78976
75925
28160
60466
5096
70169
36730
33265
29089
56808
7492
62445
72853
4391
12064
23980
28808
17987
22964
8800
4392
34043
31224
67610
8508
11088
9544
59557
71697
38130
77669
43778
17175
72041
76070
65093
11659
42693
23709
53363
48686
19218
73868
37215
45090
1675
18125
20544
43572
65145
76649
69767
76229
18609
7232
56210
53706
75208
51015
51081
60948
42603
22408
43794
55842
39783
77275
26885
33194
13097
13827
13598
8942
3236
20403
17658
30483
18405
49918
55679
16493
19812
68246
36861
21887
11201
45829
22939
47895
16433
56391
50928
37093
72756
46417
77175
77059
47891
58594
64686
1008
67451
59551
10795
32799
39209
78421
73106
28117
14129
74687
38728
58952
10671
63344
23421
22242
20065
42090
4570
47245
63631
56885
49743
36408
72568
1059
13919
26568
46554
4160
53387
30826
48526
51911
6055
3076
40406
25175
6861
45931
66379
23876
25532
50279
1031
63842
2908
67283
31972
49389
32065
2961
50631
61580
15874
40578
78557
47507
69765
73707
37440
26999
16993
21995
6469
52741
32015
26897
43686
6052
46813
4826
70183
34585
29104
33608
51039
45712
28622
38966
39877
47216
34990
6736
21124
1120
54116
73239
59557
20165
60173
76386
50839
47581
8091
3320
11502
22614
1509
64410
60901
12016
16055
73454
1401
56345
29081
33117
23723
62727
1022
78366
57177
70968
72820
32892
57195
76301
338
25050
74965
59309
77355
8655
50421
4902
73894
70469
42939
77566
35687
64331
68792
41991
30742
55082
68500
6801
73850
30804
55456
55826
64361
58264
5837
12256
15190
69562
31
43351
60992
21584
67553
19614
38075
7424
40094
47588
22798
43949
31185
40576
73744
7096
1778
29310
46295
47498
33750
29413
53231
50887
24777
26301
747
53855
9931
17238
23995
7367
54204
63411
47098
73332
26149
45086
70138
38775
72773
47789
20822
35012
26516
21554
4940
27525
15544
2920
38038
23635
26665
62713
65420
60148
18867
15548
17815
20768
39544
5300
14188
77013
70599
38516
73819
34363
18005
74095
36122
53370
63430
41188
7315
20183
47776
51294
6424
27222
19645
40249
54342
881
2411
38880
59485
2550
11561
77452
30354
78094
63840
19935
41190
69754
30795
67263
40103
22432
68453
12062
52865
76508
60822
69749
24257
61954
34049
11017
3262
50839
2541
58886
37100
111
57622
51576
18830
71440
12663
36352
73775
25374
28487
69267
68606
27168
52453
16143
73268
19816
14009
47782
14946
50568
57960
55885
48235
63512
51171
10286
19580
44540
75837
31914
66756
12817
26959
47091
53156
61448
32266
50516
56724
42355
51960
35412
52462
30749
15208
2095
14460
39359
15636
1269
38697
34708
78505
51167
48838
37341
24402
31619
23084
40401
22184
43009
32017
75844
13250
37757
3441
65841
69957
41733
62106
44946
53089
74789
13012
38812
50568
67846
56547
50887
76476
27829
63499
74155
9419
72887
29382
68687
69529
78658
54404
33346
59619
54191
15368
10628
14659
22380
61427
41343
78925
33222
67208
38351
43885
59323
29939
61504
75506
6045
1239
25495
33195
12899
62314
8889
2677
48682
77095
999
31302
63152
31631
25091
58745
65393
23317
34340
65686
36754
60709
35005
56821
65611
3760
22989
37319
62538
62407
12903
54922
9498
60793
54297
49975
5227
37740
4625
69281
59058
4412
52659
68587
38441
25266
74736
2998
65682
36499
59945
24415
38788
44091
67593
7762
49416
26151
1008
42629
69302
65589
60148
46394
45360
72392
34889
64130
25160
76179
47593
3451
34061
81
78215
1398
67985
847
16661
59167
62190
11759
54694
62962
31246
30794
72726
32030
60810
65001
10525
69617
72762
62439
18610
27696
58252
69614
35748
19945
70823
56181
31204
28663
60063
1435
23598
71105
67331
620
28367
21640
28273
44197
7944
10394
46684
4380
22664
48032
75132
9577
23456
10136
28820
37011
57919
30112
29992
29928
19862
4032
50509
69773
17222
62498
10282
24118
51917
67521
74900
59363
46136
51611
13096
10024
35114
57501
50234
50431
51835
65481
64690
49299
540
28270
11254
20012
8550
4053
22122
36010
58826
61955
70955
57215
36123
43160
48140
27742
48112
2410
22208
58610
34421
28558
38150
52797
38617
53213
51947
30582
33131
35663
62545
31773
77381
11991
66388
76790
4979
42835
77877
54759
13709
22030
74088
42496
6767
60747
34576
6070
29650
16976
9075
76492
76755
36781
18184
46975
6521
28696
26620
62125
49484
17814
8100
63033
35849
7519
5708
38325
45402
74159
2246
27332
49026
1685
39047
32426
68982
78682
17611
4355
69327
73967
55400
74397
26900
17211
2024
41876
77589
25032
45065
63752
21306
28217
34567
71972
12489
57802
5896
2701
71367
69636
51352
27053
59541
76755
6675
44371
5628
60510
18984
18553
43812
12627
64797
22186
38957
1292
14276
48470
33353
16874
32933
49787
52113
71244
11886
7849
19251
48108
62758
29418
69973
62782
55991
38325
34884
30822
63009
58390
49389
5701
13051
34875
52644
49744
30972
48341
23819
65013
31319
42281
30914
6802
21846
73042
6181
39644
4574
60349
68275
36033
45984
75945
38282
27354
30367
18497
49872
761
69053
45663
46117
74819
41336
54982
6220
9305
35266
78796
61688
20769
8366
22962
24179
6236
61326
73810
12850
60420
38322
7948
58876
63212
1266
20869
75937
63852
58277
1428
32424
47759
5370
54570
2904
44978
70099
77806
13696
25252
61514
27042
35026
11549
11340
77725
7962
30004
16746
32350
23876
76072
43878
64121
55419
54563
27202
63474
21166
27550
34028
33827
26166
17309
62021
55163
67338
62561
14929
66070
73115
52779
1786
27803
4371
33852
34293
25566
52736
3166
50358
32233
54767
30373
4382
61865
65620
42520
57834
50620
61125
67223
74272
76178
22166
36016
28851
239
208
18977
58517
2683
7514
60852
29612
8459
38761
40322
24461
16176
58147
21309
45997
43761
61648
503
18223
7536
26033
5752
6215
48103
16619
25736
73573
53381
17949
34322
65358
15040
2036
64752
54220
35584
20544
64041
59037
17862
57983
26652
42097
25296
35767
51935
3396
40826
54753
66608
11404
47634
21849
57632
3917
51559
19034
45415
63184
52743
44398
36464
1906
8844
53699
61714
68928
54762
23721
14207
45161
47128
46056
67141
48292
11625
26879
70198
9111
76734
30215
70655
75489
43090
34230
66418
48840
44313
74839
4855
30500
39685
77302
30286
76645
26190
63537
68794
9839
68725
2955
61634
54851
31950
41442
16641
37930
26656
55480
50784
17762
59595
32830
11173
9595
6092
77132
18315
14507
12359
47646
29149
40133
63442
45305
77928
47649
70458
26715
27700
21237
66437
1879
16414
20600
29347
76824
59637
64279
63769
1877
4799
78889
65363
39003
38896
13365
10230
70136
77775
67067
17887
56427
18100
51720
7131
67034
32081
26355
6556
43075
65269
46060
72413
8995
75879
1253
23883
26973
78637
1472
43951
11211
55560
34303
62988
49672
57515
30051
69410
27414
20081
22724
17692
24466
35609
16472
39108
75525
18527
57399
72377
5542
69968
76602
28042
17443
13689
22115
66322
66727
30532
71400
40488
37293
30216
51338
69681
27234
33211
57818
41212
3697
45887
8522
55186
67056
58751
35041
27152
37343
717
48208
72123
42665
70673
44930
27839
66635
2375
50761
41748
58617
38862
25371
10157
20408
69625
77364
36174
44334
15899
5852
30089
17509
21916
35025
41189
5167
37858
58367
24189
6348
55454
2132
44576
77758
22837
8385
63097
59637
6967
55690
59477
1743
68271
63886
26109
21799
65007
50265
55511
12998
78304
45647
20277
45511
48435
33772
67258
58628
49223
21023
60420
12583
46623
73077
38651
10843
26687
77617
14820
66840
70643
65553
76490
67061
2052
20892
16298
16527
7200
30535
64825
21592
42917
56903
35204
19811
35378
12616
66076
58036
78225
40116
29524
71388
38549
77560
72304
45122
6116
36240
24940
58942
15713
23779
67430
9206
39529
44441
55953
8531
10695
9024
30534
13222
53798
18782
57681
5812
49395
75201
62398
24593
52141
74874
68143
1929
25570
45577
40139
27721
30895
71721
35580
49115
63267
39700
1164
8384
45993
70065
9493
72432
33920
33209
43460
46262
63488
74498
76873
35663
13155
54843
32822
29209
26894
20142
56681
53127
60491
14755
42304
70442
18692
12889
24488
33788
26750
37247
54522
17902
15312
53849
68179
2762
11950
7222
34022
29562
33406
39302
55936
71775
17574
40497
63919
49870
22856
22019
3680
46485
16188
46683
30092
23955
55656
72739
64334
77061
24838
12394
23459
43012
61906
24276
30919
24468
56647
74043
78872
11248
25901
31399
78785
21889
11993
69777
42085
34350
64112
47133
4502
63948
6905
14757
4177
22590
43503
73091
26408
65225
10895
56511
23164
6638
26284
53310
59508
29610
66981
67995
63022
74499
5656
71319
50129
66968
30173
55405
64349
59283
49530
64336
27128
21019
75302
8261
56861
67217
18467
68901
3843
23732
57445
15715
73367
16280
56706
41532
73271
6682
65437
18684
41885
51150
62875
41812
46740
66937
1769
63721
37297
15891
16664
8273
8961
74852
67079
8263
18947
71487
7115
5534
62290
76675
57852
19297
22706
8398
67703
6873
38484
52597
75956
46896
35919
77751
27939
8714
38285
16895
75792
35683
22671
49776
75696
67907
22462
23243
4927
47446
29031
1691
53360
67521
78114
52082
29736
39735
18232
58564
18615
53225
2254
21129
16948
44171
24546
48081
34187
64699
49049
53287
28902
47389
60426
22944
51846
68794
7539
37373
74188
10112
49726
57403
71704
32690
36695
43244
73541
7671
20493
68151
65559
26944
74130
16122
58154
61635
33201
68959
52416
29597
31859
66621
27110
9332
3646
23965
62765
24555
51483
43725
27536
22702
17882
50074
3974
26893
24188
33382
32470
8350
77893
12081
61890
63931
72220
77571
71218
9434
74176
19095
29909
69875
51552
70124
78246
64116
67335
30773
13465
45737
51963
71416
42193
36207
72513
60716
40223
77527
18862
61299
75353
7912
15916
35231
38100
61253
40279
52897
68567
12150
51139
34108
54831
70578
71220
46432
47832
56433
43225
66715
2407
48232
1838
12994
26233
78086
73709
31893
8598
36875
10721
52896
6224
31377
38910
59077
2618
14586
58128
54543
1551
48160
44734
16538
19153
56844
2251
50510
51378
15623
23185
11771
36346
30732
4402
59406
57645
11126
70148
34385
42904
69837
75872
7136
47952
51364
14752
50807
63391
39774
4514
51954
46229
62223
32678
44437
44591
25583
64376
22882
66134
52193
23754
38384
26230
19442
12905
23032
11081
42716
2409
71627
74600
39018
16776
63888
39413
66742
37589
42514
3616
926
33419
22285
10476
44470
44229
15297
37781
36726
63680
24647
50617
58108
37095
69512
40800
54533
36271
19237
2297
2452
14120
5825
50434
55773
37533
25851
78171
78547
41816
47608
19656
6685
53861
52141
46338
29616
67993
5802
35113
60118
65630
71497
23135
55556
66206
73526
50291
4689
46226
8393
70753
1218
51270
262
3403
62802
37050
28246
50710
67407
38319
68078
45052
34320
4036
50989
7801
14018
74317
76324
46092
24914
36535
74462
40836
62020
6890
62854
58252
25914
32715
40607
76437
72729
16045
77270
4158
56350
40068
5829
2818
54773
58702
1801
25423
6001
50309
19066
63358
24272
29909
53595
53428
21502
36727
40183
57820
24186
64160
11900
41350
6077
22513
44332
72200
34422
53083
63877
44744
75707
39839
41186
5707
9547
63135
34747
69165
73198
52884
33552
32045
54141
27997
49715
38940
48230
40817
7690
28307
31496
17882
29812
13646
78197
12886
53083
19432
68805
45355
74167
41668
17567
54478
14788
68509
45083
4495
64250
23283
30298
9037
54418
25674
48327
65226
63688
32945
16303
19386
7699
44980
45547
74614
2346
56855
37639
75967
29337
8719
282
6761
9673
33062
6734
68974
78293
73803
68482
39819
272
30068
48010
26675
48236
27729
15376
16870
28054
8598
34300
45574
74405
12333
66191
68030
47242
78189
10805
62192
77017
57075
78665
27953
20013
74475
65330
61402
12689
78355
38147
56638
22867
61564
8697
65699
42027
13214
4677
71663
46881
32936
57105
28273
70405
14776
26655
37080
64680
11021
59109
31212
9440
70334
38397
10975
56792
66046
48073
69023
67398
29639
40092
56692
29157
64640
26363
50152
21067
31221
28890
51416
75669
27761
27643
22278
36215
32275
70193
44607
77432
31530
29370
40160
44441
67413
34707
38376
22222
39780
35334
657
23661
55101
50215
63929
39692
8972
72996
11824
42311
67930
59866
57365
56262
77528
9356
37465
12157
9984
3687
6879
35390
5584
27025
2623
43033
14853
9695
2894
62763
11736
70918
39108
56796
13919
43569
25601
2786
68802
76673
53524
37556
78904
48067
52722
49505
2527
52866
1392
67910
14004
1790
27589
37662
33788
2173
66158
25691
2216
15885
3919
36435
4022
14979
25571
32135
16506
894
46745
59477
74673
19781
78283
14973
69245
44943
12371
28184
8258
25777
8085
14764
29195
67313
30811
51356
14522
38378
55441
27836
28723
25248
59702
45555
1003
5659
16571
76305
16202
22305
70419
48464
51642
13076
76807
56975
24203
5226
58645
14144
18573
42827
14924
10843
161
4502
29791
41324
15797
70308
43084
21296
26977
6622
54327
66029
72474
59321
4695
24839
33603
51735
22685
21830
48467
23434
48565
30213
19008
32002
32539
57502
60237
47270
5643
34280
15890
68375
64924
74370
32513
39535
65090
39242
72856
44425
32158
34838
66480
48170
74213
16596
28017
75932
31562
32125
55752
24788
33784
39908
24926
66570
78008
8916
67966
42109
23060
36159
77970
25321
12326
72011
2362
60712
64551
31070
20563
67125
67448
34427
72560
48161
65022
17813
34144
37972
60854
5088
4107
71125
17013
18551
74466
22981
31594
2023
55586
26509
40659
14123
66701
70040
36249
6977
48541
22722
12649
49273
32013
36768
5535
41518
5399
13474
12249
69429
52475
43515
11069
67795
35939
50305
70120
57995
45704
24128
33589
16036
25567
3361
38998
57584
1782
50919
44025
68049
30278
71098
69466
6367
32628
67076
19393
8901
41679
59225
68464
44633
43144
69332
1388
18225
67233
71885
2277
60563
69396
26023
23531
20925
5777
33725
4671
76596
76419
51116
47563
56984
9239
77115
54999
30291
60506
78439
9817
13226
16511
16499
41312
51628
47506
70229
62245
36472
17035
11292
36551
26012
54570
75645
37489
43240
61611
72133
2762
25840
16070
14769
1369
70120
75167
40505
38387
48162
43605
66763
4667
74299
42352
69619
75596
54435
40100
11768
36558
66203
65517
54474
46426
30585
73901
60743
46428
22615
16537
7710
11020
24530
78085
71219
45537
66606
57551
58496
2227
17071
74351
14860
8051
16562
9457
34685
53233
7562
14939
33026
50858
67526
77785
4843
4524
74791
51275
62778
18599
39104
13232
39154
13105
51958
58682
34765
44382
41671
48965
70116
70219
18071
30429
76000
6205
30021
70867
62998
58667
55780
14411
64926
62421
46109
32830
38044
66823
44922
73071
49479
74134
42789
21667
70544
12509
9175
73114
25965
52620
59269
21605
61530
21190
23501
43203
30689
54374
33174
34636
62856
38981
30461
21329
54489
28659
33292
61773
9608
56808
72477
28284
36373
75549
2796
31679
19697
68547
43514
29417
29581
53383
70302
70834
20933
51753
78614
14461
67388
20680
25683
57543
21786
50757
15146
33423
7352
73856
50919
45452
48659
6170
54612
1840
60967
20504
35416
30119
68715
39840
27586
55859
74370
17476
68924
72664
64186
60096
429
62631
22637
43945
61583
36625
18949
73748
22079
77153
61269
15112
29994
8191
78522
39306
51212
25269
48144
883
30276
34263
38617
62752
12124
72164
8168
51117
56357
67275
46356
23238
41055
46796
77408
66956
76749
63317
61471
42017
54567
35613
60948
43984
27225
13825
14248
27500
53337
936
67877
45611
16150
68748
72967
53910
41764
51728
26162
48280
3915
6009
30239
50944
69775
67818
12856
31333
48859
48464
56410
20582
69367
78166
7163
29683
28928
45998
71105
61251
43926
36333
33954
27602
29521
10338
24897
78095
26148
2539
56822
35920
70892
43523
29495
59690
10842
75788
7906
72977
65836
17773
27349
48415
59354
56168
5300
3677
26171
18931
43353
59348
14248
57216
34858
59806
60368
63403
49356
1022
53331
12752
6654
78985
1235
56415
1520
72231
33612
8181
20050
31386
41499
24544
21161
17538
69476
54366
36436
31090
43742
63699
57021
11434
62250
65925
24779
10210
3249
50533
54867
64568
18011
63549
21919
60727
19035
26776
38175
3988
77623
60402
19852
68398
48814
74198
22404
11281
60851
44454
17847
51854
47246
52170
7392
15971
20289
76376
16359
3754
647
17260
71163
34001
11848
39884
28229
48846
2450
45323
42895
50269
1858
37432
78331
21143
38576
60130
2409
22840
3152
5226
25856
54774
69557
76085
47902
5577
39424
8941
55227
42267
28270
73563
56919
3413
25783
35818
50451
64827
78371
47763
52069
58717
13159
23809
15517
20539
71941
30200
5468
22629
53098
66247
75197
39524
25096
61919
27395
1640
40668
22519
61434
36375
57266
75142
68474
12991
74612
40148
75094
69808
52306
14028
70387
2305
35075
3370
5044
31477
13617
67661
434
38858
60850
15898
6464
46974
12771
24893
5436
59142
19984
47868
8506
4372
10439
41521
1899
58604
53330
47964
60994
9467
17290
31155
22223
45733
66865
8263
6997
51305
57728
26829
4518
11995
61943
67445
31366
3143
14555
36522
56740
3093
9297
17990
21749
26293
60273
19866
38683
19223
40494
28407
70243
26855
35953
29028
34572
25780
61629
58180
49259
70476
54750
20563
1988
52734
43827
15797
23971
28371
54194
41315
22904
10713
74602
62194
76528
75598
33772
1274
29952
29957
22067
28049
74365
48008
29794
40305
46023
50827
58844
75869
73812
10904
68007
46771
880
27421
39290
22517
72266
57590
46573
21842
954
41943
75736
59877
8911
27715
55700
19495
61133
10514
57565
48638
13027
60922
29433
24736
36643
42213
71130
69693
1426
29963
71055
52609
43551
74300
72265
78043
9888
33340
75841
35830
42496
8155
16247
22249
51406
45888
35933
10876
34143
57145
874
12841
1058
30946
1018
9189
4596
52120
68370
26938
18066
37888
5626
7650
39244
52216
64035
15642
54882
66650
76720
22913
9085
77961
51162
43203
19240
10297
52563
70862
59792
72799
30763
1224
51294
37426
34545
55715
38270
76285
32065
74158
53632
3411
64532
43562
51147
25773
39189
45278
6033
11362
24536
39247
8790
38404
789
31079
76322
11667
77874
22488
78062
20920
78383
23278
23787
45832
78858
15206
2838
36955
2330
32279
8759
51512
37873
78292
60929
76071
53083
72682
69764
36162
51939
21012
40982
56305
28133
29961
47040
45201
23254
10591
1132
50400
39687
11110
66437
3943
42337
61803
5735
77308
8594
29679
67725
8283
21573
33116
33537
69489
26880
67516
11365
28509
51127
56653
62425
46691
4750
9653
15558
30414
20739
44381
57983
35362
12770
55357
17039
77939
18026
62061
5405
52413
73828
62675
77532
50489
31220
59598
10591
43640
38921
58142
41498
74327
68926
30957
2075
20679
64035
59590
53431
6888
21253
36553
53218
7434
8498
19512
7758
25672
4505
40873
12428
68369
50125
5808
64865
68364
53107
17359
28151
48831
78201
17141
76557
10380
30318
38689
35401
16033
57080
25730
73537
51507
3497
509
14345
60870
52515
7489
32902
78539
68146
62738
65913
33326
26569
72408
26743
26522
56108
16347
65910
28940
67644
6381
54666
47681
18770
14892
73542
3045
36075
77723
25854
25193
21161
9309
44520
15616
21370
45949
30995
12534
27761
50492
40807
19685
69691
14568
21412
13686
21004
22437
56815
52497
60488
26290
42823
76360
15413
52915
37398
61222
8621
59479
33027
72855
44146
49093
58972
54236
32722
43040
65632
45799
54634
72092
69994
9373
34631
8851
4098
24644
59159
28777
60414
2594
26822
46632
60438
40631
37037
19049
29965
30649
62845
62192
78723
27698
11177
53978
19423
63136
68088
16486
44098
2457
3058
12797
34903
23920
26178
70111
42950
63032
48938
56644
72152
41484
41757
33667
59556
46025
48917
69018
58136
10025
51820
15875
32660
44629
15288
46728
26496
54222
65944
15619
36357
65944
1731
4764
15433
38275
8216
47879
41900
31519
22959
32969
27752
4811
17990
22743
44061
12850
68000
33771
71562
17155
17145
56948
40352
6684
43956
15433
65864
27578
18269
52882
1397
65112
10778
31684
68268
12009
11644
71622
54056
72283
42668
78916
71778
17890
75120
32104
5741
8982
63804
52599
53519
47819
15717
17143
15956
78715
60562
51139
8341
17042
58731
42449
4526
53861
59035
78593
45044
20247
69410
25226
26797
36250
62275
45018
20930
43511
2229
48777
73623
47986
78196
50803
60484
32852
78423
8248
25244
63574
64972
63474
418
56448
53664
64307
56147
8859
29435
12560
54310
32713
38071
21445
26088
9855
16721
32286
16645
45483
74817
37496
61353
42104
62948
40202
73876
62260
45081
46331
7723
35970
46224
49409
30323
32824
31749
60531
20785
3199
69476
32356
42933
76186
69703
39773
28565
22918
57011
31365
24118
5069
11353
51175
45429
9638
16120
56080
12755
9716
61423
9396
48135
42465
18080
69492
66357
68440
7080
61718
39460
47364
24388
59954
73653
22207
73749
65516
33896
75459
9212
47010
25649
24911
76048
72243
23599
16487
19916
47034
7925
25683
27214
55575
37554
77857
1874
66208
58867
2625
61277
58785
76200
69150
74077
17005
9547
20892
13870
17679
33324
5210
8775
24962
7466
52622
58555
8825
76821
28487
24372
34195
45103
13035
75690
58399
44705
23341
65576
76992
64321
28794
33103
65110
32144
57769
24420
17793
56410
58405
38965
52370
63375
42424
66338
52847
57446
30749
57238
2363
61553
51858
58868
12064
844
49360
6030
57498
21695
44761
46504
48601
22667
40949
44907
3978
60305
4257
13638
77523
52462
31077
24367
76305
8203
72727
19783
21776
77328
36633
60716
20158
66440
53092
58120
13068
75480
25944
9854
38594
37202
7481
11772
75614
78438
27855
54076
77601
28751
36490
28173
77838
59547
48240
1799
24232
41997
8925
26324
35958
24645
31998
68041
22046
59510
33714
38884
46972
14056
28725
5271
21708
27780
58562
65402
1404
55437
72348
9983
42919
51558
3137
21735
41455
76614
65764
53746
37410
3376
29197
16012
46024
5199
24079
10330
43990
59927
71958
71068
69826
62551
9283
6965
3124
49978
41854
48933
49533
53876
3895
59168
70263
36834
44105
52655
55841
51506
37651
14404
35421
40898
29187
3154
45711
29092
20193
77787
42004
2799
14902
50332
40013
5825
41688
73763
47559
25816
58475
59265
29512
42152
23117
39657
10039
39806
58813
22168
30120
13499
7473
33223
2844
59205
18900
41628
45257
8519
77840
4887
19443
48593
35045
28448
4766
45554
54958
3486
24687
65233
11588
74729
42254
20900
60089
78121
34746
27983
1075
13496
52801
6334
3092
46562
13802
68878
49482
39629
3753
54893
18783
51603
44094
5962
74935
26316
9203
18815
44801
2513
21280
21091
63341
29091
53029
47860
51312
1210
25059
30673
45503
72897
55431
36342
30150
61455
75732
71745
6411
34969
9364
68793
76299
75674
27011
17710
22064
65868
60592
68267
24615
45208
4592
16136
24706
44594
44649
18372
3166
34384
21864
39448
1467
10937
21895
5719
28747
32794
27015
10369
38561
37628
52997
72815
53712
9681
73596
66096
63397
52037
49304
43266
34106
2433
26218
15989
48695
36418
7125
47161
52679
77928
77211
7391
48180
42963
31876
53061
5056
50096
16237
66819
35146
71089
22241
1859
17673
7275
14903
9302
5520
4017
15311
63224
71830
62782
50282
33333
48961
52055
8813
25158
78726
59150
36697
45700
56791
52555
7611
40469
74705
14853
63507
78555
29777
70286
51163
47890
30971
75341
14662
39154
39375
58541
52530
51730
33000
1211
28027
63422
77234
37277
3094
11783
21544
22013
70374
59473
24191
11133
5807
52322
24346
18700
15917
14597
22634
58270
39559
67134
50434
7314
38638
39553
73717
6741
33300
62675
44260
4389
21211
16898
6744
75264
227
68745
39192
28010
75766
57691
14248
75124
1556
36848
46158
6538
9887
68517
14986
47197
51586
17646
22713
62655
32307
77159
66750
50726
76713
74960
14678
29319
45548
44470
44062
20012
56576
7942
33107
30520
67365
3309
54286
71814
60359
44323
44426
31042
10364
23246
70939
5799
45615
62763
41405
1016
39265
28831
6790
67690
48966
30923
57705
5806
63891
40366
69152
56861
76954
52412
10013
35355
74007
51021
37749
35230
78307
24992
61754
30072
12074
20230
63307
28000
6643
74475
67218
49448
55203
25334
21153
65207
40783
77226
75114
71301
21124
64934
44626
49119
11148
72151
75626
51089
17656
36725
29466
76472
19804
13266
41649
13658
6692
49279
26349
65484
15273
13385
715
11123
31079
60328
1780
39695
63398
23401
55789
21961
78307
53561
14665
21214
50107
46145
2605
35267
76604
9538
78335
12488
11855
32478
24508
7097
3885
26125
33685
20351
64381
75041
57645
17742
35384
70145
71026
56143
64857
5090
11437
56310
71892
73556
41439
9478
29418
73936
33170
24472
2134
17400
61434
18714
38352
40430
76854
37180
1987
12678
26327
7078
71284
30056
71067
56397
11665
75445
64486
41348
30092
18539
69439
25055
16427
51051
48146
47219
19334
62864
73799
77497
26548
65274
39670
35090
71521
18096
21036
58220
67712
50324
8231
53211
35417
42881
70715
33179
10208
31247
36750
37289
61498
59135
75982
51569
16036
75346
45949
71369
16442
65179
18934
33085
66000
39837
63319
13180
41320
73407
29882
54456
46681
57885
58730
75963
75521
22896
29927
59892
43495
52957
74477
37617
17887
76370
65447
56351
7739
12444
56236
69068
29050
6215
46779
3070
66407
68517
38929
24556
5929
54304
75700
26130
16874
78370
56666
30466
31743
35337
17987
15397
44651
35705
1648
20634
50568
5561
2134
17325
71899
12975
76971
12585
32291
9119
14868
18600
14758
54078
54008
74806
24119
48710
57701
50062
31183
12634
35229
22644
26599
61185
18796
9690
58792
71335
21657
11782
71464
65223
47479
55472
50050
15189
5174
35114
50456
26927
66003
21496
12247
15684
71177
17694
48798
49229
23954
64025
72772
16880
39078
39806
13094
23115
78774
75926
5338
20765
16118
78987
37476
78504
19669
76012
16362
58627
51794
26564
30997
25460
73165
60433
13767
22434
56286
70593
46891
56473
67630
15894
66661
17767
7761
65610
18047
60779
43045
24702
47253
68629
44153
44340
33047
5440
64045
18316
58384
19228
9538
49867
4703
48481
54957
38496
76570
15806
58485
6177
9985
8590
4614
258
50822
52212
1890
48813
29343
16614
11132
26333
28709
12604
75216
48092
40101
55100
66658
60149
15777
21870
34433
44036
9946
42738
35368
13865
12579
38378
6641
26635
5725
41889
68406
21209
59907
63651
7310
24108
28217
11438
69656
41872
45086
34718
31470
39001
5891
5959
44449
61930
55015
60219
74717
6041
38512
17339
33609
74743
23880
34522
69670
24787
41914
22773
15794
60478
11431
50887
59151
56313
57634
24953
30708
4994
5228
76927
59328
10382
45564
1221
40046
17088
19927
9384
73914
14328
65288
65825
50326
2183
55612
8804
46041
52774
76068
47495
13173
58278
67944
41758
20995
19721
40701
7363
54821
40456
6258
36258
7384
10535
46053
2203
45180
5139
59885
56585
59538
69667
44331
36335
78233
66164
1634
42858
26292
45710
22328
34
65931
19556
27000
50082
77973
23105
60598
26670
16559
10478
73726
45180
2508
24216
64273
2828
61672
45798
67085
18897
31346
17480
66863
41009
29182
51498
23896
63689
36157
70448
62761
22610
45370
30124
4716
17320
42625
30323
68881
25752
66925
70454
53770
65817
21030
75829
47644
35780
6382
10709
18410
5094
23615
22313
66831
8132
56843
74694
11328
25333
918
39657
30900
22395
71908
3204
67185
51627
7643
26613
6724
6325
22117
29079
1380
44333
58388
25625
7219
44119
17377
65373
74386
70202
76388
72028
29144
44971
31506
57012
49039
53234
8613
53819
36
9969
50014
46837
74225
18673
23607
37234
64584
11111
77608
4307
63910
65404
2977
29314
37593
18554
50127
36041
6488
78682
33388
8435
62429
30842
38735
61463
385
24507
27357
27684
19917
26977
61011
36318
29073
39924
65242
5557
62283
3724
33533
16974
45933
37969
32289
8211
27963
1120
7201
46350
9175
10857
15086
8700
76923
17093
62455
25540
19395
9398
49091
73150
55964
8934
60888
17832
30333
21033
27734
53644
23984
48335
57630
64557
47461
14961
376
45504
35668
37573
1302
26568
54060
3021
34067
63657
67365
70497
29454
42830
45662
42029
6281
38087
28660
3421
19057
52234
19809
12468
63929
72129
29692
45356
33767
78692
71554
41480
5299
30061
60584
74246
17256
42394
48204
16032
74272
16320
78136
2209
39624
39418
45897
40405
36045
35753
282
5537
72169
77157
56784
75185
26454
62842
78546
52488
58702
48726
22840
60130
56381
44534
34652
68206
27115
76969
7953
51407
76834
70708
62398
12601
37208
23932
77455
57945
67985
78746
13505
18334
11941
22136
69352
24883
18793
47730
41503
36086
75517
1440
44122
56746
49617
22936
28899
69473
157
27080
65096
24438
71883
15329
30726
65198
35195
25503
74356
78918
77339
71548
2126
71272
78681
48653
54131
56615
23703
45221
75998
20418
46177
68741
31310
21566
53597
23989
16954
14003
52808
73931
39317
25856
8505
78170
10953
44187
71956
22895
8291
63577
54950
66901
59939
17243
34232
69488
43335
8737
4794
9782
51587
33705
3125
14642
67023
24152
10756
63306
67348
16025
20424
30760
53668
29235
71415
46157
38589
62092
33849
9841
8170
14020
38142
10832
46919
50972
45047
51654
45278
31677
38183
73083
13443
9413
31814
64690
60112
22877
65147
33099
39014
902
7570
38712
32937
67817
39025
46541
10806
76669
54299
28672
63707
52763
17368
13264
55139
32278
51250
71675
15886
2639
74955
65887
53713
33564
928
33497
62142
75624
13356
77308
73923
53366
46978
3522
34679
65551
49588
36334
40263
1555
42153
44201
5444
46148
57974
33011
23581
29478
24476
46570
14937
4362
18321
24958
10977
74234
13534
70725
32446
78471
14885
1562
66567
73966
27900
35903
15204
60441
10890
59916
44292
73193
23501
968
42511
4745
64526
4620
32753
11238
30890
11903
24012
48579
40725
33052
74792
32305
77693
75400
66954
35052
58264
5663
36231
20472
71419
57230
58923
1210
161
31331
72802
25867
31588
64328
49177
55255
23891
65847
35650
47572
76031
72703
587
73526
58235
46397
62810
34943
2064
70046
73719
64260
54635
56856
56694
41874
19636
12985
17895
70471
45172
21111
51468
50662
22089
38894
67790
31994
70808
69576
56300
53339
68009
3910
44954
1855
74992
25189
23690
78495
34845
57908
73985
16330
28177
34505
31304
30480
57107
12956
62093
25372
22774
15436
1886
9525
21761
28237
33554
6686
62300
12066
66364
15184
40297
2767
36164
74489
25702
27760
63700
45470
40166
77573
78468
68388
39294
38479
30554
20268
47379
27452
32618
40341
47470
46582
47253
39204
65464
62537
6593
19030
52960
33115
61893
51278
71238
9503
40391
33233
17027
54762
53292
44647
29783
4342
39020
3252
75191
50724
78135
30004
33153
64196
50168
42846
3701
62185
49820
40399
48666
66184
71311
58391
13561
44726
55148
5553
11066
20065
5550
51787
67010
14079
57423
44966
44158
74403
57020
46407
37774
76550
24556
11172
26464
32601
31172
20178
39352
57313
63712
31379
322
10627
60575
63853
6964
64343
5755
59741
44898
48386
39916
69107
56863
15403
13849
45735
20116
51639
10394
49249
19673
56967
4716
33502
43030
7831
62282
7086
74452
77650
22628
71163
11364
36009
52255
44988
78500
43354
8633
37551
3938
27997
35023
5005
24094
48834
28573
64134
8264
10062
70296
40182
16099
27517
30324
23272
59557
51833
414
43134
57891
40024
4965
46819
54382
73684
56689
61103
76372
5155
76712
69298
15173
47527
52473
5724
37875
72144
26807
2280
61916
24413
56780
45233
2880
20562
39639
78061
1089
13459
11099
23150
30299
1807
51710
57327
10018
69520
31995
5204
31714
21134
24316
54322
6832
49659
56927
20293
18867
33177
20139
70176
30317
53440
76296
16295
60412
54180
78633
74409
50095
70554
66847
67570
66871
35419
9699
28612
35693
75506
10711
38317
46066
76455
25641
59379
47902
77158
44653
15980
36928
65802
17622
6043
43775
74346
1953
50220
69059
26293
46663
34697
62347
64242
15461
49165
76820
27241
29873
5085
7450
75957
26042
9999
53214
8874
7996
20186
71652
7115
43655
44269
53584
42293
1956
11828
67333
15864
76668
8316
59601
7627
73260
75328
13656
77718
57960
37500
12908
29627
67667
66414
67478
75150
74216
56501
10756
74060
63737
7754
41046
69263
10609
29307
62430
60735
50240
66334
37884
18661
65939
31107
947
20145
10197
11914
31180
69003
57518
27347
38532
10038
63165
2284
7757
50904
56365
55653
71662
33423
38666
6343
47384
65342
19135
64579
70238
444
68694
31240
42575
24150
39835
58492
33484
32490
59093
42043
5040
38140
48937
8958
1721
20974
17148
55362
23026
11592
74413
18625
570
23976
34430
49630
60837
78811
29821
62754
27708
64761
45019
28835
59323
30446
69175
62412
9288
67252
7984
61824
21875
65006
76966
57112
52622
30672
13028
30684
62882
930
24020
52246
17779
3995
7422
23658
39633
72154
3935
17513
75861
24456
70834
8845
47068
73618
23277
71135
27195
3594
56451
58124
36991
63972
53929
78614
37783
44198
53791
77655
51601
43473
11758
18960
70381
34597
19936
13599
29066
55064
46240
16399
29187
77678
36575
6729
76854
56605
22728
14177
41505
42824
37465
30235
78153
42123
76006
53508
14104
42366
27596
23109
27218
15026
45526
5626
61820
4232
34232
54593
67090
58737
51038
74686
18684
44992
75839
66004
24540
70556
43836
17493
16310
78385
40319
40178
32516
46734
21185
63262
66877
25450
17548
34348
38562
33400
74258
17858
30565
31097
41896
1917
30230
76640
57883
33443
3291
21064
20701
35400
35379
8946
19164
68176
49103
20971
41288
53244
68005
66138
56046
25503
7315
35560
55789
16936
67188
32663
37564
57770
51746
73349
54967
19710
45649
21746
8660
47642
70972
45804
542
56099
27646
43412
40573
78958
65358
78873
10248
42309
32488
37723
51145
5725
8404
18274
34283
54059
26102
73757
56210
8807
9857
4046
8798
30680
2120
45234
28742
55319
57443
23326
2325
30040
74730
49717
29460
8459
34457
46047
77732
64201
67984
22500
43189
49946
66606
31286
37384
28011
45138
71819
50990
37220
40525
53201
53995
45184
76399
3605
56203
72846
31652
52892
70903
41012
60443
52490
35851
35763
75411
19769
74767
47781
70378
11865
74152
67051
33524
31494
39235
71931
42188
50479
56381
8735
55234
31739
74794
5225
67257
49670
23664
26138
75092
61561
53255
72818
28140
45519
58943
2625
1744
73651
1214
27132
74810
57983
25412
76323
27714
6272
76221
45672
2737
76501
67299
52922
12236
24782
45741
61423
8571
56898
44001
13920
30325
58224
58921
72982
42898
7559
46308
41714
46829
42953
75348
36002
11035
64898
16671
57304
70636
27718
75508
27516
21125
9449
28572
13298
9944
54336
34595
72718
65009
61044
16977
52684
18645
8191
70314
27364
8905
37959
76022
50834
55612
56551
2477
50468
72242
59381
57523
58252
26575
18142
49212
12781
46940
12949
16172
70835
43384
76755
17453
16819
71590
63377
57342
68113
7479
35073
59813
11017
51668
77722
4577
39069
12915
75201
64398
12605
30299
71100
5821
38284
4997
16291
55007
49567
27025
10088
58623
67601
8562
56557
76817
41257
70031
60244
53547
3037
36559
62353
70558
36768
14032
40684
35361
1374
65117
18459
1162
39401
59161
43285
12273
74708
61812
52936
17964
3036
67673
33636
73057
58999
78993
59017
69235
56484
14960
13882
46043
11954
25857
71613
17802
40877
18601
6962
40977
59739
37597
28657
61054
49308
5953
38945
35419
13736
26079
77027
5044
73794
70136
45821
46797
63010
38553
24106
47054
77465
53380
75270
29332
35389
28154
34600
27941
7180
37379
59384
45023
2382
22738
61424
51341
22331
11263
55950
55087
40339
70490
44191
73373
72012
20209
20936
44241
66214
68686
34166
66990
78771
55840
63877
44400
41410
65260
45030
3121
18898
25281
26081
36405
62283
43909
35850
3291
75585
25406
57712
38689
4298
11953
57696
39155
29079
65249
26664
36671
17759
41740
22136
70336
20414
59720
17987
11860
12492
66229
67162
36700
52042
40231
75826
19881
16288
25731
17484
24853
64506
14315
61962
27293
36577
17424
10282
11017
11405
9795
39067
58964
23984
60200
4891
45631
43942
46999
76195
12533
74145
18384
71586
27626
67672
54354
63062
7317
73703
76729
17690
55303
52235
11282
21609
1182
53244
34180
72225
24531
60108
70148
70394
56933
6526
804
18901
25031
24512
52610
37914
20317
30003
68001
76185
42854
28513
41102
40738
59582
60718
29321
8592
44907
68590
67382
55865
50786
74774
77999
72089
71862
42903
75736
62875
8260
61726
42806
50857
72845
4223
54621
18747
30161
8615
12444
47019
6268
2176
72311
48241
56920
26903
24201
53147
61319
26225
46812
24212
8259
39196
32015
14005
78717
2115
60786
63962
558
72217
67873
70347
31596
6191
38891
71042
30485
16048
33542
49868
8057
61169
4952
42024
23431
39406
12228
20685
9055
5720
6200
3649
70679
33731
41711
66347
9948
19899
65200
36194
51943
45534
69833
28967
46481
45532
27377
7444
58476
25260
60953
72320
18648
29681
72518
47443
46799
60009
64655
22940
61926
40149
52365
56410
41536
24044
26531
54574
28104
25635
62667
4656
74323
75127
71843
39529
7831
50267
20090
58973
44660
74453
57947
20355
35622
26554
39101
7821
13532
60682
46332
14834
76560
56358
43576
58619
64491
52470
47511
34955
44868
68535
46938
19919
56981
26162
74969
50540
32787
2007
4468
73328
29688
32256
71703
19361
60606
68818
76640
38434
48281
12606
46784
59628
11058
28591
59900
57721
52540
11891
6592
50796
8861
58420
32143
12172
45507
28729
15793
14894
51512
14157
63040
78794
41883
58129
18193
43518
34204
22165
44980
6535
28196
33745
66728
53847
7199
77530
7943
29352
31679
74185
14472
76734
61270
52597
2807
40482
26904
13368
72365
26882
63322
53079
22165
19422
28179
70939
24421
35206
71133
4501
21093
46424
67832
67231
16047
33781
56732
70701
72730
62067
48984
62329
64445
69717
3956
61374
67269
37302
5991
77829
31187
7308
21822
66059
14757
36337
24506
45068
5535
64726
53700
36120
20166
3672
50560
11435
20865
20780
68859
62035
41284
70030
72891
55778
60658
72917
33570
57028
31606
1403
66045
2722
27654
40336
77727
72004
58677
30686
13117
50438
4932
56800
49014
6865
48284
25691
51537
8130
14130
29294
72923
76688
23503
65854
37539
72735
17579
58930
23852
29641
77334
29646
15375
45772
6762
23323
514
51703
47528
31642
19360
67374
38542
6633
3646
75861
26602
28159
18464
77280
5534
59177
61758
24969
75160
15639
9726
9155
38964
63848
17815
10347
64888
30994
70839
41663
57580
45495
11402
64471
46812
5937
51495
21271
40635
51157
2152
73774
23301
71725
3143
45993
27114
14680
19768
12329
4674
67628
55399
77603
70193
31140
11414
32014
47481
17956
22250
18423
70494
26321
31811
6352
57322
26038
18206
36615
76206
28536
65753
19162
68625
61939
69651
30089
23368
55054
67565
41764
29402
73714
68873
55123
62111
30120
21037
62052
44621
26976
38124
15999
35950
32261
1450
68710
54425
60733
67857
43696
27603
2639
65629
60885
63570
15861
42304
52419
75710
28561
53674
34222
39484
40388
9761
31319
68121
74809
23073
1195
23767
39433
59849
74596
4831
10263
5338
75021
23755
49131
61204
77735
43670
60692
71078
6953
37843
48774
64770
6284
14655
77612
26155
31420
75780
53415
2635
16858
38954
29916
72590
49390
62060
2763
71021
60034
5981
41643
25591
16818
33909
43476
75923
38240
16716
49853
27018
42212
27473
31003
75740
15824
3063
61787
72290
3777
76845
52598
51572
425
54176
11907
28558
35442
8016
9243
62139
28165
47964
38414
52310
23665
68562
26251
15113
58935
58999
64140
45325
6393
11391
72711
17692
9803
5530
72041
63550
1593
74756
56806
63838
52040
12470
7268
41616
30402
59998
78965
29065
28481
23720
39938
3875
55100
29759
65412
8732
75223
60341
50806
26458
47540
72074
68735
13021
11200
41348
4508
34496
15105
732
54442
44294
1107
22313
15321
12589
58890
50883
45292
7594
27961
70646
30092
60585
27913
24152
62076
1774
30757
35841
38552
4357
69978
38342
77063
38746
58068
64098
10415
42494
45484
49034
77695
70695
9790
14427
8871
50563
41462
76811
68676
61849
62226
40736
66345
69116
62267
6592
18151
55444
68709
50647
8692
53899
30350
8975
17218
42593
25435
45159
31302
58844
17014
43418
25009
19007
5396
