2917
11765
12876
5027
1401
8151
4881
12062
7855
1815
5686
12021
9650
7382
10258
1320
119
977
9607
2263
2309
6881
7997
1292
8900
6544
7048
9874
4501
563
6181
5877
3322
6400
7778
10999
8303
11445
9523
11132
5981
6962
6352
9107
3808
12285
8483
12866
5390
10464
8272
9597
7847
6601
2990
4458
11508
9502
7042
10396
3449
1626
9874
3785
940
241
1575
2090
3839
7860
11083
1824
4874
5913
2034
11149
12017
2874
3854
10430
2909
6152
8658
8795
3446
8156
1000
4183
6110
4793
1982
6355
8481
8874
3394
5074
11488
11028
9143
5608
9901
4935
7376
10556
9785
3246
2953
847
4985
6744
5772
9775
2304
5035
1929
6765
10925
9173
7479
5536
12212
4678
11071
8763
3123
2557
9633
6634
2187
11085
1006
8788
7942
5571
6107
477
7023
4279
10407
7667
7909
6925
10420
11747
8458
10127
9769
1752
6312
10209
1944
2951
1787
2944
6939
6033
3122
10183
4506
9462
3022
5992
1791
12954
10437
5380
5227
6375
7808
2087
4665
7943
11624
6507
5200
11148
10544
6727
12182
7879
6668
2883
6943
8049
3399
3403
7365
2857
5578
8229
11562
11490
7768
7721
7664
12303
8766
2197
9898
9974
5112
2050
6395
9647
1055
11254
500
10640
6662
9999
9700
3862
12660
8640
11847
10394
1860
11339
6745
2789
4167
3275
12772
8825
2404
2653
9116
6838
3181
6355
2580
1198
3067
12780
98
10230
5724
11123
5845
4881
9152
8115
2583
1802
2196
11220
10437
1542
309
7732
8243
10291
3862
11485
2836
9673
12069
10350
439
5580
4079
9169
10206
12523
6820
7625
2600
32
437
10406
2822
9988
9458
2831
5651
8270
4088
8034
8364
920
5191
2787
1623
4415
7506
9510
7856
1421
10240
7866
2262
2812
12695
5485
8108
5185
6960
94
35
9698
2853
2195
8644
10589
1015
10671
9996
223
1125
3975
12465
10462
5990
8530
8641
6060
9663
10571
1161
12944
12193
6564
5763
5714
10121
433
12041
9939
3683
4078
11693
1679
9529
9005
8427
12008
692
3560
3734
12224
9358
1943
10079
12011
4582
12719
11709
3118
4602
2128
11686
11784
9875
7472
9899
9035
506
2657
6961
3327
824
716
252
8524
3428
1425
11270
4177
197
3117
3341
3846
10855
1453
10203
2018
10107
8333
6655
10778
6734
10672
6616
10943
3307
10987
6954
8794
4741
6938
1489
3375
9101
2638
11578
6716
3970
9682
7538
5324
3150
4569
10101
2196
7428
6967
1832
7296
272
6800
12867
7939
10431
2760
12758
2098
4726
3271
6508
5916
2998
7504
4941
2216
11396
671
12077
10651
3311
2718
4458
7669
7067
8810
6419
12918
11010
5942
7267
1538
2194
868
10589
974
3282
5459
1770
4837
5973
9362
4493
3412
11089
9815
2640
12847
2258
6636
6927
9406
8864
3102
6458
263
8599
10180
6593
3505
10060
9913
1943
2426
9709
10669
9785
4542
10329
7150
2408
4068
11583
95
1682
8439
6859
3498
686
7390
7667
11127
2790
5992
9751
4537
9471
5656
1151
4633
1828
248
10439
8746
11761
5853
5237
9208
3267
2863
682
2333
11757
12531
9791
313
8893
8383
7287
6574
9229
4618
5434
9398
1813
10573
2043
2361
1733
12346
11991
3046
2632
11151
10677
6109
4125
4503
7933
11023
11743
10046
7753
11787
7996
9814
7256
2143
1523
3867
201
1902
10670
2159
5933
747
7767
4186
2917
10587
5199
1658
442
12904
1450
2019
5588
4536
11758
188
2802
12944
4665
8814
696
10150
6570
3841
12775
6074
2496
2732
7182
8624
6792
2721
4862
2716
1770
2699
12483
11890
7754
8869
2278
418
12516
5968
12031
6685
4712
3720
9168
534
110
1291
709
5615
7299
2680
3456
2991
129
768
10833
341
10508
2003
7938
3028
6833
2867
10656
4643
1033
10285
9077
2384
2707
12465
4683
6504
10744
9662
6091
981
3400
1242
7651
3693
5666
2878
12126
8603
6120
9883
2190
12892
2785
8219
4972
5632
2368
5870
3096
3682
10449
8399
196
12414
1668
7330
5946
6351
810
4788
2975
12514
5172
10959
10343
9322
4924
12249
11967
2400
11515
3432
8201
687
2537
5116
1578
8658
10098
10056
152
6171
1366
175
5463
12368
1521
11319
9162
2540
2761
5357
10007
11479
3423
2661
2835
10523
1372
4051
2317
4844
6084
6523
6639
7459
5504
5737
910
3016
3277
7054
1323
10665
10178
1056
3905
1755
11160
6429
2623
7915
8754
1340
1720
9490
4403
1544
12189
6283
4230
12217
11301
1850
2273
3361
12843
4339
4891
3560
7277
8196
6788
7556
7621
3864
1420
8688
784
7217
10635
8320
3091
1257
1024
2286
6566
7525
11093
4989
5505
4271
5968
2624
7795
11430
2972
621
6433
10468
7085
5251
12307
7180
2371
6765
1746
4454
430
6074
9542
4216
5496
11514
10684
9890
7968
3128
7613
11158
1578
4063
11881
10787
4755
4346
7098
3469
10267
9923
3854
7698
9555
1103
6867
12147
11734
8109
2327
4445
9276
3265
6008
5979
10505
2722
5125
9946
4293
7404
9552
3200
10700
10186
2099
9370
4677
9836
9247
1
9840
11464
2108
8472
6305
12552
4787
1989
377
12616
159
7905
3243
843
2033
1590
5900
1633
6363
1420
2012
1007
3940
1488
11161
12499
9226
12281
1770
12858
8198
11744
4817
9671
11753
4916
378
4554
8493
6870
11304
9372
6862
8136
3695
12050
8159
12629
12156
5381
12745
6829
6320
10637
9749
11072
11003
8629
12131
2468
11518
9047
9779
8845
2505
11501
11785
11927
12698
1161
102
10643
1799
1818
7649
8284
12491
8060
5236
12557
9276
4698
8130
4825
6966
962
5631
1734
2544
1925
12496
4294
4179
10105
12626
276
8331
3813
4190
3840
11534
305
9610
8127
9554
7200
5690
4466
7148
8963
5909
5632
7074
3803
10341
3187
8041
5362
7718
2196
12634
12270
11871
10980
1816
4331
8294
11577
2573
6148
3398
3601
11834
7262
6404
7613
3637
2145
8304
5805
12717
4948
2870
11468
10025
2812
2651
0
7486
10856
4669
8424
5663
7236
9980
5690
2551
4256
3485
8720
8794
12709
10980
6998
6777
2547
3713
10811
7628
7146
9844
90
11466
8907
8267
4356
5709
6633
10626
12035
9144
7082
11609
8621
12058
8652
7065
6387
884
12030
4256
6365
9854
3916
661
8061
312
4438
11725
6900
540
4070
10660
3812
4001
3580
9775
11100
2529
6103
12589
1081
9884
12394
3422
6903
10710
3801
4092
1524
4892
12079
8710
12365
5036
4462
5580
10960
12314
6753
868
7733
11903
5569
8699
12305
1163
10371
11343
1752
7835
2538
4545
11126
12142
5966
712
7027
10905
8672
2440
9609
9067
8936
3898
4547
12266
2286
693
11795
9860
3490
370
6144
4402
2392
10933
9555
4215
9811
10079
12316
11094
5821
4032
11726
7601
10584
3290
7139
3222
11204
4049
11421
452
46
10199
5731
2755
8297
8356
3252
1585
9603
1610
2059
10449
7958
3142
12694
4846
10346
1275
10949
9526
5684
4968
9452
7113
3405
8738
4645
3353
938
1300
3477
8827
8027
9042
3801
3723
1066
1638
525
6158
12641
9105
1760
6937
1656
9699
2592
2063
12946
10574
6533
8903
10804
9885
3949
3404
8633
4562
388
10373
3477
12860
10605
373
12812
11679
12249
6790
9677
238
9490
5078
8288
9355
1085
356
4513
3175
1578
9659
1217
4109
5402
5045
624
9265
1476
8603
616
12951
5779
2688
7001
8509
7880
9734
1757
12602
5055
9976
7439
3824
12257
10758
12884
3492
6821
3503
10662
9895
11283
3217
8681
11060
6967
4836
9996
7058
11526
5740
12238
3828
529
2485
4075
12524
3155
7673
9977
5366
10872
5133
7451
8752
8067
7114
10377
3960
1044
11311
5698
309
12429
3283
8095
3255
9368
1936
6957
6931
2759
8835
10191
10631
551
10808
8078
12852
10113
11019
3678
8520
4190
2153
8038
1963
2663
4789
4307
3954
6719
3446
8537
671
8077
3181
6000
10602
5921
6309
2094
