7517
30838
13171
14556
1617
13155
34384
2479
2586
20595
28246
31351
788
5890
25179
24342
10997
5322
34633
5292
30666
23490
18605
1143
11685
29429
192
6786
21331
30509
29914
24577
16146
20668
5690
6990
24975
33319
3098
34355
22741
22576
3103
10389
8066
6102
21215
19906
10131
10627
7107
4855
9800
13761
12092
28968
12642
13090
13146
13828
2809
34436
2839
10339
31554
27893
1057
11672
17630
4896
19015
2293
19462
30867
10387
15344
18097
16564
11189
9648
22512
31248
11753
10027
22161
536
895
12192
15847
5505
34264
355
28539
6518
24280
4395
1724
10860
25303
32932
7977
6858
5321
4289
6551
21355
19557
8226
14335
1945
23459
8005
27942
30319
32486
3428
26656
30379
14050
11787
16679
23990
30167
32797
15181
2881
6763
6122
25681
7351
25437
28623
34469
26369
10941
27474
18662
18538
17386
13320
13966
10383
5548
4036
19428
7930
34712
34190
23162
24356
17969
18966
23134
26868
17443
30732
30834
14353
15362
5078
6031
19175
13466
23629
11462
15754
33544
3236
3807
16852
22397
31797
14794
29652
20891
26242
32707
10286
15160
15293
8203
24160
14808
16245
25777
1032
2599
10045
15
25072
18827
4987
28657
10739
5623
1674
5184
25175
13597
25692
27429
33103
2955
3391
29305
491
26014
27474
28217
30766
8948
8885
31663
22276
8483
31827
26923
24766
16039
34733
24840
12836
28265
499
26579
19197
12707
29009
11239
3798
26447
16965
21340
2901
14471
16153
181
34888
7128
21769
2424
13351
30672
34266
22017
25595
566
10892
2768
5489
19184
33910
22225
27871
32647
14085
5450
8706
24280
15456
19246
7730
1268
32579
15440
33346
14190
14622
10180
27223
3644
28978
20647
7141
11495
12911
13414
15249
11789
16021
8932
11414
24798
13293
34998
15647
22955
27978
24272
19790
8026
23266
31186
14023
24910
7027
6061
5940
13332
16212
24400
8597
24760
2673
11943
8923
15558
29810
13571
834
2892
11817
30708
9473
30868
16470
914
20815
22192
20728
32099
29684
7982
15634
4583
13753
21275
17432
19520
15325
13700
19925
9205
14148
14711
20851
22790
19262
22912
31837
5809
31386
5543
4204
33483
32565
3103
3884
16810
17891
3506
29339
13319
15097
24264
22502
19929
6284
14646
1575
32700
9745
32874
28830
3545
12490
13805
16259
11479
7986
5962
6094
34623
29269
17323
6091
17997
21727
162
15133
17138
31312
14717
24654
8791
25816
28563
17480
7820
23837
12595
5363
4662
5317
10347
22164
29622
15962
20014
5062
6702
34546
11359
14335
29023
14056
19762
8649
28887
6803
31562
27620
29934
31688
15949
32749
27463
34102
27899
22885
32347
10886
32037
13313
816
18493
34947
27945
13673
5168
22694
3646
18752
30891
13236
8309
34823
10262
20577
12611
27115
28260
10074
20948
30689
19273
15429
33621
8835
12503
6845
30897
12187
15757
266
17123
32720
12341
32261
6170
15278
26760
3625
13362
10312
22041
26356
26188
1184
15891
21253
29236
21231
3991
22335
13899
25545
33085
25283
3713
34423
10695
24893
3360
23480
15693
19541
14432
33953
16016
29702
7514
8945
32671
19363
22580
15274
20527
28436
29904
19625
30371
5040
15481
14271
11720
16653
25251
12384
20898
33602
26149
1680
5745
4054
34878
7293
3050
30842
16729
31208
11163
34809
25319
10173
30703
26728
12376
17274
4762
13735
5341
933
13706
29087
21005
34485
27338
5782
2449
7602
9476
31102
17918
6657
19105
21605
26031
20104
13336
14293
18685
33352
4746
24842
18084
12976
17238
24196
21146
32069
19638
14746
31671
28719
33668
19151
1676
29959
33442
16089
28858
33077
6077
7707
28943
5607
20269
4541
18407
30747
29372
19154
2165
20165
22048
14079
34837
21212
30223
17779
11359
30982
9166
3521
19490
8060
7446
9914
33155
20161
23667
24784
23984
5155
25218
25478
17165
22620
13911
4867
17994
17275
19336
12501
30311
10403
25034
22393
21013
13397
31574
23753
14707
11433
14463
5151
11209
3064
24850
26414
13141
17733
31002
29495
2296
1962
22640
17409
21451
7966
30996
10906
2683
3804
33490
6810
34830
21423
595
31679
27081
385
27159
22634
2761
12595
1604
30352
32954
63
11518
15661
12478
1001
2715
13211
33117
26908
34937
25817
17686
34352
33775
20671
34896
12265
23301
19469
12119
24892
29033
27066
8750
1386
5782
33242
20901
21775
30234
737
10191
6900
8669
16261
18443
25640
16146
3720
14653
34165
5995
11466
24169
12407
30285
13549
11555
27927
32357
10378
4365
28654
34309
2337
16678
23941
6976
31125
1396
24577
27453
16302
25686
22436
25563
34856
536
14358
24226
7609
33555
31163
29081
34168
17896
15566
9090
529
18649
4691
19814
32701
21237
13737
16838
29318
10886
29398
11567
23959
15697
25253
32993
12082
33889
14851
29868
14884
23991
15872
12808
4707
27802
1280
28856
29663
15968
6881
10689
14374
34622
24150
6444
13594
18034
8866
22910
9581
21146
30985
8353
29013
7240
16904
3321
32306
14133
16109
13021
22027
30263
21761
15015
24249
10536
19921
930
548
7596
33348
11599
17521
26463
29975
6460
17677
11184
22004
28138
3779
24774
27929
6529
19345
21166
34445
13258
2489
21078
3869
19440
9275
4809
31269
34164
13784
15311
5378
17692
3073
21928
21748
912
8166
22734
17809
13289
22242
15612
2515
2133
21923
26630
11636
18003
9496
32782
18368
32591
26324
32608
26321
25611
31383
8619
25872
23299
1691
33789
22535
33035
13531
28489
8891
7639
7184
376
21839
2886
10613
16337
33060
10180
7250
12590
28316
34651
22895
13765
19510
28318
790
33631
9459
20441
28530
3928
27199
6944
27847
12548
11363
1994
20919
30195
16904
34849
31355
1968
10134
16537
11427
29652
29938
10867
24548
1169
14750
4790
27528
31286
3666
13640
4836
13679
7824
27246
24386
21373
29717
1230
5607
3153
13387
8349
8647
20208
1556
33514
33492
31764
29754
2950
12414
12176
10873
5710
15844
19717
14021
6070
8744
285
7624
17724
30873
27299
31739
34718
8770
27693
27182
7185
17880
1472
5515
7136
25368
32983
8469
14909
13335
32719
29814
9431
28219
33545
30173
8664
15023
23605
11143
33537
11260
17319
1932
22076
30122
1769
22882
20870
13374
5277
11279
12399
19517
31061
12375
21599
4847
30769
26830
8799
23463
1756
24199
15065
8663
29276
10643
22349
22504
4860
13374
27626
13702
20255
23731
19165
27250
29483
19311
15552
13970
16032
24299
31786
7851
33100
23723
9927
34406
2556
15979
18284
34752
34681
28706
7025
19276
4556
22334
19571
3979
6911
27599
33805
4124
30490
24840
12130
25750
34967
10055
23250
11490
6971
34550
14847
9141
24985
26706
21834
23371
16716
2217
29487
9016
32560
33240
4418
15399
2678
1162
11012
24086
29842
509
5270
10064
67
16391
20376
34650
5079
23622
28911
9594
31472
19044
13377
19520
4935
7793
6950
31968
15003
12659
30205
18480
870
3864
19736
17197
3173
21252
4709
25482
24338
33270
29577
33512
9559
21420
27203
21217
7208
5376
4995
22589
17390
4194
20797
28608
10796
33612
25622
32395
19992
8373
15281
24751
11055
5013
15135
18232
24461
30791
14809
26646
10729
20748
11035
21766
11257
31708
12782
27575
8238
5472
25210
23361
6646
15803
34103
456
28906
20511
6526
28583
25204
25379
8521
30958
32143
31842
19555
27262
4851
12967
31165
8587
8619
29692
11622
14680
14885
16634
26599
26961
6501
6195
29464
3945
34382
7883
32434
27980
8927
16269
14530
28127
25317
25466
5103
10692
5594
2476
17432
29937
30882
17176
18341
33936
32022
34306
12672
21321
8752
32763
26455
16723
25985
12557
22802
12057
14186
13879
14619
14313
213
19179
26583
10625
14727
14461
10943
21875
3980
28895
20955
25079
13895
9903
1268
8590
9533
16178
5892
29492
7477
31665
26541
9888
12990
15946
16370
7974
11109
12786
14814
6291
29961
16037
34335
16816
7940
31136
13910
27423
22769
20022
8502
4506
19477
29111
4375
15332
17852
17551
20686
9551
30976
27658
23411
22252
2744
34685
20206
23714
15643
14848
21990
5677
33847
1151
15200
11839
25507
30864
4688
32333
32829
31695
11631
7440
10136
15476
9250
9060
32638
33006
3114
17965
13262
22425
21973
2501
26707
2107
10753
15818
13720
261
17520
28596
30731
5205
20141
12132
12837
26792
24089
28768
27387
27348
33241
24812
16669
29427
24016
746
12585
5835
2909
5706
30331
6723
25745
27436
21186
3960
6015
5298
2266
13118
14032
12571
10265
138
12602
28066
25384
16996
15956
3117
13769
27066
8344
25441
6528
19207
14230
13555
16359
1474
3073
721
20849
24507
8865
7951
699
21848
2868
9550
30234
33638
20345
29479
29565
9699
1059
6301
18472
9280
17742
6456
2417
5052
16961
6181
26699
17324
8856
1731
12357
20223
9300
34960
16063
22789
30217
32810
23584
25063
31469
11722
742
16993
34160
827
1027
19380
14468
29641
904
19249
32746
19276
5977
22224
13670
24867
31292
9094
30873
9893
9847
32429
16561
13178
26142
7973
127
27352
25070
4520
876
3931
9497
6492
7177
28284
25966
16361
20394
25658
12692
9010
14901
20565
28083
2224
32533
12238
21463
15794
27966
12269
25753
26609
27404
1707
1572
22920
33749
11238
15833
1312
1367
12115
3504
1873
671
20309
11700
30317
27511
4299
9673
2519
15755
24264
26268
2689
425
31132
8159
14499
25138
4632
20943
21791
13649
26711
25164
21840
24743
12592
27877
19659
1609
14079
21478
17374
34447
14443
33095
13830
11609
32250
8314
24261
352
17369
2688
32511
14390
4360
18560
15773
29579
24002
34453
3867
25325
2938
5867
22812
16587
7945
21982
16773
13878
7540
22239
2735
29764
27457
11621
10286
3259
5994
28635
3622
33423
6355
25443
15294
30648
1494
7631
11156
23115
34166
8159
7800
9354
11016
500
3933
26867
32229
5992
10770
15490
28116
28056
11678
23604
33588
23456
15698
10337
1631
17321
3016
8660
11603
13537
24345
3435
31226
663
33093
28550
27489
17497
8435
19542
4301
2284
31697
3275
1457
9671
20493
34625
24092
17725
32801
3944
4152
27269
8829
21807
10973
16367
27639
27357
28252
11486
31973
20091
9520
34988
475
30889
21846
19518
8232
34140
5213
29998
17595
28120
27080
28231
5147
16016
10305
7840
25356
29623
15648
16720
11053
8114
23577
4498
10453
5124
31539
10933
23022
24221
11860
6331
19051
10272
26018
17404
31995
9584
12068
12174
29511
22646
5055
29595
10432
26969
30557
10568
22313
9979
15320
30613
13700
16076
22885
31413
26800
7446
15731
34900
32304
21324
4122
24736
8671
25615
26024
33661
7304
21406
31214
28681
3370
27169
21994
12633
11783
9610
25518
6486
6030
9361
12781
27776
19327
1211
7646
3045
10708
28030
10377
4573
10863
15332
29710
1613
20941
14553
25989
319
6938
12258
19255
8690
29439
4668
33188
1419
33174
22918
13326
24752
7262
14661
24627
9309
4401
13738
12568
26405
28123
25865
10024
8734
32358
8561
5852
24481
23704
27203
13468
15916
2414
34817
33820
20630
3890
21548
33258
20471
32071
32873
31907
17929
19357
7298
2413
1783
7256
17957
2895
33681
25371
11427
11789
29369
16114
8791
23456
6333
23101
15408
27546
17193
26808
31797
1175
8112
9199
21852
1911
17359
16439
30640
11823
9670
32688
9997
10256
20108
14478
24648
22687
11334
33303
33071
25987
33979
24879
22186
30054
1615
30831
32157
986
29466
44
27612
29149
20421
9675
12706
13143
34000
5474
23317
17192
21938
34666
18953
32935
30398
14200
15743
33501
9791
30195
10154
4487
2720
4528
3215
21970
12514
2914
29062
3137
28459
357
12265
24730
21399
33657
21040
1312
33974
3859
13142
30249
30082
3239
3499
25126
23995
24714
25951
25699
24088
17228
6464
1309
19532
9555
13648
13096
6851
20954
12911
29851
32712
19448
408
20619
26421
8549
27362
34955
27701
17464
3437
13157
16225
5027
1159
27211
19597
32688
28003
10294
6054
20413
21196
5000
5811
20906
14099
22893
15605
4083
15971
4971
27853
25697
17229
12682
6936
33340
31221
31830
23929
33371
17608
1586
1323
5995
12496
32207
22361
12653
12686
4363
13253
25106
1723
4204
31713
3666
11267
28291
14485
11522
6311
26949
26853
16196
26797
7844
5814
28672
17077
29933
26502
34721
22866
33763
21357
11890
2708
10105
20835
18799
34262
9564
416
24263
22833
27710
410
24383
28796
16175
17558
18115
646
2158
10390
20237
30346
14230
29723
19279
34853
6620
6903
21517
24016
15764
17850
10148
30300
24795
8023
8032
7014
9774
18171
8745
14241
8098
18753
24588
11955
25301
25868
33592
6541
22794
16426
26335
16210
8090
16074
3021
32379
18181
15730
21781
1436
19169
6455
9806
24687
26921
5289
27644
3539
9118
27778
16491
29168
30403
6580
17207
34570
15426
21636
351
9152
2828
13423
34767
19152
4750
5535
2005
11560
4815
14529
27315
6827
2245
20807
2059
33287
23112
7277
27361
14703
19110
6810
4561
31874
18438
20789
30914
7495
10592
5681
899
5842
25441
16415
32697
8640
4164
28695
34242
29155
20100
31034
24820
42
19318
21334
27351
22009
22347
8191
15169
10808
26612
12319
2344
162
3830
15770
9146
6212
22332
34080
18688
14400
28908
24551
25761
3822
4554
34645
33739
20862
1944
26239
32028
27196
29607
7857
24054
4296
33303
33275
11593
12120
4538
7115
28979
21717
20015
23469
9483
28087
10547
30340
10507
28846
28026
24611
26299
28790
16466
24661
34481
6366
7784
34749
31478
4589
32492
30915
5029
18681
27072
18948
19509
20741
32030
4893
12894
14871
32191
29939
17144
30107
23479
2625
494
13175
4118
25039
5338
3197
31394
5508
19090
11758
19616
18857
3912
26481
22657
17169
17663
33832
31265
21664
5233
6306
14675
15342
34613
19275
24791
14232
34270
16805
14966
27036
27887
21472
23157
5551
23523
8565
13525
18245
5833
203
25987
7237
8764
10972
25714
34598
32608
31288
24902
9601
9616
18836
26892
27172
1269
27766
11414
32824
6553
21783
1594
16345
34
5013
23410
13607
10794
23604
31454
23549
15018
22281
32341
6029
16167
275
14243
20830
25589
27990
25220
5788
14064
22437
8431
23827
15201
12595
5502
39
25653
24014
24841
3026
20618
24793
21330
26051
24882
25749
29923
12943
16458
34979
15339
30887
30109
29904
7424
6142
11553
29606
33911
11765
19795
3731
14911
3990
13445
19743
1459
4945
19910
13151
24598
20453
25323
1585
29544
25727
34633
3468
30975
1136
20236
34958
33513
16406
33097
1449
16085
2954
12712
19187
31506
4561
31493
24368
7887
32905
8606
15838
2602
18713
8415
13253
6732
17846
31761
6697
31737
17318
7137
5613
10141
10619
13268
23166
16082
32878
23336
31425
22822
1220
19590
1498
21322
15026
22444
570
317
6184
15895
33972
886
12637
397
124
25561
18512
14672
4164
22464
17886
17271
12605
19475
5484
3223
26430
24051
30426
15294
23300
24168
5858
19352
4151
28842
24076
13106
18924
34780
31856
3572
2124
12940
14312
34188
8824
32775
17663
9445
34335
20618
28257
10231
29126
4532
18040
22695
32699
1223
8704
1303
32494
29309
15472
32265
6709
30535
11237
3476
20682
3456
6533
29017
11427
32872
12589
26096
18438
6692
31760
2667
13478
18235
16004
8356
22302
8204
25050
32634
31497
21147
27082
8031
3068
29098
19465
6389
31881
4588
28256
7534
33673
33029
34946
24555
276
11101
12585
29396
16608
27419
26486
17887
23964
32542
8867
25828
34088
25927
30015
31020
34251
11682
21757
19393
18328
33243
32937
8921
6694
14190
20153
33236
3523
2822
29419
2557
26804
655
21753
28918
14444
17472
19901
699
18998
24295
34226
9537
34144
20721
34130
13495
5910
89
13886
3802
17720
11565
5245
9943
5226
5024
30803
26482
23038
1513
15541
26651
4495
16379
20471
23704
9428
21422
29226
269
32104
33820
18613
24184
31106
25677
25047
34257
29006
23035
18687
22574
4927
32082
25528
31893
3071
8959
28252
16035
33180
31537
24531
8154
5345
5789
4648
28382
26406
33699
5504
13952
19677
10222
568
19900
13267
8041
31203
26189
31838
6589
28693
30249
33481
9927
18790
20079
16201
14654
20910
12420
23435
10722
12625
3605
629
20008
13784
21134
24277
5010
33788
11057
14370
20075
32999
31395
1021
28848
7593
11664
5459
12074
27147
13366
9122
2145
25580
31615
29677
1250
14838
28305
23494
2560
2820
20640
6512
30945
20099
1435
9414
15567
17017
26467
13706
22511
15774
5031
17654
4286
31174
28125
4241
30967
4607
33987
30199
22498
11942
30011
30743
31551
8392
24085
32434
32351
28503
10911
27669
28011
24476
16160
5323
18694
12308
14346
2643
11485
22816
25261
9185
16136
1357
33800
9019
9432
5692
1538
16986
15279
17022
31279
8667
23008
19992
23198
17329
14691
17559
16471
11289
34451
2121
24930
15258
32179
14992
16706
31079
3514
21195
25217
2274
17704
10538
30493
24102
1768
16334
4944
30401
4661
3122
21229
23020
18073
7570
4110
26249
24537
30783
6595
29496
1196
21916
28940
30253
17306
33713
11648
2482
9465
5249
3542
18229
25475
12554
15152
17925
2963
30640
22136
33814
26566
33934
23763
25871
16943
17898
15970
21628
3259
7532
24143
29445
7219
13075
14444
6466
17391
10572
26335
30169
12639
10824
6330
18846
12733
6984
32166
25686
33119
7440
1608
27375
16624
17109
12228
13487
31558
13820
934
24784
20166
3793
599
8605
1595
24264
30124
14700
8590
6788
14771
28880
3735
20482
18407
15114
33490
22737
19434
12379
2197
29144
14714
33136
16990
4891
17180
22770
12273
30676
8517
15808
12534
33970
2688
27300
10049
433
32769
712
21563
26245
10720
34827
20222
4236
6618
21395
33262
26256
33281
29296
707
22997
28003
11867
23307
24077
19512
3137
12804
19149
29612
4600
24343
5908
25629
6973
5224
27520
32375
29872
33114
33612
10427
6981
21240
5442
34214
34367
32982
20641
1326
1338
22597
23291
4535
14741
12429
1462
28627
23147
26365
27717
3064
9581
6766
7866
17434
25053
29549
15402
15954
2609
13279
28453
13183
7779
24200
11264
13593
5009
9220
14521
28253
27245
9078
30966
24409
30219
28382
7547
14097
23378
477
3406
1906
22129
20877
23736
7012
26608
13996
21835
4293
31096
33743
1747
13992
15472
29626
28178
10677
15069
33085
6835
7242
22125
23723
5530
18215
12816
29100
26263
13846
13771
6354
14453
7577
14930
16305
21027
13974
33545
29152
4223
21734
6712
4812
4218
27323
34545
20395
5412
10759
11455
9893
23948
17945
24253
25783
26659
2107
599
3282
30662
22039
753
22232
19383
30263
8875
33863
7215
34828
10885
19357
13738
31471
925
611
29902
12827
12778
19751
21129
3283
2396
29401
26983
8367
4986
18839
16765
17570
27679
22076
15981
34567
7873
12211
12574
12098
33464
7761
25623
19931
24352
26856
3615
28876
11131
3776
9636
20388
21374
481
19535
6732
11118
1811
31360
15455
6183
21854
5004
33623
26081
10357
13255
10466
4055
5941
18959
7436
1989
5052
2375
12893
31389
7789
32508
8587
3558
2832
26544
29026
9978
3277
27328
14224
12651
29217
24668
21486
27633
4081
23195
14376
7906
5251
13017
3229
29415
5581
33854
7865
7102
27765
24763
9272
19313
4831
2548
8254
10595
11365
15220
4186
8274
16384
34602
22033
846
21181
32399
22806
28212
27371
19128
25655
4167
26417
31302
12227
29108
33589
21919
29175
30760
18614
24208
25008
25664
31803
23282
11882
2068
7588
30087
30103
8418
25654
27791
34644
2579
20221
24595
12485
28931
19353
18533
29281
28490
1283
29922
1200
2034
20089
1253
21824
2661
3597
22114
11847
24213
11276
8563
14011
20007
8530
22970
277
29181
27370
4900
25029
27302
14539
4422
25854
28908
15111
24447
11546
7513
29469
810
11448
10815
29726
34326
6489
20363
16268
13019
7115
31821
17263
4308
1189
5999
4073
34731
25321
32151
22297
22653
12391
5403
19845
21828
15774
6200
32560
3483
17853
27487
8787
34217
22088
2437
34839
2277
7574
32477
17961
12410
25463
1484
495
3671
11051
9328
12391
28542
19598
30054
33030
6454
11903
27991
33421
32368
4568
26702
104
5835
31568
21632
34617
452
10011
5712
5433
19165
18811
7063
21575
56
8080
5285
18377
30521
6523
4470
33054
29374
34552
5492
19334
23627
21498
25892
10393
25462
14608
6544
23676
31668
16317
19649
21803
33710
965
8870
13704
24187
7107
32293
1305
26131
29416
15301
4288
10198
23439
20310
16540
33791
25291
18981
26780
27168
10241
16840
28188
26179
22050
1610
31592
21770
26689
12972
28037
24979
29931
17193
767
25188
9020
16900
5949
5687
12725
9407
16025
13570
29235
20602
8579
31078
11972
9167
1613
17369
32699
3758
31433
4154
14627
10570
6623
2288
11311
8543
22059
27728
22616
14038
24299
32842
30880
30470
8014
24959
27579
16521
17903
34856
31413
10088
33737
20766
5510
7452
23380
22065
33650
7994
19518
2263
13942
23122
34814
16036
269
1964
26049
28328
28008
14880
16079
17082
7492
1361
8423
29559
17676
7148
31335
22622
16247
11035
25184
9051
9317
29688
30678
17054
1092
12840
13230
2151
17359
29191
34344
19633
12325
34177
8371
32376
287
6756
10983
9192
32723
8104
14198
16915
2806
34599
9196
6423
16207
23263
4518
21482
19958
11465
22367
29314
3523
14573
21357
6678
4674
26444
193
11810
27708
27521
32269
4803
14090
3437
23993
27496
13946
7895
25782
18304
5276
4868
5835
21622
32206
12584
6958
34942
32884
15449
31898
1627
8883
23499
20014
24758
10988
9574
21559
23501
6110
7073
13028
33182
26300
28577
15534
18182
11742
10058
28827
34594
17259
21648
26408
273
30643
1906
235
22388
14923
13148
3875
28235
16298
29696
13287
12998
13696
8977
12899
20308
32671
10555
3506
18467
14433
8362
15661
10381
11969
10109
26849
19820
30309
32718
20502
21106
34601
28994
1979
19047
7663
22912
17911
14199
28114
34159
12003
14839
3923
14712
6668
9188
16346
33525
15308
21233
24790
24436
11151
723
34047
31093
22523
16178
15928
30644
19553
590
23075
29058
28081
23259
9349
20990
6066
20795
