10770
1246
18425
28268
22192
40706
3624
8292
12353
31302
957
25804
28703
1196
40254
1715
14732
5791
7129
14392
32535
18562
14012
27996
23322
31825
21535
36292
34143
7112
22567
25002
35913
26823
30390
29615
19214
14606
37150
13967
29506
1491
6573
36473
33199
16725
13265
33401
37720
6987
11916
37707
31253
10846
27507
18758
28041
30192
34649
20379
4311
15184
22521
30561
16459
6500
10088
14015
40829
15385
17233
34805
2959
34497
36474
1991
23136
35129
27627
26958
31474
40334
13783
15925
1637
32764
179
4453
18710
30395
7523
10525
4842
9430
29996
15586
3581
32617
34140
4191
10879
15774
10397
32689
28766
28436
27673
17050
27815
21589
8880
14368
33381
32875
20900
1097
12492
37230
17078
11580
34231
16964
16441
2383
14501
27157
31627
10809
13266
6962
1540
40324
13250
18802
27152
12257
32897
28177
26206
28423
28262
1957
9939
9833
9454
30981
1545
36291
22852
14977
16536
521
17486
5464
8767
1132
20411
3578
33299
4962
28936
9363
15966
6713
34602
4793
33059
36183
22117
25434
12398
39961
24899
6188
32097
5086
31673
17018
40520
4352
33747
16232
13102
23638
7376
15956
9
29864
31544
4753
26504
3633
33969
8537
29588
14338
19033
2318
20940
35425
20630
8477
21051
30181
7362
22191
34493
23372
14266
5598
28191
4355
15277
38520
11051
23105
35593
40331
25170
4816
7208
40974
197
30433
7546
21143
8076
38604
16373
40166
38615
9977
3088
2133
18491
34478
40757
24674
14219
30133
14452
35067
25000
6328
15988
35853
33876
34060
24372
35329
40120
34031
7008
11004
31974
40768
7807
6689
9032
26906
17113
3868
17423
12292
21782
23278
8936
21928
38842
14408
6321
25382
24477
38870
33545
11132
31166
35971
20645
25436
24471
34482
13894
25282
36451
28295
12688
23912
9212
40515
2622
34217
3970
582
7289
2566
142
14332
18672
39200
30812
5383
4776
25587
14455
5732
38189
33898
32894
28397
12577
39525
9284
8978
14072
29012
5381
19117
10031
32047
32221
27865
36113
39252
14019
11470
11672
7387
17650
30475
38957
30161
10479
26480
39143
3775
9750
13544
7767
18631
19424
5655
22012
32747
37896
31974
40274
27890
7299
4008
31854
4007
4637
9687
9420
5951
23824
13456
17897
23143
21239
33816
29157
37416
28952
15698
32768
32808
27632
15006
20301
718
21281
9007
21427
19274
21398
31896
10656
12438
32968
1684
36921
3877
36217
21818
11869
17079
29661
9689
10720
21902
13752
742
11890
13904
9106
24071
25775
7625
15639
11506
35090
9956
26244
34175
250
36798
1660
21422
6951
5519
15152
21791
23933
20597
10829
31357
11655
9471
30678
20925
11143
1347
3010
31873
6994
36949
24969
35419
34049
7309
10049
3344
30761
26724
8661
15411
20780
7210
2604
9739
30857
5942
4639
32691
29742
38931
32636
22963
22470
20068
96
4088
22605
24428
11818
18733
96
9372
34322
19931
8561
27018
4936
4309
14168
10786
35472
13961
36446
18020
24939
27611
14907
20345
39858
40644
27487
38395
1244
402
30773
23353
36102
24917
29052
7876
14626
30542
10351
6992
16784
25859
4700
15594
14688
23243
5714
34483
25602
23579
12571
35382
15213
38715
641
20324
30908
544
2461
35969
22399
17062
10746
39746
21085
31809
2912
19086
21214
34264
16501
18902
26359
6927
5014
530
15231
30024
24699
27306
10374
29677
2184
25574
9038
37549
34183
20642
9593
28681
3763
13753
17362
33553
21720
30124
7911
4727
40790
2055
25548
33424
37437
16369
5763
9682
17586
28671
2823
32007
36743
18459
39113
1229
15928
39022
25217
35678
22074
2759
4390
18611
29278
9294
5888
3160
11995
16218
40730
12788
19106
15788
33998
26048
28034
9030
23617
14561
12
5667
21797
15996
3706
31803
26117
31717
37664
3723
8987
31603
24036
22968
39485
12107
5329
19102
20415
38552
22895
21977
30450
3212
21167
14519
22281
28750
40202
1248
11012
32360
30305
3067
2349
4795
12559
29838
7472
37721
4339
20385
40696
2199
24282
16200
21164
18317
28121
15643
17377
17100
11040
37860
26161
13523
36130
37893
18929
8101
18784
15707
33704
2010
10269
27507
8027
28464
16812
28719
35821
4255
5326
36900
13468
29494
18769
32499
10671
36549
31562
19419
30619
15704
36026
11096
22597
22836
33742
27010
27250
17553
18496
6932
32922
23708
1171
3350
20626
19512
27900
16314
38089
37801
13493
32728
6786
68
11507
31814
27712
33614
36647
13928
32881
36632
21209
37224
32345
13212
20271
1241
12343
32542
22902
36798
34148
24346
3760
16914
9728
32790
25763
37179
34814
19035
28443
23369
38880
40438
39829
749
8797
30501
28156
22303
4543
15512
17249
1544
28225
24742
25387
2344
30013
15729
24534
30397
4932
22759
30279
21786
4991
38789
15982
6799
14914
30842
32324
21266
18912
28950
34892
13042
1394
32902
25446
16596
30224
10044
14166
36853
35650
8647
33291
7802
10696
26884
30940
19414
14614
32280
10309
6657
2091
19067
33631
226
22449
27250
35973
23817
10735
24074
6354
35955
31201
34180
10144
25619
36865
10753
34748
14954
6975
8275
27278
23522
27676
5325
34636
33501
38964
5472
7069
11677
8770
12292
571
11687
19717
9127
5274
4977
9688
7013
17189
35028
30968
32324
15167
9848
20902
16514
34767
18419
36484
31477
25701
6358
23500
11063
31986
24052
36028
16860
21548
4608
33166
9362
2990
28706
40292
12740
9038
18029
33017
38434
27551
31800
10290
449
9119
33287
21459
37587
8715
6053
23238
29522
26335
4920
32982
36022
14170
1801
13297
32728
20981
23735
7268
10282
12380
22023
7673
2374
5213
8786
36980
10400
39246
6851
22491
27104
24011
17875
6619
27200
2773
21955
20975
40918
36478
25686
16100
3382
3008
38696
11440
25504
38973
28870
21648
26497
14473
8139
18121
161
4428
33117
38934
992
17012
3858
17840
30845
29184
28562
12028
5101
40167
16474
15405
17420
5278
18986
23491
11411
11704
18244
1476
31919
20264
21121
32014
27642
3906
25602
32870
1080
37879
31144
27163
4799
5831
37968
18660
5428
1377
13847
10144
1014
21414
9869
15436
5601
34516
24881
12838
19242
5334
23017
26505
37106
34376
22508
36937
1873
21953
24031
5822
34952
2369
3720
14158
9858
4570
24786
8555
5328
30059
35949
1068
24008
8430
1105
22790
29065
28299
37143
24499
37486
1534
38044
6771
21820
18676
31171
32863
3666
29235
15366
11021
21820
27215
24385
21173
32628
4888
22083
38993
26357
22369
5673
10315
28061
12044
16409
3977
20759
12760
4544
40844
21146
765
35120
35279
26250
9190
22962
15938
24081
8028
4612
4029
18273
35612
9895
25810
13601
20191
39063
33595
30481
35744
29895
39627
1955
13730
30073
25585
17640
13591
34072
40798
852
13717
14658
27207
20248
5418
20909
31719
16610
6177
22916
5436
17283
14445
19125
19241
7125
35890
23059
6596
27670
25675
38228
29262
16413
29877
14742
12688
11840
31595
3690
12837
33256
6467
22565
21826
36145
39982
36783
25697
3786
33388
15978
20733
26261
9501
13305
38760
30972
13253
18538
28200
8793
28447
20290
35737
34751
8498
38219
17012
29314
33249
35084
34012
18696
20659
36493
28849
17811
19603
19062
6166
9316
24187
851
25620
10229
23481
19566
10658
29714
9324
1265
30108
40117
17303
36174
23344
8781
24707
5949
36480
39275
14684
37705
18385
18625
18730
19823
31186
6063
567
39932
30440
3331
38656
35010
34150
436
33005
5935
21498
32900
6018
32403
32395
24327
15240
23683
35110
6796
31894
38367
112
15231
21216
34876
25534
22112
4626
31590
18000
30092
16118
23342
11420
3221
5025
37692
21126
12753
6819
5890
22493
29332
25461
1660
28105
12675
32933
6063
6249
28174
16229
30629
21793
33865
35298
22482
6832
39880
19216
7999
36807
37988
30851
25744
34269
25630
17800
3628
29864
16726
28658
21993
1255
34096
15976
28617
30898
40124
7051
16557
36987
18185
36886
9156
36309
35582
12718
27488
15442
39005
21673
11973
36020
8875
37459
33287
11673
7464
15803
1399
9153
5480
35884
17153
17131
851
26375
36965
14115
7335
33126
9344
10649
26576
38227
2663
15859
28778
8631
6560
18082
20627
6359
14884
19689
3695
16001
10349
5026
10648
25988
33240
36460
11754
11309
39614
29455
4761
27902
32005
39543
6104
6385
36718
36006
35375
6890
35547
38244
13184
37730
10119
6506
26486
24160
2801
4997
22450
23234
20062
11277
10475
18817
36171
26397
7481
30634
25564
13765
8287
14233
24628
2898
31531
20440
29281
29880
18650
34078
19107
6934
8701
24242
4025
36703
7602
33382
14671
21345
19465
7113
3752
13926
18940
32173
2877
34544
18041
10703
8127
20554
12423
17668
27150
22065
28995
1712
20742
35881
32294
9378
27531
22292
39020
23180
34618
26629
11300
28215
17139
29035
1823
13763
34134
3969
29495
27771
20441
1418
1165
14495
34731
23857
20399
22083
17464
15639
20748
15637
4434
27774
4781
812
20720
29498
40370
35308
16525
22831
23318
25461
35184
21006
7041
8915
38844
14889
22080
18177
12707
24150
6114
39639
33692
38312
32169
40130
26317
36992
32300
23850
8903
4147
4885
36807
1053
4925
34587
11357
15528
37027
27806
27478
23043
29806
1979
7758
16189
10763
2755
16490
1144
12960
5260
27434
20581
13761
1019
15437
37098
3640
32780
13860
32810
20755
1249
8631
8575
32143
34603
1427
20950
21507
31975
19685
19654
14223
38168
38608
26655
28243
1133
29106
34460
39340
1830
7324
28332
10625
25961
28465
18986
26316
17459
12230
16431
16012
14861
5879
23249
34871
11317
38523
32698
4908
1117
40629
32096
40662
14733
35748
24740
26117
34760
24908
1241
7551
33525
4715
22435
25708
28589
28064
24778
14455
30459
9013
465
14904
29909
3661
6983
20710
2886
27864
17074
36754
32989
1684
39538
18198
11373
686
5721
39989
6674
19254
39997
17788
7421
2232
13456
2454
20388
24527
12077
8501
5697
1452
9862
33820
14605
17708
35190
37186
27097
32503
21448
5360
34609
9773
6027
13364
17814
10579
23466
34294
20942
5259
24516
21943
12969
10802
17285
22546
6195
5154
38695
26403
5193
12472
24481
931
40730
35536
6409
31758
6995
31716
16249
6627
5375
27716
9708
3794
18034
27663
8636
14325
24560
28583
29977
35741
39878
13755
34359
36237
39404
38662
31773
11683
27542
21380
21237
8891
21102
38309
38005
16590
14168
14178
16761
30615
15290
27324
20067
35310
10133
27373
19641
30350
27228
21350
5568
4241
5976
30991
36506
15907
36341
1645
4922
9115
8765
12877
6736
29606
7055
24271
19685
14302
39412
25678
30636
2232
8454
15171
8907
33100
24276
34065
4933
3037
20590
972
30190
10535
18178
19291
5570
31704
15017
16644
21274
27855
8314
18222
35268
6401
17720
12178
31446
31715
17522
12483
12574
15058
29431
9924
12745
8150
4507
16201
12406
29325
40763
30165
39086
14811
16809
5434
32963
28823
15164
18208
3906
39937
40104
8188
16414
39664
4965
1186
30043
35984
19055
14853
28067
33648
24761
9187
36952
36674
39222
19222
16711
29899
6158
33461
20805
14498
17953
30841
30233
39350
12139
5963
34277
4479
8764
5747
26658
25343
24610
963
26776
12026
13566
16842
8143
35016
1760
18612
36365
21835
37288
34862
23564
26755
2002
18616
9014
27943
24101
11300
27432
36311
24616
26338
1936
16997
26849
19782
605
36761
12
12089
11450
7979
21228
6827
35046
6011
37169
31571
4123
21821
11118
30253
29744
14537
28565
19218
19829
3062
36722
33454
4571
11127
35753
31530
39478
2669
19333
7889
32801
26043
34317
4920
6868
34425
34757
20287
38507
12944
36271
15748
3734
26053
32964
20982
1784
15041
40259
13727
32055
524
28235
16971
15696
21273
34321
16525
5404
2133
20649
25089
22274
6449
15755
25076
37578
823
7884
14055
6548
22562
18382
40939
14187
8718
701
31270
17873
33006
28614
6475
5175
31308
40502
24640
26449
14451
31292
37489
4357
13512
33724
24442
34270
11487
9409
12409
15969
26410
34382
18010
20979
18692
35938
30420
11413
6460
28022
14073
24573
2373
35323
5155
9962
27338
39773
40625
23740
14503
9822
20273
20853
4682
36256
7575
19048
34712
9675
35652
32556
23669
21687
30114
40733
40419
879
36875
28856
14211
27098
35489
29409
2826
4151
20857
5299
32306
21156
5113
33659
34658
29035
18160
22561
12720
12282
11597
3939
23066
13853
29415
30624
10908
18370
33067
14190
36211
22001
33244
7505
3584
40670
9101
12841
26041
22133
3546
10510
29457
4840
12069
32259
6056
31616
38332
9364
5637
20293
3143
34005
6711
5828
6295
38816
29523
34156
26970
26331
10640
30533
10835
14508
9478
33126
24663
36233
30685
8073
35842
28440
5970
35829
37672
2360
34244
24551
5967
37923
34245
16039
26993
18112
11780
25122
19384
13561
3143
40249
23698
40998
23941
33509
10541
21659
23585
10765
5323
28213
39123
21975
39942
17613
37657
36495
2031
2142
35483
14926
16607
15721
23308
11177
34289
12394
9196
8693
3351
13966
15331
7500
16296
14171
20871
26431
28780
29941
29886
11017
33014
15081
12407
29995
23680
37439
15739
27529
9357
29193
20793
33920
16855
3610
22991
970
144
36053
27701
35856
17814
11139
33059
12130
26912
14408
33106
17126
36957
22459
23336
10875
6436
5016
15029
40217
9901
36580
2803
17232
37879
37805
26330
12209
25507
25435
33961
6412
26333
19086
9785
3599
39234
25869
36443
38991
12917
33696
32586
14318
2716
15387
16827
13834
18496
10872
24721
32190
10914
19392
40197
19327
13216
14133
17042
40813
33094
23319
40662
12516
36362
3945
18405
4326
9560
7359
6304
6142
15572
33015
37459
4444
30878
21361
19004
12976
19174
26059
15606
1045
24489
37950
2381
30227
26437
20087
22948
36456
25726
12923
1595
33333
11155
5578
30789
25337
19682
13638
24821
17916
39760
37072
14504
32538
32637
35039
35221
40322
35900
40655
49
14729
40120
29162
30232
38472
8985
26541
12982
11727
9174
39954
14947
15716
28301
39301
27668
20684
38302
18245
8534
31589
38917
10689
9566
13078
10518
4908
22956
20579
33995
37206
15854
29120
23761
28921
27305
22321
25825
39173
15762
1877
13778
27112
10754
9229
17787
5918
28368
20228
5190
16536
1328
10836
22609
32412
33465
18002
25350
32233
22061
16608
33289
6277
6569
3246
17370
38638
15884
30764
31624
34137
10749
30645
40134
37290
20188
25147
22418
7040
23611
18604
35680
18620
7518
3262
29421
32486
28325
36396
18455
2788
7818
27125
4202
15512
12029
30685
30389
6413
17270
35378
11451
3902
31498
17669
38894
27443
32894
9907
14790
19529
32538
40800
15790
11852
24108
20007
40047
39179
7565
37071
4647
27913
37737
28525
30233
27803
8064
37194
7088
5883
16921
7082
27286
15872
310
7801
30222
35128
7099
11937
40634
26779
38976
14292
19934
14965
614
28018
1723
36631
18014
5088
32304
4691
28901
38413
8043
25146
7252
11098
1973
4923
29899
15854
17676
16275
12798
20179
29786
17652
35607
28344
8906
38020
19147
20732
10611
25922
12409
19108
30629
7174
35852
35177
3792
26470
9466
33729
17763
4601
1510
2848
14930
30866
9272
38754
36209
13787
17660
22400
22166
15243
18847
1933
33723
25326
33101
3660
28568
22423
27464
13320
10183
25892
31099
19823
29665
27310
6845
1284
5422
19588
38657
32112
18026
32163
31114
24628
23739
26884
34508
20549
31910
38594
16518
4428
8969
27422
28355
15657
13475
20177
15783
7900
6936
10765
11047
21583
15921
20496
4145
21251
35136
25639
30107
24382
35632
34083
31367
23798
9219
5002
25196
26269
32894
13900
1760
39080
5343
23608
8609
32221
18703
34131
19179
28641
8530
37573
16995
28892
16682
15848
29410
9522
19468
40021
4126
19998
8274
27741
1746
10693
14431
11592
38766
31052
6570
20150
23329
25374
23082
5232
4842
1686
19695
38050
2031
10014
9801
27455
38412
23002
20818
12449
17893
17796
33910
32044
24631
2693
899
3517
36808
17460
1907
16100
1687
5158
37390
16035
36774
34522
30005
5882
22020
1023
30377
17697
8855
13421
17530
1289
19806
389
32516
16599
32645
18302
23419
26766
6146
23125
12415
6864
1604
30216
24906
31848
19523
4215
32302
29279
2194
36703
15349
27770
3409
37276
18144
28492
39279
17955
32264
38829
22837
9010
6027
10167
8030
33060
17238
19336
18402
25956
2538
18681
18122
7693
33137
12538
32773
40099
183
26239
36369
36450
29629
8836
16510
4074
38728
14704
6404
28811
36928
37969
34213
4731
4669
7700
3260
22441
18668
10494
15588
4725
9888
15957
2390
39702
34283
31076
25155
12327
22987
6103
5344
21127
18882
30451
34303
29987
24109
24648
9105
18547
26078
37703
16993
2486
13101
31122
7556
21962
34121
31052
8109
11972
13820
14807
6013
2760
30165
26371
14511
39246
3727
13177
22137
4385
40583
28733
18047
6157
36299
23425
7130
7644
39885
11156
17678
10669
20991
3062
19569
30147
25176
12838
11582
27701
24860
8835
14298
11527
40170
2627
18054
15388
26632
2723
17930
30349
30001
10916
34107
28523
32710
5310
39732
461
27602
11188
20592
4022
18294
21060
24895
38031
24518
40152
24246
17252
33683
17006
7593
22998
20263
34376
19588
1157
28776
24633
21599
4199
1523
31581
16327
31617
21562
33740
37737
13352
27384
25891
28218
11868
1528
998
10035
16795
14982
21318
7112
19702
16477
2203
38862
8978
16856
20886
7412
33437
14196
8486
4723
30834
34122
1533
27783
6907
13819
23358
35680
5306
27964
24725
32314
35724
24936
15066
15903
14218
9373
5172
11415
5430
38726
7990
23046
838
15368
35545
26507
20296
3825
32510
10593
40811
9146
17102
16383
31813
18701
1080
22434
1222
17553
40486
38786
12560
2298
19460
20737
20674
18446
13997
21824
36863
29962
36892
10028
34264
21595
37157
16454
5739
33849
7382
8584
37077
1430
9589
138
18163
7948
33391
36141
25457
26187
7321
7943
33846
8706
24447
36789
15700
14662
31455
16639
32335
36182
19761
23852
11394
30470
22493
3926
1960
4714
28409
7921
4149
20962
38126
23045
25730
28196
21766
26763
39383
10896
3580
39157
36240
5020
4711
17989
1415
13696
3068
16399
11466
40748
26888
22715
2080
22629
12239
25578
7173
9022
11372
9586
30143
3995
13381
36340
34853
7401
29401
24451
25435
2882
2649
38359
35068
39716
8153
1887
3277
20537
24482
9190
3122
37441
33093
27868
17711
6203
25133
11900
29597
9899
33634
10558
1023
34173
40094
5435
25848
14839
2533
5830
36234
15493
16334
21490
5741
37414
31576
5142
26971
21580
13387
9886
4388
18457
4501
39171
17091
29052
16733
28770
20300
8491
16319
4017
20224
21811
20284
34510
3335
32690
39469
18938
39616
21542
18869
7371
6608
29966
31297
9815
35940
15550
7924
30972
14165
34144
35403
12964
12184
10702
17497
39214
798
39580
15408
13472
17143
617
18813
34136
36278
4903
7046
2010
36256
15296
31827
21747
9215
9056
1991
4565
3926
16642
26641
33539
13240
5746
40107
28364
26673
20306
32550
26972
25688
35200
30192
22374
23591
30197
37203
35870
31777
2400
12315
28978
16263
16712
28604
2361
17127
4065
24406
12068
14802
34973
15798
985
25121
19884
25818
3398
39571
1254
36232
25690
32556
39093
27059
7367
38877
39472
22948
8916
28869
19810
37137
37703
40729
2506
18260
1720
21325
29499
18483
29920
4887
16955
30599
21632
18804
29576
31203
19806
21513
40166
19395
36322
33280
20630
21822
4375
38037
30305
522
32646
27244
38186
9819
11556
22881
23409
26831
8003
39156
11691
14705
8998
3543
27439
34344
32773
13245
2171
20755
19329
5288
23101
2363
34697
34727
39567
4301
15915
38155
2673
1194
36783
14108
20594
35957
4517
29844
12505
36585
8327
24704
5301
3788
28192
22383
213
40156
22580
13528
33466
12669
4121
27644
10408
6340
31291
5661
26683
21875
35302
10594
32999
3840
22500
13880
28167
35156
14902
15422
29863
23678
12487
34933
24197
15545
24885
14346
13194
40761
12360
35978
2615
14925
197
19257
33610
8905
12044
11758
5432
10996
22788
31687
24844
14888
27473
24404
27094
283
12140
26362
7599
27529
32065
13023
8384
30268
27214
12317
15098
30761
10815
16206
15296
32944
32990
23106
36976
30184
3151
21655
27881
11132
35482
12853
16591
11638
28610
23172
16993
35679
31530
5701
21420
31600
17951
12003
34656
4512
11793
15748
39920
30154
8987
35735
20711
18681
7418
20716
36494
10395
29194
12330
18666
40560
11955
15641
40546
118
37682
28165
10126
33899
38701
32659
1122
5053
40239
21219
40122
24585
6977
40450
8193
21990
35385
25635
36442
32765
5948
4802
27879
31264
31239
38653
15887
1996
26339
12919
22433
36780
36223
11369
26519
12931
40399
3839
16751
22302
6290
34237
39523
27084
36818
6580
30400
20442
22165
34726
195
40551
38104
4193
36159
23385
37042
30315
35068
10611
26942
21802
23617
40804
11083
14550
5562
30428
18278
37982
5764
28901
2471
29148
25581
36652
39985
5030
36817
30442
14410
24018
7992
19628
9154
25101
31123
14227
22649
22392
4
3649
36169
25087
941
31521
34259
9047
12289
22465
2421
2204
36928
25623
8001
36548
22862
3565
10656
28940
32514
6538
26477
26860
31659
35407
11471
8201
29454
15850
7662
12832
20325
34834
37903
30714
7714
633
19026
27488
17786
2431
37569
24196
25444
34176
15171
23577
37840
23244
32390
20041
8828
6734
40506
40313
8410
4940
13018
28050
7382
6371
5918
5511
40994
36915
2308
1734
23012
29134
38990
10869
19392
12217
32804
31619
13519
3452
11634
5032
14889
40812
25548
9473
37198
11378
16925
28044
24728
17176
24328
32676
22548
18511
37605
14386
16880
39408
24461
4256
29422
6261
7737
34139
38430
19467
22628
4804
25162
3775
6218
5371
20587
38010
8872
7658
11274
33386
16362
4993
23632
5254
25435
20266
29566
6237
17303
17451
449
14364
24381
412
18405
23626
21872
9332
10818
36554
20381
17189
23132
21381
33646
36672
1372
4449
17205
7062
10092
20626
19900
3964
16256
40834
20769
32794
13440
17304
15064
35800
37050
19507
24192
15077
2204
18778
33895
7086
26711
40073
28825
35816
24351
10137
40844
32010
23734
5853
37247
37433
28665
6581
22689
25577
11555
5057
30293
8621
5261
33188
16227
25132
26615
34986
31754
31672
14856
38599
34698
8532
14088
32125
24422
3625
7927
6793
24790
1845
13943
40715
27930
34633
20084
38825
18595
9557
36220
20943
40492
11698
3722
20636
17349
19475
16132
27788
5352
36233
15212
39133
27188
7034
35803
18945
10591
32349
18545
21744
25313
22837
39778
8286
40819
32520
18458
27768
14270
18970
40841
30774
8480
24547
4418
23710
37034
25841
13709
11125
37797
40635
14820
3898
7250
1548
26491
26785
28256
5952
21449
9697
29136
8902
20027
30803
781
39314
7543
31279
40856
39918
797
36517
200
17380
14914
12332
13933
11203
26350
30130
18885
26555
31950
39377
24888
26174
28132
33090
36550
30622
26618
11505
26105
17869
14941
34229
4869
5324
21910
18818
4443
4412
14108
36677
22973
17659
19725
27571
35780
1219
620
37982
21565
32581
38819
32542
14930
18037
31530
4624
35740
37010
38312
4877
23830
20556
20326
27641
19101
32778
10219
18141
38476
648
24130
31684
8556
37585
23344
38359
39457
10895
3425
20182
33215
24708
30202
11260
35875
20651
27385
27189
29558
38376
33976
26679
25884
2513
20713
36778
1179
18968
25323
3932
2023
29990
27091
16821
39962
36885
24718
17013
40937
33730
28930
11309
12938
35045
36005
15489
3640
22678
19989
9303
14513
30926
39102
16420
36103
34527
1282
26940
1267
39625
22714
17299
35520
29234
827
31381
15363
5921
14420
19359
8480
4224
8700
7336
15543
10083
11280
39943
32278
19401
35274
39162
13600
31398
28509
17432
18211
5442
24109
23292
16295
16002
20675
35382
20498
23825
17006
17023
33417
18506
28325
16257
38121
11581
32209
38962
32724
13292
14624
18499
9238
704
27908
16265
26295
2853
17882
17230
16851
8454
23325
5269
27341
11439
24555
39049
39378
19518
23312
888
37330
29884
16926
31081
22777
25525
32590
5207
17755
30682
38480
19481
1079
32607
39023
12168
22946
1766
35016
36932
39220
16600
27440
22987
26280
37155
15501
4943
26244
24996
10005
36675
34793
17514
4859
16290
17268
18853
27152
28844
10731
15881
2821
19381
10539
39819
39767
33004
7150
32910
10732
5381
16066
10834
4217
36515
40996
28347
35430
23862
36388
9713
10441
25644
35842
33089
12767
31856
14918
3911
28129
18564
2493
30182
17747
35059
10584
9846
31656
37592
28230
14841
25089
21740
25569
10250
5644
30440
8446
28522
2289
36000
6134
29608
28840
35600
9010
17181
21326
2894
16243
37353
12103
1043
15935
13261
34573
10671
6295
39550
6990
31744
21830
21042
38676
23559
34885
38291
33829
23487
19345
19365
31555
16419
245
23590
23382
28314
20739
21233
23549
10794
29918
28110
24996
16446
7996
11706
15952
40541
8847
5830
26661
10217
33186
20751
5848
1128
33697
1345
4040
9059
8937
10080
28839
35673
33630
38245
11311
17287
7692
28186
360
40550
9133
28218
25966
29417
32080
40272
35663
2353
25027
19698
16601
9727
20455
36897
18338
19133
7306
9688
23193
26553
7978
8023
3970
20367
7557
14667
20296
25482
35718
16443
11098
38135
5162
31642
18536
22622
5936
5300
38494
18286
34670
37078
15751
1388
34552
25143
23109
15832
16780
12213
9021
5764
26337
757
10832
34633
1222
1451
38755
1920
11319
1713
240
6297
39033
24296
39549
34028
33079
11153
34090
37418
4173
37751
5313
4926
13922
38803
27750
24534
14066
4690
3926
360
39681
18231
31731
38067
36140
1569
21557
24075
21234
27008
8101
22928
1824
23834
33555
36420
32441
33876
36999
4175
6796
2671
17348
3361
37815
30849
11297
10659
40930
37693
11985
11986
2374
1416
16418
4705
19637
26065
23850
10194
7643
17756
13702
37512
19225
26218
38061
18964
22026
4521
12224
23410
12103
4324
27597
9760
