51930
17559
43525
6331
30501
779
11606
1323
30111
53039
28229
56477
47818
27290
5186
1727
43601
41770
38965
51051
50527
14581
34326
27401
54264
11628
7497
33861
16816
42178
35281
55697
11254
18258
6376
29979
32621
51286
37976
14894
51567
9900
48217
10958
46758
32243
34423
31909
1457
6203
24855
28075
41023
9122
13367
6426
39875
23787
18495
28487
5916
25481
15384
53116
53367
52250
28591
47211
20739
42870
29437
1605
26017
2367
35294
40329
18750
35082
39708
5552
50151
15667
352
22220
9088
35479
4269
20345
28809
53947
24449
37380
23261
12738
52032
31648
43664
16675
42103
49999
20860
43337
18473
38005
9040
25867
32297
22329
20230
7972
9405
8061
47711
52262
28684
5028
42678
12479
38940
11003
36997
35926
21026
1744
6328
22319
44599
3335
15540
31617
32651
33276
30139
11008
2920
50842
5304
48614
45534
5490
33681
28453
23886
6215
31326
53672
3462
894
32580
15799
30440
54980
53557
16537
35887
47687
7976
7340
39671
18934
23785
24880
33959
6260
21205
55161
22118
52824
29997
49579
36591
2872
26812
19264
49995
34348
21342
2893
30898
49255
44487
851
15229
38103
38997
30065
9410
21710
3379
23622
1477
29513
46058
8700
32624
16014
3334
34176
50535
55506
23219
16102
35418
5240
30315
17826
36360
10918
6325
32681
4236
18313
17242
13710
7391
39873
40647
32328
48778
55912
55666
32312
52677
29531
15212
55217
22129
1795
50274
42400
12927
3077
29903
18475
22643
4741
9937
50998
44000
32034
36638
11080
18097
4434
28891
50612
29530
23822
52072
29355
43737
15601
35804
52423
38643
11834
8585
36163
46983
12297
25628
27566
48601
55085
13339
5550
19645
13563
52363
43793
14617
10372
22253
17502
9629
21726
20196
13562
19809
37306
17221
42751
44499
7677
55363
6991
36979
22896
1679
7902
22925
56738
54017
17029
28459
48822
3421
35043
28852
29023
12052
34662
5805
15503
7030
37295
20219
14695
11665
31140
2146
41937
32977
24374
56364
28897
50988
39835
49009
21338
22136
27334
8368
37373
41964
27266
24
41428
20008
27918
565
45516
5721
35962
14026
2865
45405
38975
34663
36931
31991
49901
9895
23870
17568
18902
28433
40840
11003
56183
49209
30100
46178
12095
18795
44667
18858
10616
44067
36762
9840
36875
651
33734
53302
54360
19202
55836
13070
49075
7301
25613
40754
10329
1453
43719
16078
14682
18918
38183
11763
31081
37015
48641
27640
31678
16042
49898
40639
22268
36761
25053
19689
25158
33291
47730
34671
37885
12538
42405
6358
27469
49370
14866
22078
39493
28593
3390
6407
53077
41541
27136
49801
16530
42462
55175
44094
29605
24298
7197
27502
54970
16886
31257
1351
19523
19776
29962
22487
53676
12854
18055
43504
33970
46986
17660
20662
3733
46061
50311
336
13925
35076
45545
8416
42552
16668
38200
29945
6009
4686
12640
33092
36981
54454
6433
23879
10174
2358
8364
51819
45266
40194
55424
432
19286
25680
1025
6767
276
44678
36992
9443
3052
45839
22389
24653
12199
13027
55961
56659
18078
17346
52384
34949
33161
14445
31707
12299
27916
53266
17332
48102
39915
38250
27290
48954
17710
45808
56565
20460
44959
8880
11851
38430
10224
27393
3649
13076
24314
7961
31557
47850
145
38323
42912
7852
8243
10311
35425
47281
37455
4655
37676
33125
9770
8002
13338
14954
29820
10343
32170
44578
16449
31871
7149
43532
20556
43086
11983
2688
54606
21024
40626
209
28644
6949
54316
48718
26350
46184
11200
28932
35444
41026
30026
10940
34491
43397
36788
23228
47861
13816
51694
34301
10871
4814
46426
51209
7636
11499
39661
24543
3926
2325
41026
26108
43884
8402
5281
52039
50832
3316
4668
24192
25207
31150
51257
19374
26107
23969
27372
22605
38838
6127
13868
26089
30708
47395
10390
52057
48723
24147
8655
54194
29047
53900
46746
29759
54814
14569
633
20634
23098
1999
51960
770
16557
14535
4838
39545
7702
3952
41901
24184
30577
54505
10240
42361
45981
25361
21076
11753
46879
22915
391
26496
52292
5633
11518
23870
28596
29731
45474
18540
42594
26292
40602
20204
12760
45754
40668
27726
52615
52752
46052
4097
6924
17033
28191
47634
56406
32323
26402
30275
5227
23798
5323
50291
28538
45304
2945
33086
14356
39862
18592
13097
8900
15825
17820
41940
29669
46234
25903
55636
27827
14739
45333
20148
54489
47444
8076
35711
16362
17119
3226
20645
11923
51024
25094
11448
56197
45124
29344
31753
43320
48733
41381
53396
5723
39232
4987
1765
37929
33228
26147
37661
39573
19214
48508
39749
42182
27957
45563
2445
11253
54255
1568
2162
15427
28614
53821
46034
13976
8051
8504
12533
21374
21397
14407
21874
50324
55302
3955
19370
46230
7171
54572
31149
23130
23645
13836
31664
44461
44089
51817
1200
6564
44920
14450
4750
51479
50595
49138
42534
1975
17232
54282
40981
30120
23377
7425
36742
54530
30535
32743
6410
19594
31459
36943
49354
33253
27660
20083
31642
10796
43026
33745
18235
7122
26486
20658
29989
27267
24900
22547
36616
9799
11526
17117
50621
10652
6214
17144
21494
14834
52055
45716
32246
807
13857
23791
78
34547
9431
26451
10741
35365
45343
51447
18851
17060
12813
15493
49771
10763
32804
19284
42587
228
3682
42084
10809
35477
15143
11982
11723
15079
17810
40350
36739
35835
32544
12329
54094
21007
37106
7456
56015
4262
54850
27207
44988
31814
31865
27719
21940
37547
10160
1671
39940
33625
31417
18034
44213
33910
8537
9697
2084
33286
1012
44953
24374
26032
33981
20623
46037
53750
36985
22264
6771
26122
43383
48558
15402
46635
39662
43508
26501
53279
47466
170
2751
6370
46797
47828
18846
29757
2774
18637
259
46546
41697
20161
9529
51036
44355
34103
33888
33547
47688
18198
26653
13829
18970
53127
36832
26384
488
27055
2513
7347
34145
36608
30703
22437
47995
11694
50063
22325
13637
49988
28717
46984
9509
41961
33874
48457
11902
2269
44635
40955
17066
38477
47545
53186
25448
16206
10098
42000
16010
19190
30500
23587
30534
45830
15081
31875
47527
8203
29763
46378
38127
47124
17430
25972
54435
54918
7236
38549
19331
28899
4409
36618
41869
37946
17996
22903
18292
33103
37302
7384
730
56299
41010
38179
32447
27102
50681
5746
25381
21633
34504
10255
28186
34528
129
705
953
51980
52611
30379
37485
28711
43159
2978
22387
53096
18408
29063
13899
23271
35894
21659
21154
35955
54927
1671
21208
31590
18282
23830
33113
330
50922
16802
4690
47412
56475
14147
20809
40303
9524
25622
5873
2452
19904
29930
18913
2493
14811
42558
2656
4569
34742
45718
1656
7449
24472
52532
10836
15177
49449
24906
20238
37299
18715
9998
11594
6141
13703
1223
36937
33082
54761
45868
51954
28854
27122
30108
49123
40011
32096
7432
6128
1489
24180
54812
9534
15139
50287
31884
16311
14412
47889
31171
53354
36031
18424
35695
30718
27822
39298
15193
46707
8627
42760
38184
49421
2730
13895
42421
56973
41199
9075
31168
8494
55332
32042
22706
13689
36883
52586
51196
46502
11690
36144
14389
27976
1780
37342
26577
19715
7355
15496
38812
45076
12972
25476
28662
33829
14107
30475
16632
37579
3325
55712
32076
42326
8285
12748
8819
23981
50406
51492
52081
44116
45727
40776
20362
25091
1260
20160
7816
21524
13817
53644
10620
12072
24145
30849
38650
38206
53677
11443
1417
21089
20785
1820
33503
36581
47512
48855
23468
54846
54807
6793
45989
11093
45863
35949
26737
44856
46500
14290
36080
56589
47891
32156
55942
8059
11864
25811
48479
43437
43229
48979
20645
43115
34198
19745
13429
17446
9329
46055
18504
15176
47420
16485
50853
56654
11895
4156
43396
25708
23712
43680
47813
34675
56821
42777
28086
39697
636
39662
8883
49917
50926
51031
31960
43341
14978
49893
48666
54110
49557
44520
20460
16823
45447
40132
33846
47027
19554
38033
1615
43729
47124
42710
41923
26513
4635
47178
17663
4197
8704
31326
26089
20266
35148
3594
3645
27042
10063
8163
45490
4680
42903
48061
24684
27183
35429
46667
50322
27718
18812
6624
17111
34028
6371
35121
42406
3924
32426
35777
14870
29701
19881
12104
52125
50625
39307
13353
56497
40784
17537
10519
10178
50320
1411
10099
23331
45755
50434
11708
24479
7285
14073
55620
18472
3313
56962
22371
29010
303
29605
1483
21774
44060
33274
3895
37339
24230
42984
54616
17567
51729
3878
15013
56140
51891
21518
43854
48293
1377
28058
26805
7655
35236
2598
29330
41557
45940
5541
47850
15779
15935
10272
37507
41268
24741
37017
550
35479
15219
27390
49314
52732
427
40616
7697
20093
36804
42947
3529
45687
16187
43408
14473
55944
726
49518
10045
3282
30752
45872
43233
26877
46487
35391
32310
3027
38494
11536
43012
35101
29670
34041
41652
34203
33560
47228
22287
51529
21384
30918
35833
38093
3455
30825
932
32740
15503
24382
46843
15188
37987
4382
5972
14700
30867
7247
18920
13488
19073
8956
5498
1017
40859
35221
39113
36793
29229
14310
7532
40740
16850
23659
15433
20074
10303
11881
30810
44417
30588
30528
29245
39983
7432
10725
2175
17269
39800
53003
2268
38479
18731
4561
25781
28887
19805
42951
10230
2714
24326
16162
48403
18570
49694
19471
16399
54971
51536
17708
24728
41065
32088
45106
25154
8462
31298
50951
8446
7498
17393
17136
24607
32515
40528
17795
26586
12092
18288
15986
56599
42961
41367
19659
32456
9536
32329
8981
54388
16915
52718
18366
19849
3586
42328
29031
19100
47926
55295
6185
10750
52512
12258
12728
7701
44808
45644
52101
41459
53858
24257
41490
35247
53866
14308
9295
8479
5208
34942
2233
47959
12527
42645
54426
4240
17975
14535
38900
44008
12098
5057
52374
37361
42188
13512
41937
55985
56883
54515
15765
3254
27262
40707
41924
23532
42954
12057
31152
37084
45487
3514
11096
42026
4018
4185
12765
4867
46364
42305
34827
12041
48303
18541
11652
41197
24920
23959
17262
45912
16256
15321
22941
46966
6668
49379
24307
22103
42781
35785
43587
46051
16026
24096
21389
54498
3089
35046
50347
2501
46372
29035
40890
47844
41200
46719
54605
32285
3737
21577
54100
26910
49074
25354
43577
26351
16080
16316
30811
49519
24134
17234
8011
49913
52779
36789
32372
14066
10287
26967
31680
48378
36045
38496
48269
30277
5722
50827
3510
11261
37340
44197
10342
17414
39765
34737
26695
18197
46303
43258
51504
27622
13993
12702
9270
40937
28640
852
53321
55
1937
45194
1079
5719
25154
55069
53214
44192
35456
34141
34827
30362
33019
18988
20960
52741
39054
37860
20385
9317
41955
4658
30351
44809
12371
46907
11526
56055
13563
34697
53465
17189
6106
24313
52269
26822
45791
46949
3611
14760
30751
50377
22359
33030
11972
3684
42990
30567
38985
19973
37932
6305
1633
33399
25195
42123
48264
28299
42744
3247
15298
29369
1879
46472
41383
38194
54662
12309
32032
3900
51359
1433
8267
3379
34384
54135
35433
53505
22444
22487
49553
32210
26004
24207
54998
7046
30944
48233
29371
43067
44159
26701
9607
40015
12871
28411
16932
16007
13678
6415
47721
25615
25815
51049
375
3655
53624
14039
41856
19437
54383
11706
46699
16653
12557
16002
43300
3482
32611
30647
33225
36599
41033
18189
52632
9327
25086
23691
44523
16629
37337
47728
48846
9985
49181
45434
50527
48400
1308
4580
20259
5303
37098
43339
38722
10235
6162
28110
56065
19671
10087
48936
51661
48163
2760
45388
34911
28790
33446
10963
14091
1016
2482
19612
6218
15447
18775
54753
12712
19764
27367
8121
15216
28928
39626
33960
7595
19280
9401
15255
4983
19050
41480
3369
30068
48867
24265
51020
25434
14839
51765
41736
6198
17900
12094
27271
6563
17644
20537
22185
39286
1541
52775
49939
13586
39814
52906
54291
51641
18928
42732
3994
1836
36502
11074
36198
5849
8131
10032
19635
46644
36831
49543
20198
4201
15221
47881
14246
24797
27644
34357
47511
17892
40240
51318
42740
3308
47797
12030
25848
17873
53263
23375
34713
39754
23096
30666
32650
6257
5679
37137
11148
28288
51273
9782
45728
56511
51119
27143
40379
16714
30996
5769
24439
42294
55153
8457
12625
53892
26015
17434
49548
42102
7857
208
4946
27623
26331
49227
11226
14383
15802
55031
33443
24820
42570
18000
46995
23548
44182
29027
13460
55927
46575
2336
20316
25705
37572
32324
12071
5645
33771
15418
41331
29541
35721
56945
35688
53582
8332
3369
35106
46744
22146
53623
51020
27875
15805
24897
35739
38965
35678
26819
26908
32912
49514
9167
40643
42193
1589
50210
6705
37562
56682
12539
18625
56938
42437
30824
42847
34
25493
30009
4157
15984
1705
55165
38292
47416
52078
56515
33843
32334
22098
55745
18263
46137
55200
32016
22967
54305
25520
33793
27755
33777
6202
27640
44473
26144
21631
17158
28643
21449
42541
14182
11352
36562
33757
30381
10109
47017
51954
6476
1744
19570
24912
5929
16425
9766
34726
15625
1398
23238
27617
6787
1105
4773
35911
49038
45336
16331
45581
29386
42784
12790
11333
17892
9783
26930
27592
20107
41517
6281
6108
46695
18774
33470
14050
4569
34399
15555
53519
12645
42922
14923
53812
30213
42503
37938
4924
583
6721
27584
14513
56591
39651
46092
380
49223
845
27509
22535
27466
17863
13516
38608
19120
192
15333
2957
10491
20491
9989
18535
26281
8807
13309
9637
42810
30378
36700
12845
54881
16545
36323
35144
36384
1199
8377
19099
11188
6319
56911
15174
41263
14895
51958
11931
7308
56507
39348
19781
3053
42315
30238
2819
22152
39515
31855
23287
39936
14325
32295
31903
20976
748
5031
103
33442
12871
14296
29200
20374
3801
1923
20409
31966
1569
8075
4905
20310
7779
36951
4830
31249
50834
659
16270
2646
13224
32462
42159
50609
18739
38823
47317
53302
35454
5296
38344
27945
35233
38989
44694
46793
6902
26542
15476
20331
27786
5535
15501
6514
35915
17872
17764
38331
22268
43297
8244
13847
49042
52598
46770
26522
41362
19824
3219
18817
14498
32563
4104
52768
41368
47748
51082
6473
3451
4483
12435
37249
19836
902
14907
23092
44600
43534
29051
28585
27157
37978
48714
40416
53014
27817
7610
21367
18541
21606
11510
43868
14572
48196
33786
35709
7241
52296
44231
47547
50643
32094
4986
37125
26189
55644
14223
54937
29454
14699
21159
35549
22761
26235
15979
7580
54864
12358
3388
28180
6241
45037
8545
49059
34610
24198
41148
56106
118
47103
19722
9138
39900
35509
12692
22067
31280
40869
19366
51316
12400
21659
47068
47164
25085
8297
39628
44135
43540
20823
54684
31132
11712
44385
10073
42451
20022
1006
30009
668
19717
27972
19774
34098
36543
36785
56535
28015
12473
1077
41836
42073
15691
44035
6109
3602
38828
36310
23528
6205
6197
12424
6566
22748
28728
37678
7409
41511
24589
28823
11964
39767
11704
49483
21751
7432
28555
10001
333
53981
19068
42232
23636
50141
30194
12623
17888
11075
33609
33992
46716
25419
53280
45486
42158
35088
56827
50464
38494
21051
16442
30438
627
31214
24277
19176
29306
13735
23722
5974
28332
37984
14493
28962
28762
12835
50859
20818
52415
32386
7938
4097
11779
36380
6040
39093
30872
55372
2959
51979
33443
49692
49698
51934
9864
10639
32743
42007
39690
22859
24049
11999
42062
7637
56600
6615
55194
31335
42751
1424
9736
50940
37338
24431
38265
17613
39154
38352
46536
31444
14487
6179
24852
2996
33409
4828
49161
13452
47122
33364
20299
50537
6563
44038
44016
32128
35554
38556
47809
5485
46613
3927
33413
6717
54462
39269
39515
49504
31018
21156
44889
12083
3519
46477
23710
7618
8066
32748
5440
40362
6867
5004
3146
44507
36902
41151
1950
11965
34822
44611
13739
4426
21575
2792
10859
46889
31232
26614
42940
11371
19068
46204
1033
42230
34620
19227
25372
999
39874
24001
21250
47124
50188
9897
8915
50623
54363
26983
29756
23303
39056
10001
53651
27657
53818
29889
17470
26756
19158
14336
32193
47225
27907
25469
47482
9873
22952
24794
52242
6368
11293
45871
49467
17304
48859
22536
40592
35273
45265
28657
47390
35387
6020
12235
4885
1118
50026
286
35658
5785
4378
28318
33541
7495
19700
22682
2937
2607
41865
14847
8885
34714
20758
47451
35655
31752
13323
27317
37984
44779
36354
22554
12887
8037
31518
131
4102
6518
11018
38274
47691
49397
33642
8603
11092
20319
48002
22560
27899
9694
54906
50340
3897
14513
8434
29777
52538
35857
34520
2676
41740
29771
37819
19198
15141
1433
40666
21350
34785
47916
44126
13258
16669
41132
22145
56557
9379
7743
10634
6698
4290
33544
15519
49326
41968
18679
46565
52924
46351
7623
26782
2842
12442
54876
22175
21320
7891
44059
36813
44809
26314
3204
35100
14570
32179
13282
22172
52495
15157
24075
13640
52909
52155
37298
18172
46858
54953
2738
11138
17760
29436
41293
11033
40209
56142
11035
53227
45165
41700
16478
16746
34654
12246
4010
19102
6668
515
2426
45837
44613
26863
52141
50863
228
10546
13296
46685
27658
9525
6101
27038
22122
7355
47569
50470
55110
23490
24083
19
56248
18038
22087
32364
38963
54344
47219
14297
5399
384
38193
23930
29218
38268
39531
51277
44252
10667
5173
9062
25596
29146
4508
44101
13238
11834
49829
2839
29782
50741
29064
1914
25357
24283
27586
53474
27218
2933
45138
45064
52981
38125
883
7965
46260
29696
5968
24203
22312
54489
5559
24044
23922
8860
38860
46714
49167
37643
12430
47906
48203
6144
9758
12741
28730
7656
30131
39149
8641
5760
19283
14616
26522
3775
9356
47228
21918
11424
12505
5832
5573
5162
800
42458
29146
38853
45520
43730
46362
19659
19711
26346
4434
47649
48233
54400
14040
24961
29614
20930
27058
36310
21290
7429
55451
18042
5968
37786
52676
52231
6480
6918
5911
42480
8829
39884
710
40972
47532
20105
51722
26391
40542
11403
30456
56516
27374
26367
26870
41954
44102
7773
46275
53090
45316
16131
19284
23315
3066
22083
7978
4378
27539
25945
8529
1377
41169
22526
35676
53594
43772
38370
18068
49857
55757
11569
26871
6115
41672
48549
23573
32175
54632
8179
2094
2312
21748
46317
8496
33284
13591
30451
2844
56548
25246
53255
12487
23783
35674
51692
53447
29805
41621
46314
40035
37886
30193
32153
9821
53005
44700
2318
44388
24404
13992
55303
36913
26605
44167
31063
19435
22066
7587
15479
5886
52345
51515
28202
42782
17256
12162
55538
1242
47281
53314
36548
3756
14930
19614
6909
30517
37939
7900
42024
33476
15989
35265
14317
38895
4116
19559
12903
30154
28120
8818
5610
49580
28686
26520
31006
7986
3990
48622
53309
8931
47184
45943
14101
49186
32536
16879
33523
21394
32347
12246
28325
55380
49037
34665
50809
33955
29537
12898
31719
41057
34076
49831
28471
52770
22518
17776
30209
51086
5414
51834
32008
12661
3657
43433
29321
2402
6286
52122
7430
2666
23505
41030
51121
21998
29834
41178
5599
56867
2633
44451
29699
28283
4353
18296
42732
32765
36846
49464
53109
4887
27820
41201
28398
39371
52365
21386
46324
41952
45551
30585
27674
1247
872
56166
53954
56158
13414
34801
30076
35506
18744
33863
35745
41557
44226
14727
38684
11031
29841
5098
6942
50552
8516
54433
8493
15531
4778
4225
33993
32879
32494
54049
38755
24255
13724
38228
43642
8001
30887
4234
13946
37124
36216
31137
17859
55954
8325
9080
50652
28597
27091
53804
52378
55766
39130
20412
40425
27624
14964
27527
46229
10283
37473
1510
35381
45597
28890
33635
45693
36427
29687
28864
50623
47397
53743
22813
13421
767
4580
53553
44478
8755
8105
22865
51059
55500
8913
7103
54100
22342
5110
3906
29043
47185
4506
35683
877
17652
41245
48040
17952
49711
14635
10217
28374
6144
6865
7751
6853
22655
19372
8484
15600
18005
42135
47062
23045
46471
31127
54942
8243
11993
15572
53565
46960
42293
5446
23229
42125
35994
32665
3869
36775
14241
13391
14983
3587
23659
46617
331
50565
41415
1002
30063
48676
51176
18607
7046
11653
34610
2846
48372
12163
13261
23587
55964
8264
11242
2441
38040
56115
16194
33571
24432
28686
51718
44191
48167
3674
52169
29459
33982
14193
39274
9368
14891
53976
7614
36103
51093
4911
24802
18612
31406
13663
26534
42214
11707
41087
35148
6519
28656
38794
19376
55335
4628
33616
45122
27095
35276
5919
14262
47404
31588
38231
50453
5147
30823
21559
37908
11307
19895
12103
11650
53907
53440
28979
37120
29945
38295
53864
35705
17284
50633
15158
19096
7743
54238
39570
15904
30867
18868
17783
39390
36551
49279
14881
48123
38527
14022
48917
21087
34558
8193
15704
40271
50016
20390
4507
5143
32193
48283
29576
50402
25380
49854
36539
37078
55753
30873
55224
13485
2255
54673
25741
43277
31937
17589
53203
29297
11791
15163
40063
8289
3956
7518
4111
19285
40768
45084
49555
13735
33201
26772
29538
28469
44899
8740
47958
22574
33577
47321
4357
26324
38070
21360
23173
56167
1605
37209
47354
29747
33297
45219
55479
7624
21786
25762
42112
1255
27709
30917
55591
53684
20966
48300
37851
37302
13188
37287
17657
29820
28834
9978
6814
42522
15446
5709
31010
47680
49063
52999
9762
15684
17056
4154
21003
37734
26251
27281
5854
32145
37116
53526
19868
24954
803
24313
14639
51720
26437
16819
9426
21580
41336
10601
11534
19954
11761
363
42155
56693
20428
3196
27471
38824
23879
13892
1086
32017
5884
21584
30910
12224
8377
10315
35429
31141
37165
19086
26593
36184
47193
12516
22972
36434
29272
15273
5986
55865
3340
11112
51817
50936
49951
27330
47052
19380
17556
3564
50340
11547
50320
12258
27315
1816
17911
24760
56198
40913
50695
2576
47366
38314
6235
27949
25915
42690
40685
47398
2614
9994
37764
20798
42689
17326
45589
26648
27222
5100
3289
32383
49241
41434
9635
32372
40578
18428
11340
56457
267
22034
38997
18026
23562
19128
29328
29155
12891
43616
22412
6372
43870
23346
23411
10538
37168
39491
42193
41527
16729
16571
7691
28721
633
41160
55754
5520
47607
14561
44147
37945
48096
7261
30236
5848
9576
53889
53156
55250
16089
47368
44128
32168
29077
8548
22102
27439
26569
54899
4207
52165
47240
30110
23166
54534
16744
243
54416
40460
45902
13594
32167
34149
55969
33340
4447
33614
6685
55415
49659
56102
44615
56702
15093
49597
33176
23669
6841
41923
33048
50075
43524
7389
34448
15096
13198
17049
29539
25470
32625
14403
25018
4947
19221
32313
53955
46476
26090
45913
55741
2838
55849
42970
33875
28734
4304
38135
56946
6401
38136
34728
34753
32117
34956
19307
34692
1582
40847
7616
20637
40268
12898
12882
43000
42138
28866
53313
9288
26434
5850
25428
46299
14003
8914
50723
12311
42780
44692
8187
32464
6459
46942
54747
37440
39310
14809
48627
337
33307
54037
34349
5626
11843
39639
27219
48675
3400
34288
3928
42150
38976
55379
2123
34876
54538
1618
14021
24217
21949
50141
53500
1038
2815
48369
5728
17969
50683
51377
40810
39259
24804
13404
237
2534
6550
33427
50996
36920
32044
2916
7731
38160
54483
34159
9002
32764
12222
26933
45908
2205
16995
40496
27078
50672
32810
19004
53210
31561
48654
48640
5355
29606
4724
53528
49155
13749
985
3322
36753
51603
22592
21042
15822
3378
2312
7333
13734
23086
31491
46263
30892
53797
54155
40681
11837
40769
49192
30466
22871
11283
46285
3065
48643
9909
16384
5540
34637
9395
25663
17896
27220
20679
9544
990
29053
47561
33569
45806
54330
31175
45718
11547
5672
56926
35777
33867
7110
50253
16700
41473
16617
47354
44722
19088
836
42004
5531
36118
40549
46805
7414
19706
24147
8969
49281
38300
2635
14735
16044
33976
44858
14963
22091
45071
8061
16661
25338
44754
50596
25634
18043
42827
37389
28868
15786
36690
30988
18289
45794
45216
41824
40797
1361
53012
593
789
13174
40512
28886
56570
9603
56439
30507
24509
31269
37741
24439
50429
44736
17842
12163
3890
20768
23277
6191
3549
34106
5186
30687
798
47001
46935
7394
34465
16268
23993
15227
8670
41364
54317
19168
20468
20524
11605
24624
1898
38233
32074
25330
11770
46849
19225
25152
51842
30120
46539
38290
3703
18093
28172
13423
27792
24067
22608
25695
41356
18771
43637
31387
9122
56279
21553
26806
25755
45217
18553
10109
7510
4962
15002
27177
24104
18711
5368
9302
53101
21902
40297
16467
25327
41878
47797
9746
22106
42164
36845
20914
6458
23138
19700
48855
29938
45706
50374
43252
25586
54480
21292
40894
12364
25253
56681
24465
33099
39032
32957
38353
856
36863
38371
40207
8810
571
56424
31539
13361
47105
51851
8344
44992
30101
5875
6035
24853
16889
22106
49981
9357
11619
10164
46664
25249
44125
21475
53390
51279
17022
40835
32381
19127
51550
7101
40639
10915
22582
35922
270
36993
30062
46358
56053
27944
37456
53974
29433
17269
17305
51735
37774
32081
43384
27949
22662
8808
17015
46348
32708
3417
45575
21119
47935
39965
48816
2251
194
6886
38333
8046
25832
29
37798
39993
44661
37824
55015
18248
51023
24262
45814
42322
38003
29256
47250
17505
41852
42359
7742
16320
26247
18868
24573
54484
46610
50367
20072
37888
56586
49719
51211
23153
18812
4394
30181
31922
38747
26099
41158
44389
35488
20094
4547
27407
14376
51120
4213
55191
6295
21295
38727
26683
14890
44803
17662
7382
38538
39945
56731
18082
5869
7666
39780
40654
23262
41012
52969
2156
38108
16148
977
34594
48649
18447
36877
42498
25745
31980
18052
56280
3154
26599
47446
9744
46986
32572
26165
32954
1500
34790
52228
2459
31877
13092
56315
1745
43291
53382
33403
25658
41884
8722
33540
37490
20236
23181
46007
36871
22945
1336
6581
24986
7993
33985
9854
53109
24411
6307
55797
13699
48763
42803
21568
18049
40270
30023
15166
44287
11501
7605
23962
22602
12607
15030
5340
4481
52679
35701
55646
53490
24013
18384
27827
4481
872
21914
4163
49948
43169
34418
29012
48030
34083
29787
7467
51278
13382
5297
40272
15251
20162
17397
32743
34174
37161
42757
53803
2772
21701
1595
24117
31367
25249
12896
16442
5048
51620
46245
39050
45923
53591
43638
29837
47622
37544
28324
4536
24959
40471
55509
51621
37322
4726
4217
17009
46484
52733
580
29454
12582
7931
15947
48089
15985
50473
29949
28862
50115
42312
24640
31343
21868
26723
26540
52347
12664
46799
37224
31420
15968
33806
44095
50809
13767
39147
1262
29825
3126
46032
44613
56673
32452
23860
15456
11093
50742
48552
56321
16227
1895
25632
48956
48957
44892
15415
7
24636
50014
54499
1875
22450
55373
51023
14627
13480
11350
4151
37384
20398
44737
7366
33190
33105
1849
24220
27991
34422
1576
48236
8986
23109
607
13273
35920
53904
48647
23848
41131
11763
31079
9184
44707
8774
6906
49366
5589
35094
16684
5277
39834
46562
42505
45467
2210
55832
49162
14823
17836
20591
14325
21311
11675
31536
44127
20085
26854
46958
42545
56761
44580
10204
37845
20010
44185
30949
31475
30390
40906
19887
35212
51834
16273
26961
52890
46475
47582
35035
25122
1002
48186
757
41615
6605
49296
52752
56996
32403
32851
26864
3614
3056
55054
52579
4436
24582
30404
16299
12427
55252
56229
46143
5874
39856
81
19392
7727
25537
17476
15063
21245
34512
47990
56644
33539
52780
53910
7753
56665
54036
10898
2148
29833
11623
20493
17876
5312
56159
7030
14739
53912
6164
42641
41546
23811
53029
38285
56122
14598
12346
31561
4150
40832
56797
56811
15311
30461
35142
17959
12799
19755
35166
31312
646
10224
52139
23670
42067
53462
46306
24956
5482
52413
56138
56940
7084
50507
5685
27314
14788
11690
7402
30922
50446
41742
11717
41023
43194
55953
11425
31177
4390
25197
37724
13201
43569
55654
6216
38308
45348
16521
23281
46722
34683
40661
33434
7090
3497
23565
30282
40676
1506
1870
47324
9898
6329
4027
3469
37851
4282
25867
21527
32222
56178
26628
21074
6992
22178
12806
28089
7923
1291
46478
39282
4059
34435
7261
21055
22845
41981
36109
49730
6798
33671
35144
14614
28261
3685
18692
50192
50406
33619
53479
30756
19404
31807
43187
50908
24162
2053
6574
19315
8967
32564
39192
46072
15732
12405
1634
53006
17794
38156
5392
44256
4981
10512
25778
22682
45199
9340
10957
40011
25258
23536
48640
37206
20950
40153
14158
21127
22099
1492
38088
43242
52692
11859
28908
48632
48848
49006
9894
14483
29974
10331
24265
3937
42804
31736
1817
40981
8508
50180
37352
18648
19708
5621
53428
54919
18432
45269
18554
16710
50982
17870
28993
24490
24782
24036
25341
17324
29004
34674
52366
24122
12956
54452
25748
19535
49112
48691
35561
50587
14425
19240
15268
5701
4255
1656
56557
2140
33855
21245
15058
18573
3096
22237
44061
11615
22002
53587
8591
3786
34660
7564
19014
21702
32456
24412
26686
48776
44637
15751
22671
46047
52424
37475
17674
9613
11993
51690
14001
44001
52357
37374
47154
35177
11213
32461
25640
27076
1090
6556
33335
11798
28348
56824
46098
21093
18766
6391
55978
28096
3015
14965
24756
23631
22719
23459
14064
32421
16371
44450
9962
38754
24064
2172
8319
32117
28000
52803
26038
41687
54252
49428
31304
44354
17647
5875
24581
55705
7650
51202
17605
19121
15625
4
47839
12781
29793
51859
43698
45199
54076
53113
2165
34386
26251
26812
20989
38061
14798
35019
5203
6122
5539
24933
2935
55892
22273
46561
1989
17134
16472
30431
1634
42577
46584
17709
19883
50734
12266
6326
16282
18929
50326
31182
4687
34670
5418
43304
55999
17614
31587
4664
20987
1801
22603
20956
21303
18599
39304
18421
13197
6722
53029
11660
11909
17675
31263
12775
47012
24229
34038
17634
5503
26303
42990
48314
22562
31354
56273
55854
43153
44746
45154
15518
50353
15242
46569
35229
6876
38936
56270
10315
20432
18943
15132
31811
6891
50524
41795
1148
8693
29496
37945
47626
7626
53411
3775
48604
42235
20842
43972
37312
15151
18695
51216
54971
9763
2775
9271
21069
3667
35538
41560
56096
9451
1315
6320
28705
5007
21374
8328
28608
32660
29329
34272
2898
18425
44731
27174
31286
53669
45258
56919
14988
37814
34609
46033
3944
7555
43389
55395
18734
24143
2737
29465
42112
46331
31944
25791
17099
55806
42535
41098
19672
1387
40629
17902
51350
43360
3522
11135
28660
33174
38349
40471
3612
23498
52938
4568
27771
50975
1232
14551
33757
8725
27297
51238
28406
25786
48074
22565
46331
49195
49234
5956
47311
48776
31792
23142
31282
23537
23229
49061
15859
9777
20480
38311
41182
6157
7768
51722
16440
40617
17236
13145
39023
30968
37342
25963
54511
10645
30743
49532
29407
24555
36684
16770
37002
8981
36077
55782
30786
49123
28758
30501
52990
21553
10407
56971
4732
24830
46478
11531
25786
13982
24925
33884
13926
11164
17981
31267
56638
14016
8129
30137
15274
55345
26040
44874
2053
12687
42442
26410
4258
11687
48243
3091
6906
12028
6254
2615
24692
37126
38865
52790
4710
6210
5710
14021
50288
334
16121
38147
22648
42791
22853
22361
18055
11697
51138
3142
27739
6050
29625
44484
35982
51899
37440
28186
23459
10412
15048
18135
8928
33555
10483
16464
32743
27049
19596
53646
16935
20985
3855
27207
52824
19014
28431
38335
56372
24744
8958
42307
50832
21618
28111
41857
10354
47155
46311
29231
49084
23918
21738
54807
36614
29729
25098
45108
54346
19415
49611
48661
14745
17154
28697
23434
27891
713
26027
55431
43260
25817
30105
55716
14937
29979
42304
47158
29418
13658
47142
42278
35650
16967
36248
36092
6841
3875
53410
34024
56331
36000
46590
43500
39704
55436
18381
30449
5204
31763
45844
2813
48530
54608
4646
14678
26810
7976
55615
38454
34986
2868
27000
25650
7968
18761
23014
15865
43053
40477
9477
42421
2644
27951
17267
34481
46082
11835
21095
50752
26816
49458
19743
27517
4084
10146
11633
40973
47246
40119
13305
44245
25942
55437
56210
26944
6346
41409
1728
25441
24469
4499
46241
18490
22412
53658
52076
10959
15618
26140
50345
52218
32251
13512
23680
26052
18309
46507
36854
36692
16546
4443
45474
33439
48554
33179
25230
14524
36862
3763
28985
49866
14847
47162
53273
18249
30629
33955
11030
48162
50227
44691
29961
30820
7096
4723
3723
29060
2137
36325
6970
35968
10249
32567
11326
48544
15026
43927
38010
23113
36613
9858
28014
48752
18710
29062
922
28415
42395
1736
40476
9263
35563
11562
22602
5834
39363
1005
11835
18971
9539
33231
13656
17325
14152
20376
5713
53548
37635
48255
12633
29532
14166
9612
7195
37197
30326
7954
44502
11815
1171
34387
27756
55456
17197
29087
17889
9455
46777
40955
44350
22060
41809
47370
35300
5902
18130
2907
21062
16368
5767
53966
47328
32065
28858
21284
52364
30038
19859
1602
27475
11239
29329
22577
35336
14059
33661
40550
36672
15592
42366
23513
17150
39571
37558
30508
50763
45912
50412
20138
23994
30687
17011
22737
52346
18787
51656
24733
23908
28880
36153
18867
33260
56000
9544
33871
33717
19258
48870
3866
21349
36025
26165
10723
36192
14644
45094
39440
53224
30951
12545
48994
37209
31605
47611
44947
28091
34175
29274
34741
53649
22622
28916
1504
47502
52649
11853
8335
4111
21107
49774
3735
38779
12261
45323
56133
3199
4667
39997
54699
17391
4022
33462
3319
35007
6678
19396
15953
3007
15561
13028
17694
22805
51604
39904
6685
10916
43276
44475
14390
44722
12890
56664
8426
41247
11169
4923
23291
5713
12845
49295
31040
30965
47714
42055
29637
2895
16582
28296
36549
18235
49036
53835
4061
50453
39950
35673
34103
17234
23022
31950
33591
53913
17897
13712
17494
564
35080
51321
9344
40352
13005
21080
50572
15052
49718
50679
41832
47479
39353
12525
26342
51914
34333
55002
49342
2772
24880
9091
54089
55380
19834
18820
37952
49089
36285
37946
45967
26734
49192
27315
55866
28265
48342
49076
49610
33786
29464
30226
16259
24561
54308
12397
45965
29960
16023
42158
22862
38728
40222
5842
17208
33151
27069
32190
17604
3886
26115
14618
48578
16945
48378
16354
5244
13680
11982
647
12582
30539
16962
14181
7724
22218
15185
40813
9905
44193
6639
56043
3334
5539
37597
48210
38919
29126
49755
42091
55702
54948
39453
55364
51
43882
7957
46653
3649
37864
18009
7645
28197
49561
36768
48188
44941
53101
23270
41034
37403
50770
23649
6436
32517
1882
26688
40855
827
565
20991
54004
49804
24958
737
43700
43196
23956
53507
46629
44166
20079
3425
28923
50826
13946
38047
26602
28332
36824
35550
38870
43801
14190
39761
36582
16094
15344
30299
50701
49127
28520
37606
36600
34760
2794
13250
20902
29660
24619
24049
25953
7903
23879
29475
33923
986
51121
22915
49907
27371
31333
13037
21303
37190
13554
29546
44060
25941
47147
47794
43632
24159
26004
32356
47289
27864
22154
10677
46038
31820
8835
29874
43275
2801
48469
50540
19770
32144
55074
19072
42116
15383
51497
51479
45680
44271
43168
38281
33322
43221
229
12969
17709
1400
45484
24437
56571
33270
11499
23252
18976
36642
38985
35788
9207
56886
56813
10911
1604
44977
27650
5417
37625
9005
24256
14289
32100
50455
18742
48345
6381
25028
1139
45308
25206
8853
18381
38076
40971
7375
22168
30748
3544
54441
45688
31352
20530
34931
36682
34568
3878
38191
3684
6659
23277
56271
35813
20157
7697
46003
11759
43951
30641
37276
3345
51376
19216
28402
19593
43197
2756
52655
4103
39706
9315
45246
11244
45381
18215
30683
44521
41059
9562
449
452
35553
26901
16138
31398
25241
49434
46702
48680
1191
48513
54667
48811
1295
17551
13228
26142
46110
33787
52386
44506
41145
28243
52908
16754
33949
37219
23724
31838
53860
34541
30720
38015
24488
56276
10570
48821
6088
38042
14988
51843
9189
42250
37603
46068
1143
29096
24871
45559
13969
48668
22844
17702
43933
42933
53032
11205
11653
34034
41377
41229
22895
37268
46522
43928
20996
56575
10002
27255
24910
48423
54370
6790
28036
37263
47657
28481
38411
45093
47894
24969
