12180
34955
12118
47322
89
12921
29181
9410
18660
52435
35854
42744
43633
51653
5564
19169
21515
9813
37196
1228
55838
21023
11531
66672
31246
36826
56018
42120
33895
19896
46647
33595
6322
64643
45129
3721
17616
106
57911
58694
26638
48979
53222
10187
68901
58714
40822
25946
47213
67936
41519
32263
43086
51255
56429
36295
36827
46641
28989
25136
8019
46849
15555
63407
41557
21769
24578
19721
21519
64858
33175
12881
22171
9330
9122
54192
28823
53992
4881
59747
35864
66659
32883
26470
68698
6600
48398
18895
35365
68946
63526
37533
31344
5460
11075
45294
2203
50466
57013
45200
6428
718
51295
56455
43016
48102
35445
26317
7035
37474
39739
56472
55918
49531
28603
45486
29708
17599
61658
19251
29617
27369
23512
39987
59199
42510
64699
14739
25775
35354
7719
1561
25736
32729
63156
53412
63463
21649
58227
35477
24348
5901
10198
20413
39668
64252
35820
24705
33168
15272
63501
55145
18074
12395
45728
19886
7279
47842
8063
3057
12773
15350
13059
68376
35330
35744
65386
34211
9358
47729
53697
40101
58407
66404
52031
68910
35503
53347
57929
32173
6260
11269
35675
31043
59747
67546
8625
27995
64906
44053
25003
11445
38577
49600
3798
49681
28420
40358
6573
57121
52168
43201
60227
13112
3487
30404
53435
61782
68666
35650
7662
31813
63826
37109
6416
46670
29202
25899
4384
47733
36717
21587
26354
40027
34224
46629
42755
3769
36187
68360
58984
52242
24609
36213
24548
17258
5817
67360
6396
13267
55385
52734
12472
65462
15470
35938
36008
61182
5067
30634
2792
64840
54699
4359
68210
41302
27644
4906
48607
18283
18946
33921
34601
5922
22381
36984
61744
8511
30321
4077
50359
19727
18856
32372
44394
53779
11950
64553
43990
54518
13848
22028
32053
67432
9121
37085
45749
14356
64435
56545
24500
36980
27063
2598
43539
25332
21585
40000
59803
26108
9882
32214
46024
52758
52427
24526
48089
68200
48420
3781
66192
44124
35414
63243
61236
30778
48395
5899
23233
55591
64736
40808
44633
36918
58795
58498
673
4549
25767
12208
26186
9531
10457
54648
19755
33774
52751
58274
59896
65049
41572
3170
31872
40138
28354
6340
17776
2593
57068
50554
4384
28396
751
11545
52287
14839
23077
40946
53121
5497
39893
48108
2713
30915
14098
49502
47051
14497
48246
56418
419
27002
19035
16694
32988
52901
42127
23900
23142
28353
31233
47576
19359
24039
39156
64090
20076
17803
40335
38849
62917
13284
35350
34552
35819
29789
54729
64453
47334
29956
57014
44276
16831
37696
34549
23866
4342
38928
17505
66861
7905
65943
34342
63513
30626
49563
6019
57741
14108
3124
23598
27692
498
19218
1118
37784
43372
42311
28817
36985
9215
31963
53706
67802
19055
40166
25278
5069
15139
53961
35564
33221
46693
2910
64327
49256
10725
1845
61961
41048
41538
28632
11645
55271
4324
46
65033
9952
16208
57428
55742
46101
12545
30330
61422
8650
14856
14785
54729
50280
27015
51722
66684
62758
47127
1354
46423
41586
25828
34945
35248
13981
39218
14938
28273
6125
1471
34637
21267
66452
5045
29224
58838
24877
14417
35220
39694
2215
13973
12548
8107
38482
39710
37808
31493
66806
37395
55127
23354
9722
41699
17155
5358
64666
26209
43070
40478
56067
9255
50939
67385
62632
53532
64855
25459
23750
6012
23703
35495
29092
44514
57819
61848
61412
2684
13991
67188
5047
26827
26074
37110
12157
53638
19103
14062
26538
23610
39193
57047
38868
60120
31916
15133
54200
12507
16366
61801
39124
35916
8861
9091
15103
46524
39114
65603
66293
25261
33778
8499
55231
18989
35414
31245
60791
24584
22848
2036
3113
32386
8094
33313
24876
9726
3171
59165
33528
66085
66040
52918
41010
55646
31978
54224
1723
49326
63525
11281
29199
11069
26319
4560
40688
15117
49983
59075
12643
51391
54443
25884
12594
61212
8817
61016
45608
25372
6606
44916
66660
4783
32338
60012
13509
8766
56988
17129
15804
12341
46889
48941
60862
21767
63152
30838
68472
15310
23913
5934
20333
31125
13780
14035
7035
38836
37951
36087
54212
41904
29239
65342
2328
13060
17718
56991
12744
58432
17061
58530
63333
5268
23481
8060
63719
55017
11434
18490
34762
23484
46409
48071
17322
31840
49143
43571
22871
67831
16818
64379
53499
68076
20586
19703
37857
25664
46346
66005
1864
6776
14043
59127
6020
2855
66626
64098
1326
48621
35345
24966
41425
26612
33426
7981
51325
44090
31512
40010
52882
57784
24624
23776
7018
22462
68853
11500
42481
46400
64274
39528
28384
22361
38967
53812
51620
64571
25126
25451
11782
22432
26392
17207
31555
14593
43097
67362
63140
27664
46514
18123
49528
21419
24557
5601
15468
32632
21210
4567
23613
48623
8080
10140
30541
10833
35664
47974
9681
17675
6739
55114
32875
19023
33308
14274
53451
19951
35888
14747
33992
61190
48426
38466
16781
29509
16027
23595
37030
3247
42007
28918
23761
35586
51066
25686
26210
17635
67609
41231
9143
57084
44453
22788
3418
34060
38193
59618
49749
56811
39493
18940
61303
11192
68932
57139
10964
63010
55040
11354
4332
39351
56358
52036
46338
27508
30955
54050
11852
46330
31989
37501
40298
23985
68990
19044
20471
28156
32195
795
27773
20752
43116
38240
47325
27546
50820
53307
65275
23748
3991
23169
10512
52812
10427
61621
7698
31666
61375
1556
18302
47475
49137
65547
51550
21951
6660
41879
17645
4123
6198
64817
37734
29891
54007
23300
48373
55272
29437
53300
26661
63042
16429
63501
25097
6914
8516
34197
22846
40335
54163
12463
50069
46611
8633
5677
60295
43392
16650
569
27001
37757
7229
19056
23734
60303
31460
66764
63460
51486
31548
21836
9734
45877
42524
37442
3849
54205
2763
39464
30723
48623
61722
28664
60237
28804
13144
14407
56249
4387
5556
29429
37726
47749
8749
33452
49976
64857
8470
8723
7221
16519
25837
47054
62986
31123
35986
16459
24844
60441
36253
51
52619
11047
58744
27715
25929
53387
19164
48510
50192
37153
40359
63769
14353
55761
26842
57314
2544
17444
68785
64182
44669
4721
60404
2134
68206
54080
13035
63077
583
53433
18622
21120
46068
1530
57634
4067
22509
47580
27127
50716
49808
9241
52038
18502
67109
54324
40232
52661
24802
23268
64106
51520
26351
8366
5781
25920
50620
11294
63873
62707
446
51291
6178
43789
50208
30836
35106
14341
21214
13843
3670
5823
66405
29196
59117
30147
19455
11809
58427
16289
946
26294
44836
50262
8856
4788
13475
23936
65761
2004
58114
50251
41356
7673
11172
54989
5685
7090
24326
18036
17112
34003
18325
50858
15211
47648
4777
66178
41514
58733
25814
4954
62588
42285
62523
18252
29091
51485
28035
44003
59593
28203
32921
40734
68085
40144
39585
8324
59613
57136
31626
64989
11790
27282
39999
2817
18367
30872
4669
48639
36227
11901
28646
63812
54380
2413
54795
36950
31429
41342
21345
483
15472
50217
24531
4411
26119
35261
65357
3303
62078
61856
46408
22380
60428
47331
26953
59832
26027
44361
24765
53840
32453
22419
58623
33387
39430
46755
45913
4447
11273
41067
36089
50766
8723
15194
43898
51260
38395
4386
32836
10744
54163
57409
20342
39021
32248
53817
8152
4187
11684
45398
35557
18111
20797
56484
3661
15444
22999
21059
31184
6884
8676
60664
51094
36279
28172
10633
2188
17710
8079
65428
6026
1269
51991
1820
5383
62843
59691
42842
47461
31599
14134
48524
62530
64952
47439
55868
43371
66217
56153
51104
3517
61880
23658
24257
10902
53426
31584
7010
16165
18413
5151
12359
56642
30608
17768
10263
44032
60187
63228
29024
8991
30103
43550
45542
49798
62241
3222
55287
9614
60240
7185
10814
2130
37256
17350
65593
15507
10003
62771
63730
13647
58588
58910
35359
29673
27943
13769
14638
31532
3712
53996
64888
65400
51094
15774
59288
7208
21228
42566
52305
42058
42244
5747
49241
13997
232
41844
16718
49977
57607
21826
38412
33704
480
22233
25872
23803
64285
56981
23123
59135
33575
67426
42918
9222
19146
23667
10887
63057
40437
59876
64582
38683
56305
6099
33374
55553
28451
61977
22507
22302
66504
42327
45564
37259
19268
33459
6861
55987
63255
45514
11045
10533
52284
26583
63446
59451
48454
51154
52358
24527
20874
61716
12009
16069
13588
2966
7633
18027
50895
37113
33539
14348
28740
11856
17999
35309
46501
45201
44980
79
28775
28723
14461
29891
18002
67850
66732
20275
18175
54485
49530
26789
3309
47353
52136
43739
65623
24374
62244
64853
61021
46567
46316
39873
35590
2295
63168
8864
37927
13079
57951
57473
36698
37332
48665
12579
43350
50733
17468
64412
40447
38210
42078
58759
20994
64903
43773
53290
16672
46880
5086
3541
60340
23864
4272
51118
23658
43738
8004
62138
1253
51728
5612
42750
14517
33513
19053
17796
61836
13004
30066
35352
9084
12003
28742
42298
9047
38436
29301
46222
30785
52889
49512
47679
32558
44447
18732
31282
9084
42475
7974
2342
16956
57624
1589
5874
13835
38606
12251
28767
9895
65868
18073
22516
22225
66798
22911
6585
57254
24601
55509
35203
43008
7003
34880
14797
68863
25280
57068
56216
60224
22000
68643
46377
5608
19348
46287
51257
4984
62615
34330
52674
56212
9209
63487
37484
59137
65829
54380
1352
53019
68709
10255
32332
17760
56884
3314
49029
50845
23441
13092
11235
16203
11683
13797
1542
60365
47200
86
17566
43160
26416
60259
22384
28943
49574
14078
62780
44634
6982
40890
56403
38155
10673
37712
14710
32118
5318
49441
32154
16426
18948
45840
49576
54639
41410
15379
25969
19510
68663
11158
10398
57831
2261
3404
27845
10980
35071
63212
65215
35856
13460
62020
43415
65034
60060
15444
21373
43332
58559
5025
56553
21147
13885
63332
5899
12434
44520
65382
44654
31567
8925
64131
56805
43834
39698
65265
56533
20542
43577
45899
60251
59741
6290
46678
24839
59828
33463
20711
60757
13136
21225
22398
13956
2515
4337
5220
64608
3247
65608
61805
31746
42286
11023
25553
53983
20443
65915
56005
21373
26497
61928
32176
19674
17279
36806
63245
22087
13108
30873
60301
67122
12396
33418
1366
67881
23295
11331
20747
66994
53978
12920
9561
35672
6853
21673
65612
58351
16968
36076
44476
26544
33731
13591
47367
10481
30960
2883
6548
67172
39535
30260
39249
64743
48150
37101
2626
6083
44923
56952
55543
10902
45127
67299
44320
65692
36913
4206
45247
64258
40020
55561
48027
40523
40350
63731
19188
49131
46382
27116
45608
1865
2552
25540
24737
10641
67929
18989
41304
15287
63098
29331
62554
57440
4619
40157
31325
56234
17405
10251
35168
67484
35179
3254
26861
27416
2646
49471
43459
38949
41868
62039
50860
43314
59933
23910
40151
8500
9393
24416
5475
39824
7321
14641
7042
23932
32264
39169
48949
27599
48502
50515
40777
57793
52706
43847
25534
7365
52376
55775
26584
60660
60998
2511
51444
26699
64215
42646
55161
10884
22515
54049
48744
34010
61547
45022
58249
60029
2228
24045
66755
61854
42536
24611
66488
57157
20459
55672
43539
43350
16424
44177
40527
59418
1697
50096
10269
64121
35405
66407
44545
27292
38401
56475
40690
40433
28622
34157
43244
67825
49018
25556
20548
57747
16686
15390
3591
7971
20331
33310
10839
22413
32154
68415
44499
55107
52871
27782
34954
35287
20449
62949
56148
44274
55969
34108
23253
54626
59756
19082
9863
57898
57110
6938
45971
49755
11645
7913
25683
41888
42551
26723
31087
29832
22369
9165
59906
68709
4022
3757
14384
18137
23496
9621
5942
17264
11029
41303
53230
43888
377
61106
29750
51941
31876
11427
50628
36849
2632
48631
25184
63400
24482
30228
33086
58162
38850
60496
53646
6522
30400
50457
46194
14155
55117
59283
20804
57483
65155
45224
45873
45255
57450
15497
65445
7557
29497
63347
42292
40457
33925
36205
53818
48983
40536
12230
61753
33231
7441
52115
67677
6055
6139
47206
40685
19434
55365
57178
15343
13966
29439
8555
26192
10324
18907
64282
16752
28528
22287
10334
42854
7088
30902
21534
60077
2641
63117
22731
6098
41844
33585
28419
36817
53120
170
63776
62035
1369
1444
18527
63678
68599
59491
25195
33017
57457
16920
37282
9379
3064
58548
22816
38199
9144
9087
60367
26405
6009
42846
64488
3584
26356
3543
45203
34391
5001
3522
38595
24171
52941
20510
16013
44084
46336
57932
29990
26808
66908
53636
21436
63633
62770
39643
58573
26986
999
10990
43236
37774
24028
26053
21826
61085
58091
38814
63584
21187
54477
24813
41227
54926
13200
20550
29865
58477
59966
6471
12311
57816
11561
6980
51125
32208
13410
34080
8017
61779
44777
37948
30560
23107
20838
52968
19627
66173
15334
32540
56358
45713
2865
21369
16388
50051
24344
65280
64606
43764
44933
37118
49506
30709
12458
7988
45080
22018
32507
25287
33144
5255
8984
22656
9727
3562
29578
7410
62273
60068
57215
45810
24680
30181
12265
50472
63346
67027
15008
50066
14697
45447
46528
66407
49723
5540
61437
615
62938
30020
13867
65092
52446
54513
44986
65980
26046
23709
19246
19582
52470
7255
22532
65311
30243
46619
32177
59296
62209
9860
52541
24078
57477
28088
21500
42277
40078
39584
10485
38194
62790
10843
44276
34380
57255
26486
41306
7701
11673
4058
50396
51323
20552
30417
28401
58813
52010
50766
22028
56436
15781
49201
5330
42553
58071
29852
4845
53429
36256
52358
47543
28304
40673
52041
59019
53321
63752
23785
35957
54071
64115
3347
61129
47850
43666
62983
39376
13001
68801
50508
4312
36657
37771
44031
40587
5454
60298
40800
23439
9641
4619
10617
60990
46126
61591
25227
42091
57969
65051
41830
13893
5709
57601
33717
32993
10864
55855
46044
10103
62150
52197
8088
26687
56777
21565
26921
22932
61234
9955
21598
63374
64798
35420
15293
66038
5136
22699
4653
2762
49887
9493
46010
44848
68900
62430
13004
24335
40610
39429
39293
42089
67250
10418
1989
30398
42697
42600
10428
33098
66481
12102
59995
53429
6641
37799
37135
26275
14170
56969
47131
62722
47383
19531
45232
26697
26703
34895
38964
24873
13227
43527
18165
30123
14806
48395
34880
24896
6806
37353
51139
4488
9294
14310
63467
30194
20277
59880
15210
13594
9423
11142
56112
31568
9725
68055
14509
38501
10227
25775
24865
12649
34959
3200
12408
29576
24209
64821
5405
44187
58819
25682
58906
33730
62622
33975
35753
53375
56662
21435
4707
52678
23931
28437
21994
11944
51830
26622
14228
16375
43716
11107
28823
62676
19874
52230
16619
10828
60717
42811
12689
54321
51244
55928
35254
28100
34437
5182
51035
26760
68376
29461
59893
34579
60228
37388
11636
16718
46412
12525
20458
39035
3390
34526
48985
6797
4216
28860
11737
26451
19359
31178
13446
4375
21149
23472
36858
8219
44926
55095
756
18315
21407
50728
25020
63797
2940
10484
61161
11581
6317
7110
20938
11877
32916
34181
52925
62346
35141
27270
37863
11346
4162
61446
2049
22169
52850
53452
44979
59098
18358
48197
46271
6274
23896
68081
39797
53153
11456
22595
60455
63626
5716
25487
25752
39786
24763
66979
18173
39317
10270
56208
46440
9043
5587
48234
36253
46706
3032
63602
37652
59573
18128
12893
16146
3138
37293
27821
59155
21458
55531
40845
60808
21697
36725
60586
5392
20253
9054
55941
65615
2691
57621
14525
4056
37669
42590
39386
33584
66287
67009
51308
13369
22737
4074
17530
2327
61847
66244
63830
57419
46276
3314
17373
18913
44958
35948
36669
36264
54562
64490
13943
65429
68624
58480
51355
41556
13601
57942
22059
4213
25765
17667
35128
59407
53289
18966
4968
52379
55613
62176
6330
39288
62708
35369
25040
2838
3404
60141
52314
47297
29006
36123
21028
2428
55375
45586
28005
46879
38317
2184
39720
15663
7877
57945
13768
56809
169
7624
49277
61075
39992
22909
25539
31814
15925
27467
29473
61459
51481
56341
31967
27937
30923
40660
16888
41056
3166
10199
31031
38750
26116
9128
28534
55420
34846
46535
42410
24204
42421
55157
25674
20153
6739
9623
66910
14490
37955
50509
55765
13932
4639
8222
45486
44235
13831
68514
53672
35429
62415
39196
20549
4204
36674
21105
57121
48022
34819
64481
1609
49387
64674
1929
30846
1202
39723
24899
66216
57439
15570
10731
30343
62213
20299
21926
41565
41684
63558
18321
35720
36631
15615
9091
6499
23910
47651
10840
29812
34051
10743
6156
22128
25034
60275
6192
26259
42481
27436
21819
11316
25906
45903
3096
40956
9266
56328
12352
10023
9551
32746
14612
30811
51458
20530
17394
4613
2678
4716
44993
39116
10541
35799
8026
63765
7182
27452
20557
24853
9388
52169
33389
60261
58254
33981
37401
2535
3726
21588
39032
61079
36433
57681
8424
19453
49474
34435
15827
37335
29419
40456
50679
40324
37769
66031
19689
8747
29482
22946
68077
35977
35454
54480
19012
56601
6023
46696
44842
56005
8143
35105
25418
38467
17197
703
24777
57572
22699
25575
56292
45742
62926
41580
63383
67496
51043
37114
32508
58661
63931
32
49811
11746
29931
9499
51692
60314
31330
57877
38366
61490
61487
40892
48691
20262
40311
50942
12666
48753
17608
52066
11344
66820
56877
9354
1013
24126
53399
37566
9223
40241
44964
51242
13709
38005
6430
55127
8593
52190
41730
39142
38362
4649
7484
16352
46501
40684
15916
23540
32408
27674
56343
30720
32004
15582
18252
7464
25220
21879
9952
381
20294
68394
56785
18124
30676
53766
62276
5999
16319
49592
9780
34089
63018
62822
7152
49499
50662
6265
36519
44292
3311
843
55650
46557
23898
28648
11902
46330
13473
18026
5268
26468
49085
204
32063
50995
25503
57728
22674
7705
61259
9964
27059
44978
28721
7358
57632
67223
68233
22744
34028
57370
2402
45984
55742
20644
54328
22126
56367
4322
264
63232
6566
22862
433
45883
7745
39322
59728
11447
46586
48239
58535
7725
892
57507
66836
26229
5816
16505
16610
64871
68280
28475
854
867
42943
46570
40256
46741
11372
57558
21828
2808
54761
41737
31180
25987
53708
12213
34124
12528
433
5470
68785
57553
34770
36210
23647
22702
30668
48381
44901
28153
36495
19466
1447
45195
9898
19595
28928
67607
56624
52641
58426
47556
37883
9895
10268
64936
45059
20481
13254
26463
59443
36322
17596
17459
57585
27763
2421
44893
65480
5311
15655
39234
46356
44667
14320
50626
33625
20195
62227
22777
64999
34407
48062
42424
47078
949
17604
45334
27739
32865
48699
29847
27932
4079
12252
18495
1918
44672
14899
9320
11744
54138
7282
12094
1059
15706
65302
24156
15672
29118
48141
35264
26566
42901
29891
38881
38999
56095
43448
62521
3718
59425
43583
47189
15184
13112
63365
25017
39020
60239
8364
3328
42495
28268
32428
18225
1352
30084
7045
23054
12229
58535
43971
13534
14809
13590
27478
7858
60667
54513
17860
13701
23443
16445
18078
67204
10443
23914
21940
32757
58559
36427
60606
46347
34571
33319
14680
59351
41952
24756
19216
32323
5923
62227
31511
46601
17282
17294
68442
58592
7820
26014
3309
56006
59627
38914
45787
22833
39136
53721
52139
51975
53172
40936
29994
61549
7447
34647
39690
24460
62063
3910
37964
20488
8342
11286
67111
68299
5175
39338
68548
8383
18103
53779
52765
15600
53653
34755
39106
46023
5989
61681
1784
28363
62607
64203
4511
58625
12526
55218
9822
54213
25808
65871
9085
43665
67129
44963
58350
28146
54188
68244
6944
59138
35975
27116
35410
59607
51442
28284
58889
62715
67124
5613
50790
67509
63378
18063
47775
60740
27533
1762
7320
64716
11767
1322
26406
8081
2913
34744
24816
4624
41132
48547
21434
16949
5754
52829
6671
26319
6864
41529
60474
888
51299
66315
1449
33097
187
26568
11839
32242
10073
45700
34189
13622
4184
1659
68636
49645
65699
31447
14281
29179
9499
45360
35901
64581
32251
26609
44152
61804
65154
68071
24634
55627
47884
21861
53653
22739
5326
65722
20282
43605
3220
21404
4407
2183
38280
16238
11962
36720
23497
14373
40085
40917
14934
42608
4470
61622
45429
29814
13601
22627
20805
61041
54812
35839
54036
11344
4903
30655
63142
7946
38662
58620
48579
10278
23268
259
10363
28120
13525
24894
8480
3606
18921
14908
45488
32072
32816
29083
23494
12246
61486
43614
51348
3587
21221
9993
58391
54719
905
18393
44071
63867
63020
51265
45498
36606
30711
50359
40380
47228
17753
5085
21092
63229
54711
4131
46134
5380
2160
28497
42920
56454
66300
33202
23324
16962
38065
20101
52169
48328
369
29173
47206
4970
62291
34240
9973
13383
68116
8869
34991
59358
642
46318
33481
33296
59709
20077
60243
26470
53170
16979
38809
66033
48893
47772
48720
64721
58251
27590
49398
27821
17978
53791
60670
42329
20277
45374
59303
3086
20279
43714
26841
4083
60419
39984
50443
43001
63334
40712
9083
3356
434
13902
9827
62261
27895
56446
10836
16084
50656
1256
24490
56691
2024
9148
63220
6558
56415
65791
37438
33679
46493
53515
66053
18022
24265
42404
57614
65965
35062
54023
5635
36761
40955
45197
12531
2508
39677
49645
51213
25576
67284
16696
10345
45870
42703
3574
63259
45836
15060
7142
29013
10541
37328
1282
56575
65899
7375
25289
48414
46367
14577
15230
27070
37297
38162
25493
31517
43563
36123
44566
42742
6359
9386
61746
34750
50393
21475
31490
67303
39152
60721
15823
41135
18342
45190
4325
35044
64078
55362
4096
10590
53301
31971
66696
59257
60873
20882
52289
7413
20566
56174
45835
30548
54263
19015
26881
17015
34250
31904
23861
48157
34572
8242
57088
41977
27436
63498
20982
49495
58420
110
15096
67220
6457
29041
40443
49407
50635
36944
39038
62239
1904
54760
61210
56290
31148
24239
22626
64950
23179
56635
28033
36128
20374
54210
13082
13832
1660
23992
331
17709
11024
53575
29523
64138
15552
4742
37954
25972
31206
42040
10840
2367
46319
61111
16853
56588
19904
67901
67328
15273
1657
38719
33267
39829
64722
12854
8067
58198
8185
12852
64790
55585
65350
16024
64781
58813
63974
30445
43401
26685
34331
26805
60578
47144
37837
34669
45842
48575
41321
49286
22887
5410
53127
23672
1352
26327
27330
57642
24279
35688
67545
8234
43037
29504
35002
40165
35803
64018
33518
3004
42052
18973
10592
54572
5024
7120
399
59048
3011
34510
43650
25565
8205
42894
57531
58122
52722
63866
67092
34410
27673
49090
45942
18199
27242
12829
42169
61956
7097
26403
39350
13207
95
3689
37936
64393
22439
36281
59552
4523
49734
65582
5504
32024
32283
3881
49431
61409
55095
27531
41739
29617
38838
15120
53437
61589
24731
28692
21318
41703
46954
19173
67696
38040
24758
28804
55335
37567
10731
34193
57230
8211
27574
28122
48861
24600
29352
46127
17512
41257
8713
2717
21652
62131
3673
59222
32954
26082
12962
59162
56326
28091
61642
52012
12881
58108
10677
61530
2498
21907
9519
1146
47499
44266
56630
55246
17591
27860
582
57684
11010
9751
67926
54605
5225
8550
55367
9112
55457
4985
44877
37394
47139
41075
66462
36163
28628
60912
48728
19592
26643
39857
19351
25969
2620
17046
60764
46615
55546
8038
22585
6404
2345
53142
57040
12142
28216
35396
28884
42961
39765
30166
67567
53928
61819
65716
29490
43360
43407
4999
18291
15977
60336
34532
56825
37090
55077
63657
27803
37376
15760
13811
20862
11811
43280
26258
52789
60325
50108
68393
6467
49143
30483
17789
1660
46209
53593
33050
59721
19846
692
61909
24386
20602
21733
68081
54374
7553
5505
32993
41390
118
66175
38791
7560
65724
7156
1631
43720
19228
24106
2435
36600
34740
28511
40699
47199
50600
34218
53248
63424
28064
39032
56638
41705
43582
52421
16020
4636
19106
59950
15561
44947
6300
15274
65981
31948
60773
1777
28393
1676
26914
58981
42564
37264
31438
38021
17738
3494
6626
65185
8115
63074
64684
65919
42670
67181
48290
34547
29016
58703
60073
5014
68517
38493
57862
27838
18890
39846
51784
60243
18188
26375
10208
45769
50600
8774
11823
34481
29184
68908
61410
11882
10167
56852
61284
37165
66865
16080
34313
19078
31114
64410
47410
39750
65722
49768
51201
57261
54673
11177
20530
41509
14684
60660
10717
56266
8892
16919
52012
39918
22296
59045
5637
39417
27455
5481
30141
57493
49284
50935
30383
2335
61110
26482
65544
25330
47290
6328
25616
40285
25047
45313
63592
28821
12678
40614
61058
51613
21596
9383
35097
8049
48558
29173
27654
23283
23272
29518
7452
59172
52682
2830
66969
9436
47607
43579
56993
63213
819
68585
12240
67049
51640
51299
24628
20757
2685
187
46149
17677
844
33521
57098
26998
57814
45264
1561
50034
66134
54038
57283
5270
49294
7986
20002
54544
26634
27719
15815
29692
4103
64599
12676
2558
15183
33683
39475
27689
31365
16486
37137
61694
39975
11426
3315
29065
23797
66994
14387
43165
55684
12126
36095
12599
60535
33053
1638
4071
52178
9925
36792
18227
62124
4854
64473
36063
12482
64244
19185
839
41306
40587
12843
15245
22178
20821
66312
55253
60661
57935
34839
51581
28431
44410
38988
39986
14382
53652
31322
26814
14045
58103
59550
51030
52989
3562
35714
60856
38698
54851
10410
40753
44824
21846
63910
26780
30729
28767
40412
16791
29508
42891
9906
31744
53978
5340
8981
48237
31280
15268
53585
16512
52333
22153
3654
47273
44735
31247
48387
57685
6366
57619
15561
51205
1420
23595
16591
52897
66991
6603
14013
1355
36261
60834
3383
6353
34499
13931
14616
46954
30490
53495
27280
32105
17718
40856
15996
13135
37788
4377
62113
18691
51528
11145
3668
20861
59416
60230
168
864
21369
65070
13277
10637
54420
58280
42082
44932
13772
35233
28880
25574
30886
49131
4530
62118
31469
12496
64092
42349
5938
11052
37759
37
62549
42816
32174
9613
4850
63683
52144
60779
49314
48243
64242
49025
62045
6505
40840
30134
15689
13218
38160
23796
54922
21426
27188
24273
42374
10804
10146
38823
39555
6908
33825
24583
38000
63829
36210
30499
20429
64342
66169
39696
44047
41295
7486
44218
39148
16185
42796
43769
23863
3756
63174
37338
16921
890
19713
19761
42589
23048
66018
67705
51789
47669
31252
44254
22270
58283
34981
13401
57557
15003
9687
16187
46220
40957
57494
53309
61966
60188
48771
13380
7218
37688
47028
39618
10407
13381
12725
30207
36045
51273
22679
21231
59955
5323
25939
21740
48955
21999
54508
39516
28726
22862
11382
15590
39701
7922
29303
28150
1749
55551
20560
34120
36406
49660
39095
49121
56544
63625
46757
34120
54835
68963
31615
67772
26545
11187
14507
55143
52506
38100
63537
26544
41860
34299
14923
66527
59949
24481
33355
4185
55975
63420
48791
3427
65726
20044
42371
7915
61369
2905
16140
32281
20618
31337
2596
47205
65084
30887
34063
37819
18128
31095
43169
22937
49604
65702
61514
67257
26809
36271
34591
35457
479
65720
40181
46928
19575
27851
55516
56155
19948
27232
21095
12950
31135
62608
20124
66830
18710
65108
26212
17642
27577
26188
56240
45338
52337
11675
34261
45320
31244
30848
34982
41307
39713
4487
13518
68851
59524
4974
750
30270
37407
21348
35601
39729
67686
18315
67633
53666
66797
63030
10957
35890
46800
4678
53178
67504
54430
5991
43371
53545
18251
49551
60878
62427
2761
12222
53044
44792
26507
47832
28005
1593
2693
6136
4414
62192
53403
44527
66960
34359
31052
8698
42662
57942
26834
57593
9211
16695
10217
21628
44077
41983
31546
3184
40218
60141
49756
14615
61293
14444
2813
36462
67173
64093
35154
631
24923
566
44561
32471
62237
27935
54655
41618
55204
30027
42651
7466
11750
26027
21565
16855
16353
52862
19245
26352
39909
57437
15420
66240
67709
7402
49201
31419
19202
68625
45266
21447
2203
12719
62572
64720
27084
65287
36474
60292
27770
15772
31798
1581
51425
11000
48871
3692
37187
43114
46559
34723
15949
28830
23887
16427
33903
54159
40217
23660
43399
9728
64818
21971
58803
37080
33594
51525
23233
38563
44425
21194
53261
14629
50640
58237
56047
67393
41825
61528
61205
29920
484
54764
24828
20797
65528
25997
33127
57821
44578
44884
31234
3885
22836
2503
10430
32979
55461
299
56760
2166
15801
15410
37336
60402
19205
37799
22115
31875
29729
39301
56766
25291
63266
44424
23392
37798
33819
45715
62418
3554
48119
2672
7693
62181
14974
46759
10368
58991
58778
1822
1085
44430
36148
12422
49007
4999
39224
7094
40906
25442
30690
57656
50679
43095
43443
46858
18795
63053
21812
61223
5195
52210
24853
4028
40677
49980
42099
29551
558
40501
5684
67129
35524
48837
46472
52836
35935
16401
56078
39135
41617
14866
68423
61902
52110
66641
24324
42102
35986
58614
33583
15135
4254
54567
10432
38603
63063
48597
21935
53411
25235
25059
41480
26128
23144
50864
39872
41214
53267
65147
11522
57837
26626
54158
50127
36937
19759
12996
11392
25922
54809
37892
8921
29358
13904
11583
67531
42497
37501
52534
12150
23111
57996
12420
34394
45952
45287
31538
51616
18018
47424
19170
11602
18413
354
11676
41355
38695
7676
58460
16900
43879
57388
61892
7188
38631
11676
4133
56699
50571
20484
29865
39956
38239
14828
3068
56277
11221
62275
3801
4244
65178
38889
19425
38064
53706
33221
6014
63680
59546
41500
18237
13580
67364
57151
64026
9118
39136
3479
20357
14548
62797
13792
63787
67454
12783
6047
1920
5614
50618
18721
31991
42808
58324
56890
1460
26664
27073
37919
38136
6651
51872
42016
33148
59595
45243
64653
39449
5722
54476
15084
58428
35986
2474
1261
25967
49838
20307
45370
63666
33457
29859
46334
51081
55257
30091
52384
19615
22255
39277
35844
44280
21822
58244
2374
44596
26670
14528
68564
56279
30020
9974
57240
7637
60384
48319
42230
34459
43594
7487
53480
30712
25913
59677
44188
43091
46674
60507
59334
40086
64961
17043
34711
60808
9503
30177
27698
14521
48105
21560
24407
17030
65240
27756
48342
35372
35322
50231
15073
19361
6957
19535
5382
21470
54379
42548
59912
3193
11535
19463
44889
6694
13178
55326
66702
5309
63865
12741
14047
47664
63503
63366
33337
63235
57299
61377
28914
3470
17790
5582
18289
56286
5419
24447
37303
23767
59155
30787
1406
406
38820
42781
14556
33386
53605
51595
16011
32531
712
24434
51305
20163
51261
9671
49031
26874
695
33649
44241
56989
25254
16426
63273
58150
20392
28731
7383
48374
27860
34039
55049
21279
49789
57784
16627
34743
66175
63662
56412
43670
11785
26926
7837
59712
27655
48191
50606
41502
26170
52904
17382
52127
7726
26388
57582
66597
31617
57904
37507
30722
44995
7075
7039
32752
31206
65932
49899
67343
25755
58690
11387
46498
16494
10764
13942
3507
30280
13281
68536
35381
53351
68673
2414
5144
3812
43323
15701
29694
47728
21168
32623
46892
4948
7156
20155
61821
45931
30317
18695
34824
23062
34051
24333
7138
25661
36296
31264
19230
46317
49113
52258
42649
56106
55290
37515
14834
20506
6992
63896
2430
13331
6272
63317
15218
49570
8477
37656
53569
62369
27159
47372
56870
34812
12358
15294
56275
47441
15397
48352
40415
22921
34964
65104
14151
20831
35494
56748
29667
43348
31330
12748
10313
48061
31140
34011
16935
36186
47643
48428
38761
24171
64462
50997
60539
29897
49935
35154
121
61326
20521
23393
58666
39498
45566
33470
59122
37795
67945
34691
51110
34312
67971
21357
20939
30266
15329
24165
66951
58407
26226
59785
17505
28205
63542
455
6757
47168
60521
13957
13815
60912
16367
31008
41497
30209
21090
67192
31768
9712
11055
19644
36920
33223
62247
60167
44903
54622
53017
4214
7271
42919
51348
17772
63365
49427
9435
37909
64615
28469
14177
21459
67475
9979
6299
19608
5026
62261
31381
12617
60475
65492
53300
2451
53732
26520
36923
2582
55275
44125
44306
66410
26882
18587
9304
23993
64489
50017
8289
2507
44189
20518
55898
41088
9487
57579
25441
15294
17048
33120
15762
12959
16016
22450
40444
40957
43854
35461
67499
26493
66577
15612
23326
3574
52244
49026
25544
16932
14816
42716
54100
41742
39284
7437
63601
18968
18344
9957
23333
15373
65559
58159
26022
52156
10107
36694
35483
39902
34954
49339
59274
30786
15573
34893
11434
15085
60354
32942
36464
51233
30023
3182
17264
12049
22519
36439
61649
54054
59074
20772
42747
52417
39244
63534
46100
29726
33247
39388
43965
13561
17580
14726
11556
33031
1861
40998
21923
37268
4646
9348
13749
68284
26602
58093
35825
44120
56162
19695
41623
45392
56560
14932
32175
65831
22882
30648
32249
34303
48850
65072
9383
25898
1593
66953
17982
38346
64316
6450
27276
42902
45831
4280
7267
18929
39437
56020
37947
1936
62898
17634
56462
12368
49520
32657
13421
56530
14725
29986
36360
1988
1014
270
47771
22629
16428
68689
23756
24565
41349
173
31016
43703
57262
11949
5821
44852
34348
38399
18786
5380
5338
6796
1203
26851
9604
62799
30921
67855
61313
22935
4470
46330
32760
27211
16550
37504
15666
1689
55929
34381
12077
7620
24437
62412
49544
408
40512
3904
61058
17578
26011
46873
52878
24632
45609
55974
55161
62818
38815
65761
56739
28444
28855
28403
259
50370
61460
56676
55629
66239
45786
37407
35479
11929
7693
34960
4322
18124
23543
26811
64556
17193
56352
27122
23130
12571
6413
44499
67530
1295
32635
300
24998
7389
46229
12236
8765
31831
31498
1415
63459
17988
45210
53957
63177
46018
27078
13839
19704
13590
50047
49351
43582
67441
51342
15708
23923
64801
36027
12319
43645
11392
17618
5509
31311
17350
35079
22624
37536
6174
68890
62252
50736
45319
68677
6580
8365
12641
37531
28902
61820
15082
11299
67794
35676
35268
56617
20378
60355
4893
33806
24462
48108
33579
56814
38343
63360
9394
7439
21757
51225
51587
57017
20648
4294
52746
39825
65727
23848
10628
23807
55769
21316
20099
2544
6174
64129
43872
51038
50176
31185
31332
22082
18115
7932
46987
27884
34542
41263
9805
23513
55062
31612
48338
892
52918
35707
18610
30175
11100
55990
58662
29296
35555
23787
58070
20137
18808
17370
17000
33799
42339
63558
66530
13804
27348
20513
35860
4984
1911
63399
36285
56339
1566
34869
21176
50005
35322
7658
810
8262
16262
11707
22419
39545
67856
38925
18327
58019
32836
12083
19560
67418
3966
5136
4618
65832
45828
66798
61643
11039
29638
11917
54092
27334
65595
25863
19904
41609
45361
43336
17008
18904
48336
22674
19792
32678
5276
59839
58642
65617
37478
2112
22501
33409
10758
154
5857
57657
29958
34048
4506
43403
41438
48619
57199
36904
18159
46119
67366
49605
57582
2903
23741
56417
976
51801
41391
12467
2284
30555
26738
32432
42122
39269
36585
23786
26638
12520
33819
56372
36424
64252
24815
35321
10035
39767
64793
10277
31152
17465
10718
29803
4246
11157
32608
56502
32760
32986
32382
41515
65020
28872
11011
65347
10675
35813
5386
58063
60090
59079
18003
48652
40612
12316
34196
11718
56817
61501
62607
4632
40824
47505
61108
4561
13260
11205
29243
31538
55222
59906
63128
19932
36951
42623
58987
57383
53623
20725
14930
57566
45567
12866
63766
13158
62927
57916
43271
29372
13309
44527
26373
13878
66308
51202
40180
43841
21509
868
49475
68674
17132
4084
21985
6057
36441
50190
52276
12360
37641
52409
38807
38889
22776
35517
62439
23133
65094
49994
42211
58897
15395
49955
34806
27418
8056
55865
38507
62129
65212
35381
61635
64026
9695
23397
21261
40198
10502
20704
23403
30001
8268
27653
20036
56238
34338
4204
18652
22886
12995
26976
47845
2799
654
9276
1831
56161
61632
9131
43435
62940
11325
41244
12744
45149
23779
6810
15800
607
13107
46969
65115
14470
33493
23908
33694
63455
28560
50724
63895
18300
44451
31707
52055
22420
14690
58623
40276
1870
37352
49937
65106
34365
21565
20725
44574
551
17756
17372
30255
20928
25700
43030
27041
2644
5577
28011
62783
43410
454
29464
34404
33692
67993
34975
30854
19586
38220
52510
30808
49110
27459
33322
17699
46386
63583
35381
36920
50254
9198
7794
6276
6013
7252
8561
46833
20831
21418
28094
59901
35002
18593
25172
12768
6401
57411
10519
16215
17975
15559
3447
15936
55772
51503
50088
6386
54806
20119
53655
59643
61091
26308
11047
37989
22083
38519
9320
67470
13970
39829
57345
48162
10171
37372
10013
33255
31856
11108
56345
41685
50893
41631
64749
29712
61773
44415
1
44627
21493
50434
4903
507
53940
34324
14190
30437
47844
21210
66543
4125
32114
6166
54272
45036
22304
25876
27254
67573
37948
28416
63271
21428
61826
13449
43853
52443
28757
14510
35263
25763
67522
65236
313
46195
12109
59945
47996
25664
37901
14688
51809
54818
58626
39681
7798
28790
47927
52276
50819
61293
62418
8538
30678
43032
36881
35688
42482
12054
4615
29065
30702
32004
2051
68183
26674
49720
2001
31494
32141
17418
60586
38477
4025
30056
63535
68602
60216
62788
62915
8240
55248
63820
25198
15095
21954
38389
6685
1329
51848
61861
52295
8053
6652
56316
67147
31593
37501
57174
1117
4000
26436
68376
31263
64782
63302
16028
65676
54508
3282
61811
32400
57933
54282
27149
44819
26132
60374
25064
65092
40927
57059
4643
66794
52212
12643
68398
33406
958
13422
32352
18212
17596
44039
21860
16464
16790
12345
11241
56270
65029
41208
47813
13962
30318
11556
4341
46133
38243
61927
48660
34961
52527
3616
28133
4252
10523
23224
65670
4584
2961
41402
57427
48739
52820
46936
54676
5554
54770
48568
15085
39120
15368
43093
61120
58581
15704
51514
13432
33338
22409
31497
5676
34344
63331
3818
34799
5936
68366
14759
728
22493
15534
38332
30955
4261
41909
13228
45323
22759
50005
19494
27058
66895
57376
1919
64646
5861
50294
66136
15002
16067
47058
45416
40902
65397
30426
46853
62636
66106
26433
61052
33489
10969
49538
62224
15411
9039
62747
25223
3733
2844
49932
53687
28332
6846
58642
19368
52205
12846
22221
42587
41534
45446
15666
37840
62941
20691
10365
7742
13721
55696
14328
34490
5283
5976
19832
17195
39880
46237
1322
25380
26502
62742
45650
62280
27352
24738
18531
24748
45360
59996
3400
45918
26433
34503
64645
56788
9150
13200
62539
21479
59769
42163
29566
26071
52236
60206
20733
51919
59214
67114
26510
368
38122
60527
54043
1612
55634
3735
50533
27929
50492
37387
33811
35750
8590
36889
47231
48009
26539
46495
12973
18518
39234
31297
24321
35997
1167
26519
45860
65826
48288
40674
48402
50024
40470
56821
57628
2639
34014
13088
46165
11945
42411
9847
38843
34709
68738
30617
58139
29451
12034
54156
62617
56207
61333
38710
46155
11344
58144
5343
9849
26648
195
55650
980
59773
16997
58786
52008
58286
31871
43377
39343
53458
7355
27316
40467
55145
43817
38858
64335
17318
5917
48451
29434
21916
22569
66277
32858
19174
57195
23098
17033
66987
36066
48110
28791
52446
49066
67060
68947
67267
12970
56015
18487
20582
58062
58550
18479
15838
28238
1593
21213
1086
49114
10520
40605
46371
30704
39811
9616
46537
33796
56396
18223
17561
11539
34233
3438
59173
44811
48349
61218
11325
29866
54950
55272
50569
66290
32105
13332
2502
57590
11137
60899
60638
3364
44591
45429
32776
33991
20140
19346
8286
48519
9393
42704
5029
7255
41063
63446
67400
60612
49499
18953
44757
42933
31817
44536
625
44002
46201
55861
18535
54053
22519
55251
475
14935
29828
15983
10677
26273
30418
17900
39649
54625
8141
45439
3500
29957
66133
51212
1153
68319
38320
16770
37424
66708
35813
66994
104
58754
5922
55903
56084
58254
32215
3282
68577
50936
62787
126
53152
48164
57684
64482
35918
17293
3629
60192
62048
35551
14415
12162
51068
2233
5738
26172
2755
65462
41309
31521
44851
66407
40241
54437
55993
22782
47955
40508
59564
45641
39097
54374
12500
25209
52508
4000
3480
34615
36819
10048
29247
66474
5792
18413
57271
14175
51980
52592
41514
14613
41317
31323
29734
16915
34896
42692
65443
33489
33842
56133
27695
56648
67928
19068
29133
19783
17134
62274
6317
65763
32788
40899
61540
44498
32157
19633
14412
20236
47433
44428
927
34294
5739
23234
38501
45620
52932
6775
48685
23450
40414
42873
60759
61688
55861
43587
7512
47312
16015
26124
6727
26029
26397
56147
49812
54954
64081
43346
26808
22995
3031
67780
29576
51012
1768
62803
33483
27205
54626
55786
68955
478
40731
2372
31264
66693
51188
34792
3272
20177
18939
26314
67227
24281
22928
13510
21434
27167
49057
21851
39255
1418
48817
42810
16288
46580
8963
10562
49845
33098
30164
55290
5593
9769
57286
24554
67870
32747
30257
25638
4809
21653
53741
56783
29324
1292
49746
50736
61394
54356
17664
24178
9365
2141
56875
64012
52739
36834
31110
53315
15399
26951
44624
34266
748
5862
3587
57214
18013
55342
6793
42481
5055
17521
8073
55033
43168
30353
59976
20236
2384
13934
32419
52354
20397
37566
9960
46310
23934
35337
3885
26730
32781
46208
39216
51887
46007
35202
4853
56550
51472
46299
34126
61206
9655
25665
13405
23090
22073
30780
23844
57766
54193
67793
4030
45766
24373
50707
60030
7307
47515
32935
709
19187
17899
42458
41241
65364
13950
5081
58217
41628
2596
26396
44053
46168
52628
26152
50666
29687
20276
39225
30164
38187
39112
28872
47035
54083
13991
38534
14768
6968
40961
64805
36049
66338
53276
46407
14384
9917
41462
10406
50794
23334
10189
23191
24731
3652
27194
19788
6838
42669
60748
41932
10
51862
65017
11664
46377
59558
39927
35077
68882
60255
33121
36090
32278
16218
38725
15109
43400
17815
40258
19742
4205
22182
11983
52967
65362
67861
7086
64310
60533
46550
29463
45225
41596
37435
44985
34757
68122
1409
64715
42675
19472
15335
39721
13536
51904
68721
4674
7159
36516
38293
52230
50173
55965
58385
47069
56224
49928
535
27963
11549
514
13775
37959
33221
62285
44711
53690
30427
60178
57185
52533
40036
35686
3657
46836
51955
25426
46674
47711
9977
48282
3844
11358
63198
66439
13731
66044
33230
45703
37455
7613
8035
49570
3012
63193
67954
45264
20981
52179
63637
3278
47626
31626
59693
43744
66443
1102
20465
33976
17872
25079
62935
32404
4975
64383
46638
23086
67992
44040
10478
44709
27808
50072
16628
45856
35441
47025
4086
46251
21850
22005
32311
21834
65896
56294
66256
25138
56937
39204
64180
38695
10480
5559
5749
68944
48690
42156
58088
58255
17684
64357
13610
6060
9559
33713
51326
21761
59249
50707
25964
16792
29873
63325
53311
54769
52095
23621
3243
64368
21390
12016
3880
52315
27622
31779
5720
55017
55906
21641
62457
44341
26131
1575
29368
10250
23567
10659
45411
40593
17010
54418
63728
2125
49639
57600
46975
28168
26731
27539
17824
54446
49894
42512
25651
14759
55694
51431
57107
44722
36770
25187
64037
57901
36865
26729
29595
10922
3820
21466
44215
3859
63558
35563
28422
14221
5647
16370
10724
11954
13103
51107
49613
35528
50589
26616
12375
5080
50332
26751
2074
67953
28623
36077
68136
27243
56273
8560
49911
53631
62659
41187
47984
1947
3163
23706
55571
42220
21109
54981
43225
1500
6313
12594
60261
7779
65593
33171
50672
36169
17228
15958
61881
56481
18268
53667
34429
8449
28713
9472
51096
19751
37520
17288
54752
17750
43491
13563
54505
50926
65438
49519
25971
46985
9699
56828
64557
22305
66131
38788
29172
51159
11658
29017
53460
34742
20773
32081
12969
20054
3443
52733
52194
47709
46965
49015
61459
5519
23276
58282
40526
54390
9469
26035
4662
51262
48907
62828
29927
8919
13401
8418
25037
27781
66082
55652
38663
52788
11287
38676
1223
9732
1860
33754
56386
58668
18832
37604
25950
22723
5664
50650
42109
61634
32135
32685
54517
46766
32971
37824
53737
50137
46446
34310
41071
48640
41767
67979
13950
45639
30142
3303
