383
4440
7217
11339
6601
11568
9522
16910
8811
1894
22844
15224
7510
10004
8798
1759
1543
13109
3461
13804
17426
4207
12811
17957
12217
7404
16129
9187
14565
3468
22102
16257
21808
13608
16688
18752
13001
14101
1966
2632
2902
16722
312
16927
18656
10568
686
6663
14024
6902
6830
7496
11416
4070
7105
15626
1956
14432
5661
7820
1262
8576
565
14998
3249
1462
18627
18263
10310
5395
2760
15196
4626
21171
6643
19366
825
15083
7149
22135
11827
7943
22166
10096
21540
16936
11024
22322
98
21697
72
6951
13503
10405
2949
660
21582
20551
18017
190
8539
158
8140
5693
20171
74
14200
6121
22651
17415
12560
13536
6540
5869
11649
14394
10251
10161
21786
8129
2607
7188
15784
1728
6332
22726
3338
10638
8956
14495
10108
10295
14957
20418
1806
7240
9782
14470
16676
16813
10955
21274
15217
21376
15847
19612
20092
12896
2745
22566
6637
7596
13184
10221
18953
3658
16920
14551
9704
5633
30
13001
20032
4423
3344
21939
21547
3552
17981
8281
275
11268
18596
3782
1541
14531
7681
13703
12523
15983
15266
625
14380
6934
4368
13160
3238
20291
10776
21301
17380
5432
18905
6890
9650
7434
17968
17118
6661
21457
3494
16944
17944
4739
16604
19281
5872
15628
8381
12667
16641
13131
15209
19592
17498
11180
20715
2408
3548
16597
15208
19698
10400
9176
6095
4150
2181
19364
18624
22773
17249
10576
15413
7750
14255
17749
10133
19062
12703
9583
18647
17059
18843
176
8612
20053
15589
5489
15485
18202
454
7382
7460
16572
7137
3148
19142
22352
18022
5945
11805
14182
1875
16400
20172
17184
12109
8512
6940
3994
7276
16465
21148
8372
10820
1426
3749
17606
7376
16409
22531
19953
14049
15464
11511
5862
12452
22344
13265
19621
8401
10589
8227
2540
15687
5430
8201
5274
20846
7159
11149
5655
9508
3101
16791
5698
545
7333
4345
1910
1670
12625
22400
9226
22824
7056
18086
1532
1651
2993
10653
17385
4161
22028
78
10835
9450
5
18247
16992
14349
18837
13771
9363
12868
11255
10836
4257
21957
18660
10187
729
3821
16860
12808
13801
15936
14914
7917
11506
17507
5074
20852
17903
3147
6529
5146
8335
20142
16601
10619
21373
20630
14552
8524
10480
15798
22956
14263
8796
4093
15805
17185
3484
5624
10791
15344
2057
8492
18274
2792
11340
9673
2496
17741
1468
20010
14418
5146
9893
8176
21527
19864
11221
9222
8586
1042
16900
10344
16503
8853
13576
10733
14963
16165
897
10595
9861
11467
12111
6225
4324
2338
17031
4671
9750
15945
16916
22210
20409
6987
18864
20477
18322
7842
17238
8401
17137
20858
3698
6796
5461
2761
5800
16559
13505
3132
18806
2370
17898
8333
8087
15594
22700
1297
9501
21179
9576
16493
14442
15496
9772
18345
19379
3063
1615
16349
1786
16402
4823
21368
20494
19824
18681
16287
929
8770
8796
8378
18414
11225
15027
10914
20605
12868
14221
4175
876
16879
11035
12622
10859
5984
20669
17304
3868
19019
16329
13893
5846
11638
14761
15447
8509
17806
21128
5236
15679
5672
11624
5755
597
19244
2675
2239
19716
20931
10709
2505
11839
4665
12602
12399
16803
19253
19257
7827
15942
502
20588
2263
10325
6552
20571
820
19969
1356
11508
8722
13957
141
8018
1802
119
2439
15303
20631
3984
4178
16574
5074
16370
22652
20434
269
1197
6100
10316
3183
5702
8186
15901
7486
18428
9309
13721
3187
2048
22045
2228
21335
840
10774
7676
17980
11248
11814
2802
15070
16071
18733
8958
592
5033
10947
1822
14115
14910
12304
2706
13256
8998
8461
6463
9047
6679
13288
17847
16936
20021
11204
11793
18319
20484
14783
1491
3109
6469
7549
11208
1201
18939
16401
7287
17365
1768
8940
14594
9373
16257
18462
20583
5810
4931
6185
2447
16548
18409
22822
21720
20967
8547
9863
21026
3180
12668
12051
12386
10265
15000
20608
4086
21811
7624
16050
11270
12430
2292
2522
5763
127
13812
13666
2031
12529
7730
11884
7168
21411
3735
16698
10714
7563
14417
7529
15000
20972
685
16471
2079
17827
8823
15227
11463
16960
18036
619
2071
2399
21224
7000
16580
4013
16464
19063
19454
15880
8382
8521
5127
7832
15701
5353
5560
10210
17224
21109
10865
7571
19507
1606
9621
22152
15749
3586
2312
14172
6201
13857
5974
1684
20600
16540
13730
10644
10924
19913
13143
19588
12651
12411
6742
19885
22078
8607
21845
214
11053
16497
20912
11459
17353
16117
4975
6820
16998
15193
1708
12148
9307
9495
10415
4104
2704
11529
21520
19783
12874
21005
16736
18281
10325
10056
17796
14320
519
21679
17622
15627
6205
4176
17818
1402
22724
17271
16099
19619
3286
22804
4352
2963
22896
11802
15318
21984
1508
3995
22026
1915
1327
21550
18011
16563
22128
10251
16674
16252
14012
7621
10936
10919
9219
3846
18674
18307
9296
18921
1219
18273
21490
2872
20654
19845
7970
14701
21631
14800
5080
15894
18237
450
11934
10921
5877
2389
7937
19511
7270
4957
8096
15566
5277
17996
4890
9127
14005
10290
19576
9806
11380
13217
9396
1415
14541
15310
15781
2493
4685
12388
12376
22629
2684
17866
1381
11810
17347
9629
14123
20666
7332
512
2384
38
15498
7871
18640
1463
18926
5692
6073
22435
8611
3048
15386
18662
20278
10243
21830
4789
14998
6927
11873
10558
3780
14703
2493
19636
12751
19925
11609
18999
7983
21880
16783
12840
355
14788
6465
4329
8121
22460
20335
21179
4522
13426
21271
15041
5856
21559
18889
12882
17132
12670
18878
19836
18456
7787
7789
2788
19782
13154
8537
10082
22067
5793
7731
13600
10508
10343
111
15123
9371
5966
6925
13299
22238
19259
19231
14365
20796
14055
6130
3143
11228
9446
21275
14731
5285
14452
2383
19053
11348
14367
5046
17583
18829
11080
18774
16948
10265
3659
19968
7056
6119
22598
21440
22294
235
17735
7670
16420
18168
5077
1036
5857
427
15072
4060
9039
4421
11141
17632
4772
5789
20034
12781
11042
6824
16248
12924
5933
22613
3205
3118
12844
13498
15081
11276
14425
9676
20577
10704
13924
13735
6959
3476
18028
7603
1331
3549
15612
18567
17826
2547
2644
22148
285
1344
14398
22352
2053
842
8145
16998
1017
9391
21588
17023
922
2748
15800
19311
12222
13218
18247
11302
3456
5094
4267
761
11657
17083
14286
7804
18128
11125
16257
15327
22477
5293
12545
16474
18323
8900
17124
22606
6379
7998
554
2802
6997
9541
15854
19399
8794
21607
3082
11736
3541
6917
1362
15793
7392
11400
10330
515
22466
4266
17217
17529
14686
9558
19390
5954
7231
18190
19945
9827
12335
4927
5691
7136
13151
15451
14935
12311
10648
20442
14530
5706
11313
6582
15278
9671
10642
13162
15938
22053
12916
20309
15990
9941
21403
9281
12481
14491
10948
15131
2333
3919
12120
3926
10211
11796
19579
7161
5872
14277
15958
5473
7953
20391
912
4292
8891
13527
12107
22140
547
8208
1395
18643
3116
13656
3817
15313
19551
14361
11622
13952
10124
20023
4483
22184
15494
20163
12045
2260
14813
11515
13622
17487
16077
4739
21254
20116
9932
19516
17873
19962
10489
13183
5489
20040
12616
12879
14404
17074
9322
10512
13921
19712
4257
6160
15404
5712
4656
20760
14473
18527
16641
334
10405
19625
10793
15923
19712
15482
21190
12348
18806
21472
11632
4191
6325
12064
629
15428
4288
22841
12831
13
6658
2032
5936
9084
10927
5961
11198
17111
22612
19743
4553
1730
21567
1737
20968
7170
8857
3770
18324
18225
10279
14178
2493
16683
15240
19910
10144
14068
2025
4680
12602
17900
15572
20180
5150
9376
6575
16553
3962
14461
2537
8840
4136
4723
3719
4365
22096
5909
12021
18639
5363
15289
6384
13597
5090
1600
16167
7502
9604
6539
3746
12821
13911
3247
5955
920
1710
18679
5586
8939
15121
6237
9820
6038
3979
13069
16659
8000
3812
1582
16512
21805
3982
5710
16285
12459
4740
16033
17751
7246
21422
5061
1841
7315
8034
20013
1028
22311
821
935
12018
22068
19287
9844
15594
22916
5653
13540
9237
20853
9551
3372
4183
16906
1761
19213
11713
3170
9608
21074
17108
16808
15442
19246
16824
7190
5935
9615
13746
19806
5591
19355
7795
20686
2481
3957
7573
10119
9875
18340
1914
16546
21559
18401
16469
17512
21578
8026
7081
19645
17472
3432
17272
10024
14179
21777
21915
12490
7051
19995
14641
12168
13887
20502
14219
11758
15577
9573
21276
18514
6576
9441
14589
371
22607
15385
1134
828
8619
12017
369
1824
201
22414
2289
17187
19070
9204
4992
20507
21752
8596
4461
12282
12137
17598
18700
1409
725
17431
2952
4818
16617
2590
19764
11234
11363
6176
8319
8297
5776
8262
16109
5384
12032
6145
12450
19989
16270
2386
19057
8958
9259
583
14547
14080
19475
6741
15676
22626
6183
6487
6663
1619
9001
10817
12329
15477
6655
7339
11107
11484
2886
4445
15385
13711
16551
2148
15711
8314
871
4518
11683
19589
3881
1631
2582
22765
20062
13065
4741
13549
3077
15297
9364
11385
4845
8324
19857
19070
5382
21382
3046
13513
11120
16986
856
13139
5196
22403
3853
9333
18839
13813
3802
21382
22052
9
20154
9750
14768
13580
11427
19518
8625
22675
14595
4703
7032
4700
8648
16099
9310
9668
9132
4891
18691
7409
11335
18790
18913
11179
743
5339
9839
19644
12914
22700
16818
18416
19804
6239
4597
7179
4868
15706
8697
2030
16664
17673
8327
14574
12513
399
10818
2873
12450
13079
10707
9141
18626
21574
412
18279
8825
11696
19501
20749
5142
11459
9885
12633
19175
9875
16832
20274
10082
17099
1911
22160
20544
1365
2934
15412
4418
21406
8238
6642
20923
3553
17467
18036
6677
17550
3336
5828
11951
7119
12269
13965
6636
10063
15235
110
6711
13743
14054
16181
21802
3591
21753
11900
4670
13829
20456
14939
2405
16645
726
4562
3723
12613
11247
8136
9051
7795
9192
4709
12718
17373
979
17496
10926
20653
19062
22430
17104
15671
16922
6552
19992
19840
6658
15391
7991
9886
11898
14231
17551
7534
2198
10269
847
9982
11708
6814
16305
14527
2042
22894
3977
2406
793
6226
1593
3175
7164
6106
10119
18590
4425
10494
14480
15004
16109
2452
21917
22355
11527
5188
10019
12431
1746
19000
19938
22392
6270
22506
6035
22199
12233
17836
740
14789
3750
22927
18576
12603
12247
18392
9207
4961
8247
9205
3933
2407
6232
11456
13230
20577
22371
11277
1511
13930
22639
8270
17632
20481
11040
18409
6717
13440
11064
17986
10540
10655
17252
282
17329
11492
18909
8356
6164
13436
17655
7064
16188
4147
3166
19294
18293
15212
9875
15064
6037
19037
8983
12876
19853
10610
5655
18125
9147
15253
4037
6029
4307
13879
19159
15625
21262
15630
19368
8137
987
15642
12397
58
10217
20469
7459
7802
13167
20975
3947
14303
18386
7851
5031
21445
17574
20842
11558
1386
12800
17242
17675
17352
22656
8930
15196
3950
14332
9917
15518
13075
11879
616
3526
21432
18024
14066
16426
1153
22271
16471
13518
768
21210
2401
7851
477
11582
13403
14954
9854
1737
20867
16102
16527
10956
2036
16303
14367
12382
10909
17898
10535
12996
19890
1933
1735
2548
17381
17585
14110
16353
11608
9273
22101
10041
7233
3879
15473
6657
19546
10198
4156
7002
484
22674
5327
2597
12241
20531
20638
18866
10315
112
15840
3806
339
1055
15609
8667
18609
1811
10085
19769
6237
2519
4940
8154
1153
17599
16661
7163
19795
19159
6712
2751
18882
770
20395
20982
3668
5956
22624
21322
22969
18339
20202
5722
4040
8992
8043
10551
9996
16108
19707
3251
11307
4413
22823
13602
11067
21640
20811
14289
4393
7720
1573
13467
14080
8644
17456
11987
4026
7655
6129
13587
6173
19881
18114
13051
1957
9499
21433
9013
8882
2752
3708
6100
6774
11863
12963
17573
6981
10868
22841
15110
22089
21198
8865
16076
7033
15187
20345
16528
10022
4936
7685
9409
7634
10389
12843
22629
7381
18397
14679
15912
13933
3859
17211
20400
20969
13175
20212
18143
10394
6440
8315
15951
1823
16604
21646
3324
3603
18531
21003
9402
16261
20578
4224
9904
4588
5947
5578
4364
21277
19033
22097
9662
6483
7625
12932
16473
19249
2236
7774
20059
10902
89
21084
18214
5990
9175
1913
3527
5017
13384
10105
11292
18867
21202
12630
7491
4583
15135
8674
22813
21616
7036
2138
3977
12566
8118
9003
15957
11873
408
1988
16047
854
22881
2664
5457
13667
7747
11670
5235
9176
5310
1599
14179
20419
19123
5051
7359
17160
12477
3720
4019
5604
2769
13448
5782
18436
13374
3077
20055
8039
5023
16636
13549
11796
12870
15916
21451
17521
1339
12601
1675
14114
761
530
13137
16786
1690
20219
5424
9233
18041
11887
11330
9315
1557
15077
4417
16704
3525
8574
15579
4677
9854
22369
13754
150
7042
3755
2673
17758
10587
1110
17218
9885
12389
17933
18780
4452
13218
15289
7282
3096
719
13747
8831
9633
3723
6983
7181
846
14527
14969
22598
18351
19673
21478
22649
3503
10923
20354
10374
5323
6848
11793
15997
5187
22887
21388
5031
22445
1648
12395
20416
7176
21843
8193
19213
7251
22160
1216
1704
4578
15200
3650
20498
14850
14163
19273
14360
18187
5587
1651
7654
6039
7334
20206
15831
6010
3865
22220
8599
8224
21447
11603
11232
1229
6001
12356
11744
21669
18303
8973
10180
8113
3829
3277
3382
22298
17568
2548
18513
16182
6568
10781
18893
12396
14920
9249
2830
9837
4912
22648
6135
6353
940
15054
9748
19771
21485
9929
7381
20499
5877
18874
14846
13878
10648
3767
22627
3963
19918
8260
21889
5300
6708
9858
8592
15111
6506
13437
5300
17048
18336
3773
15443
16726
20642
1041
21473
7703
13531
18706
3086
1288
20749
4044
11266
18356
14190
17612
20959
7048
13110
6165
20452
1585
14485
11798
21330
1867
18122
2368
3814
2760
19493
20734
16559
22553
14206
6374
21290
819
11247
20310
20833
16777
22780
12884
21499
19209
19403
287
17405
5534
286
2028
4013
12866
18462
14389
21023
6462
9745
4196
10640
16575
15692
12888
18752
21630
19668
7290
3709
2813
7277
12479
2626
21081
1150
9305
21846
456
7444
3756
8977
21424
21818
4610
5522
2594
17506
15388
4243
2969
17582
18958
