42231
31413
12546
20047
31787
20669
32680
25730
21448
22149
23336
25799
44096
27780
26787
17637
38556
19
5059
16108
19367
27871
31200
14038
32067
35011
40876
20312
10441
24389
44878
18140
32865
33611
28772
10100
28610
7242
38017
9813
42171
20851
27702
7518
29128
82
27261
6563
15176
42628
14040
7834
10779
8125
9672
35145
2889
18188
2642
17010
41982
8635
44947
39589
8266
36710
11068
7208
28588
14511
43225
33213
34542
14588
23196
11184
11139
22414
12087
19788
32117
43399
10886
35553
20308
18895
43746
44475
1793
10618
28689
386
41592
24337
10059
26898
12380
4684
15984
35567
8628
43745
24517
34998
7723
18092
20838
22842
1717
30083
9397
18826
6798
36997
1584
39820
37301
20726
25201
35512
25965
9129
38303
16315
1084
37395
29809
12423
7867
6936
21819
5763
34262
23108
3553
29220
27591
19128
31176
31136
16587
3886
23836
15154
20214
21235
42524
19111
12986
39409
33298
23516
20482
25774
23238
23258
23572
40804
38946
41591
2349
12942
40280
8290
22975
29339
34512
18427
31702
41722
32078
27997
12512
19899
37848
11561
1250
26550
2845
16127
39343
39858
15528
33755
37179
32996
24820
33026
3246
39289
37170
32744
8533
17778
15933
19512
28258
19652
44263
44839
28059
13920
23828
26773
14440
15285
43812
6401
37134
21080
9014
6519
28264
12486
35896
43977
27422
43414
26547
312
23989
41934
15003
9309
20862
31048
23245
24896
43795
17272
12169
30323
12747
20805
19574
3549
37415
21385
1149
30567
20381
10319
13045
33092
18106
481
22933
18225
23701
10258
2025
3615
7206
15174
29884
13969
18749
29812
26428
23758
26079
6262
2458
37813
20954
26917
33616
23200
43602
36595
30214
35063
18773
30598
37117
23241
5936
37270
20652
10305
25005
40804
19753
39931
21332
10550
7375
15577
24973
32747
39581
27215
9448
8904
15288
12335
5380
3532
36271
18106
22316
37750
10756
43716
13576
40665
28882
13883
35007
30714
15993
195
21145
33422
2422
39896
20547
9298
40432
11578
42964
21824
36518
21294
15508
22218
31844
1191
3165
1279
35757
28488
28409
10895
20682
7188
803
9933
21544
20436
19145
14904
19335
29861
28967
32101
5246
5468
25991
37517
21500
40598
42892
37111
9946
25960
22135
32738
31669
21575
20608
29376
36663
44045
34478
5146
32221
12650
14489
20220
7323
10467
35204
39509
42322
33897
22921
10926
20676
32928
19421
36828
42119
4610
44762
22740
43445
22944
29691
25402
18197
34108
466
34805
15841
36686
18309
38642
37040
2593
22752
36876
11918
30153
43780
9021
13752
28348
26300
9676
12564
40194
22608
18843
16308
24370
32202
19107
6579
37194
6838
39494
3280
26514
15279
9449
19472
94
37269
27060
25928
2831
17474
34336
31671
43124
19747
39955
36418
25050
12652
14387
10362
23757
36348
32293
1592
26314
14600
16776
33616
10371
16123
12219
6283
10501
35035
36224
32966
6738
17511
40692
44320
20566
7996
16059
42001
12120
12959
3493
3918
22511
31909
15383
41002
18854
11158
29103
5838
23678
3055
8376
14440
13774
2127
42557
31745
145
30457
26422
30280
27125
44729
18141
12389
39771
15730
35260
16784
20184
39571
16476
33280
43135
24938
22564
36631
16976
18520
11636
42810
26649
26157
10845
4607
22504
28316
24520
3919
13066
4279
12799
1475
42851
21893
20348
38683
41354
31016
13652
25360
24816
7307
27855
20379
41038
23752
33166
10975
24440
22880
34426
27186
30521
26740
35269
39889
35404
9160
28927
7041
33516
3951
5768
24681
25673
28122
38116
22916
16855
15369
30056
70
18005
29876
13072
11188
17687
39603
20834
44789
20057
8778
23834
14095
37872
17656
32875
33482
6110
20671
15935
39362
36906
5174
38444
27264
29298
19129
37675
9079
25990
1506
27965
5476
43682
42617
8772
29326
39896
15383
44459
12109
2511
23192
11795
1784
35924
27991
1451
29590
5547
15131
140
41158
33954
8215
38446
9090
44498
9624
3386
1334
36499
38631
31606
23527
4299
25950
30174
32278
41043
95
11981
9779
14135
7624
39775
34327
14807
31931
16042
25617
20806
43850
16025
7722
15854
10864
36796
44997
32070
35122
18904
9830
10
43868
31382
9587
32125
38296
27283
37559
6950
39801
13956
19531
41556
34029
25747
34224
24654
41329
21410
21552
18308
6391
27747
23218
15428
14707
16673
29363
7634
42459
11415
8770
25743
18828
5107
42516
19124
20313
119
42958
29163
39687
22492
35641
16114
15492
35699
31408
9958
19973
44321
43493
28752
10535
38445
32761
43350
23989
28866
22586
1984
9192
22980
28574
43749
17733
26849
6566
1146
6856
5613
39431
9119
44630
31841
36082
11430
7104
35314
19418
16801
19251
12993
2077
33110
14660
21061
4420
37649
38610
17489
12493
16119
25060
3610
44360
22882
31737
2794
16382
9894
33478
33938
17660
40254
13865
7472
32768
1276
39285
20252
27995
29660
39175
28136
26396
6483
35324
23268
27958
41937
26997
9284
6583
24920
23155
21847
30265
6536
9685
9859
27054
44873
6480
20018
9572
29636
21038
26387
30432
33246
27255
38487
2839
20666
34036
10337
9167
6514
30091
17161
7275
43258
41364
6293
22046
14169
18969
16132
16047
33941
39660
4017
32691
35145
19803
40544
39321
42013
25655
33224
25942
13555
29299
18405
4489
39257
28295
43089
26040
7784
17315
44270
41889
32320
29593
43066
27541
14861
19275
9760
33702
7867
36964
34479
35042
17417
37747
35233
19775
12565
24385
5706
24766
24636
2532
4635
41261
26172
24524
14874
18052
26424
18890
22760
21978
25103
20865
4942
26279
35849
1588
13245
1225
7479
29647
8137
9277
558
11842
21697
2123
27480
6184
44525
34365
39975
29758
24380
21176
21486
21046
34186
6736
2343
28179
35778
34770
18330
40743
22750
20466
144
19816
18104
10997
33013
28306
17563
44833
28475
31662
34147
16785
18233
42135
37174
42429
25112
43829
2549
774
31869
14339
34547
9662
29911
25915
24681
4622
14839
26225
17108
27569
3599
39548
38060
15302
35185
17489
13321
33411
38469
29370
28420
4340
36398
44124
37143
3811
8161
16206
33746
32514
42531
40717
23283
540
5855
39804
15841
34305
15104
17137
38325
22416
18729
40875
22470
19175
25487
25823
39840
7973
39711
19562
12720
57
32689
5513
29654
25132
1801
10444
40223
5696
40982
29137
34885
13388
23712
28172
40310
12288
27851
740
25902
7883
42139
38281
10954
24572
33914
22354
28426
22021
9901
15147
41442
2899
23304
27139
40581
4298
43537
30163
19119
32038
5472
1930
34605
26548
18744
6366
22195
30814
13986
44310
15794
18830
2623
26050
37411
31330
416
1724
5069
43509
16236
21624
16479
27727
43197
33293
43802
2426
42447
41128
15534
33821
2134
28414
20040
17782
17523
2479
34893
24440
16914
31178
38357
29093
22876
8571
37542
7556
1348
9906
29564
32283
22255
3885
8082
35216
30301
32205
37016
37305
13663
32398
16778
30764
34516
25615
3600
4624
43500
26090
43199
14498
39823
24094
19331
3484
29979
13863
20343
20591
37481
37959
8891
38506
2115
1286
42265
31195
37220
22045
26116
44385
36212
19169
41501
28100
27214
5930
6091
4333
22671
32547
39758
10239
293
7572
8928
14327
3282
37946
11217
16047
15668
4577
1102
27717
4923
42128
40870
12475
19678
41714
4384
17968
32666
34405
34603
5684
6088
42715
7932
25168
20217
22030
1446
21443
16344
19865
8425
39762
26341
42841
21361
399
43818
17474
39810
22834
5019
39646
19661
36565
42447
22280
13354
3840
30789
35679
21082
22358
7037
21582
21615
34447
27237
26168
40498
4060
5340
10680
15801
38345
25423
20407
33355
40028
38581
4103
36761
18308
18392
19988
13955
15580
30267
8195
12676
29127
21994
19450
1052
3638
7715
9094
43976
41557
27112
35124
22463
26363
25685
11759
28347
27840
32620
7112
32082
40161
32834
38380
22977
11102
29909
17239
31452
1461
32597
37278
11116
18056
31797
18794
14253
24265
25629
15408
39699
42349
36548
12366
40657
2334
39895
19960
27157
15179
12152
29640
32267
21082
39925
30916
42845
29366
19391
37314
34908
33372
13771
11422
32501
30342
12081
12627
29379
28930
32702
20128
30172
20253
13832
10850
36091
36777
10181
26448
14930
20614
19113
27372
29578
26541
44882
31621
7185
39679
18217
3369
28230
14235
9272
29711
21443
10087
3066
7434
15048
3414
30411
22642
39392
34296
6478
3109
10794
10487
44877
15147
22423
43573
18288
6927
19290
34955
16165
23913
3457
26181
25464
33192
12543
30401
7007
11317
34019
44174
27621
43730
9792
40785
37193
34322
10754
16018
30554
38290
35122
27573
2777
30533
26862
25821
21651
33301
40688
35939
11545
42789
18585
37740
39294
5124
19730
37608
20525
12699
27271
7814
42445
27736
32745
27878
18314
36427
11302
32887
15760
42693
38998
26062
3862
15105
6301
26856
34165
41179
32264
22
41420
34373
8798
21055
43698
7592
22300
29269
22759
1342
4621
22965
26598
27782
44684
11433
30315
29186
20920
36139
3117
36723
27147
18775
18344
18492
21878
16491
22851
15947
2245
14771
32601
33500
32210
40580
20477
32712
43025
7811
26711
27851
23744
14294
44325
42282
7088
30455
11432
6859
35460
41753
22469
21279
13661
24779
34388
2586
36839
2498
2280
27724
9388
43028
24947
5495
8427
7486
39421
39448
18605
7926
26138
28763
227
12893
502
39728
17479
23636
44421
4922
11038
2871
23538
42861
39615
7463
43212
5607
40347
19490
8328
11431
2745
27549
31719
37738
9404
321
19006
44357
10811
38291
6412
8141
43957
2262
19971
35658
27654
299
8070
41474
20099
37512
859
36633
27038
11431
31108
43550
4406
2869
41192
42058
18583
17491
29530
29201
4217
12673
22699
29722
4895
23838
14968
42571
43311
42445
38282
30846
5633
22761
9758
21176
4053
39088
31433
16568
22966
22774
13306
42325
42877
32257
17884
16095
17099
10209
23902
5056
6982
21450
264
7924
35887
39738
11812
9539
26686
25902
27407
37263
20891
28153
13467
28408
7690
34516
35610
4365
10386
40872
30281
28750
10762
15264
9526
1269
38168
20860
6192
13434
44496
9464
610
5365
5389
11756
12027
25975
29663
7476
38525
42561
33193
27072
17479
36606
42453
22006
30946
2621
26159
35050
12269
36710
7075
25055
5837
24741
3243
34608
24764
30500
44729
32816
35580
35875
38030
42903
20512
19355
31661
25285
18440
43281
24014
337
39016
39118
6898
28627
18203
42434
37992
15336
17041
21224
2971
13131
41698
28261
3048
19336
38470
6194
27879
10156
9219
553
13821
13760
7785
14797
2835
12869
26989
3330
42792
37577
23840
699
40206
13895
38996
4194
32579
20909
41010
28746
25630
40895
11331
13544
6955
26912
32089
27880
37733
14177
19585
13316
27183
14506
32720
36991
33167
5910
35911
16728
23464
19867
26572
38362
19091
558
39742
33744
3601
4005
16709
39710
20648
28334
5499
20538
38567
20366
23131
39666
41535
33499
17677
23423
26624
25210
291
40438
25437
22517
26011
28735
43677
13252
440
36919
2903
43988
9439
12264
22793
10565
26300
10145
709
40006
8607
520
36633
21499
2887
14219
20169
25022
38488
24646
22155
9588
42188
26814
16743
32662
6188
31244
38737
26319
31385
39694
21172
4710
26987
38703
24509
5393
20652
29719
32641
44201
21946
42477
8516
28885
7088
39720
39543
34383
21073
4533
13365
35259
12032
10099
25802
18349
34814
9794
22825
35009
8488
36354
37464
34126
35437
24160
6874
7836
30257
28179
3049
2941
3721
44325
42645
24944
23932
30253
17294
41464
6961
23961
41042
3827
33875
8432
13659
7534
9462
30262
41312
21070
33636
30376
21214
21089
15521
2879
5219
25499
10359
4306
26512
557
3335
20116
15816
30287
18997
925
30281
28070
12302
30429
43637
30569
23937
31970
709
12957
4791
32170
32091
14097
17624
43628
22219
34372
6788
18433
44798
41177
30762
27721
20882
29172
22992
19375
7585
2559
28888
17246
27811
21062
7291
7589
23099
16777
15230
32341
20788
1359
31493
25324
9902
43982
2256
8290
5817
28273
27201
12329
19308
17011
2422
5089
9331
11296
21673
14313
5051
13891
18121
2466
40658
17242
797
12573
35672
38470
27173
9581
19276
38678
16229
44415
11965
20186
2951
14134
12078
23189
8180
1995
25180
15916
44663
41897
26255
19308
13309
41342
31490
41504
36620
16478
40393
19247
39039
41314
15583
5060
37156
22430
38265
15103
37491
6136
32019
35473
44227
12731
5268
38501
6090
3891
30312
31585
36600
8484
3986
31652
43153
27763
2676
10977
11277
6734
23981
3466
13518
20439
15053
12088
12214
8811
4800
28398
18530
29953
23780
12006
43390
36358
15033
17587
37942
7758
10741
32118
39471
18253
35785
27276
7936
33691
20283
19147
18656
11125
6520
12733
20421
18384
1910
34318
9822
31153
5771
25728
28790
33000
9286
21782
2517
29491
44616
38813
19901
36935
32710
27222
25462
44489
20862
40831
36110
5514
38268
18194
37169
7073
13712
20118
33208
37266
7861
5329
30161
41764
18184
6871
23348
32145
38003
33604
16885
34054
27269
11469
10818
35354
6440
8637
40690
6228
19743
35715
10400
40940
6050
705
32155
276
33824
6943
43028
36672
8559
20990
8972
34400
10130
39713
30447
28286
38536
38453
13032
44427
31469
16617
25993
39124
991
42776
34680
28273
18671
14219
36377
43278
21018
32412
10156
29139
34507
31622
21620
19974
38911
16184
24049
31960
36597
640
40691
1205
28264
44
16931
17685
12426
37603
26247
13839
32303
42810
1690
44198
17338
15931
8886
22843
37712
33072
38663
36689
40751
42062
29093
25392
13707
10140
12333
41601
32061
1274
22445
19209
36648
3782
16250
3065
6186
6705
30992
29449
7867
28104
32605
30909
14845
38783
40306
12063
24159
3257
3711
30876
15104
27250
41482
11747
2669
36237
41580
25976
2375
7529
5240
41631
26468
24958
31905
15307
36240
94
7966
15590
36615
44038
16909
16075
16682
15107
12073
36359
22188
18346
21193
28174
10792
27288
33847
3146
24473
17304
22218
35126
41549
22179
33169
35713
3063
18177
15059
21406
26504
23645
27256
41360
3401
9047
20221
23595
36303
44395
21408
1014
11115
44783
7361
35700
4821
835
19249
31473
31012
25800
24602
866
41613
38394
5211
11349
26766
36306
17470
37064
30334
9524
26815
2997
41803
6648
41387
23283
15543
26196
27523
13416
42831
19070
18459
9338
36257
39654
3388
22813
15210
842
30106
6806
43178
16788
9730
9670
39557
41726
924
8299
3198
9270
39729
40321
26401
10212
40658
36165
33965
5528
13444
9809
19325
37536
26435
10243
37738
28687
43362
15857
975
5242
44085
27631
9080
32083
12259
3673
12615
3865
16379
22484
39628
25367
1753
7966
35393
13544
3373
20070
26784
33844
17041
17006
23769
38043
541
23437
35683
20105
21969
21417
7926
28315
14310
15913
26971
38285
30561
41753
18225
16733
3133
8063
44237
19186
20588
23226
24837
18263
42314
7186
29401
16692
1590
21442
31462
3811
3661
178
5616
20600
34357
33921
14740
33297
28707
30464
11743
15773
4465
26922
23799
27753
9056
40039
2012
21189
38549
16248
29601
29414
35267
15012
7293
9220
7430
15769
6513
12283
3175
5543
32142
23600
8457
44550
25916
33361
16254
10752
4201
7
43382
34344
41732
4815
43550
18746
36325
37907
2505
29676
19587
3696
1141
29290
13457
21905
34109
13328
34318
3016
43846
5320
7543
39180
39945
32707
1091
6167
41660
43388
8211
10398
8061
26848
13549
16396
42924
44378
31220
35240
5323
15115
32237
30386
43589
43558
1599
23709
29432
8265
36128
7358
25656
27568
2465
41202
44625
29004
23845
43494
20089
11569
19107
28088
42857
19293
11765
29907
41334
42516
5469
1776
9175
19568
30739
9599
37357
42045
44733
2357
20882
13667
40364
27279
23655
34980
26438
41325
4119
16302
5350
37114
44713
30923
27324
21056
4942
19435
2394
34984
9408
1763
32388
23831
3058
29111
32163
38116
19322
25947
35326
15557
6655
44791
10069
14930
33305
36368
11028
2417
29252
4427
11849
42856
18912
6269
40178
5970
30385
12647
27870
32184
34517
35205
23054
41865
38111
28892
44927
3492
26840
28571
41799
30410
21364
25731
40761
9577
6352
11656
37823
7490
20942
20250
12643
8332
36298
12365
27530
35074
22573
13259
8861
38503
33195
43316
14053
11450
15267
9956
25267
1676
42538
25635
24282
15806
12701
8065
24418
28512
13137
37888
4449
43564
16480
40076
959
10489
38907
40149
13694
13868
40342
30581
30020
35600
36549
37709
42287
1838
38937
5506
16276
1024
16966
14421
20372
30031
14532
4288
24276
18460
1920
16443
30439
8227
30071
4167
16554
31012
11991
40218
3244
28828
12913
36945
33391
43368
8358
8092
9175
30969
28029
10474
41750
21707
36327
14037
24738
27703
41495
36873
7244
30537
43561
25326
31654
25716
33494
18702
2272
43024
3329
18432
34534
30510
7233
37313
7930
14978
42396
25468
19745
44023
2060
401
22741
4633
40240
3185
16831
39908
10018
7530
29286
37474
6464
34957
21312
40689
14946
22029
44092
386
29015
6298
8346
26694
28611
19163
4920
24035
35793
43147
23426
32876
10537
914
39732
42239
38239
3484
17047
11216
16656
33038
42078
19931
25521
43628
9995
43415
43005
4720
7843
36661
36179
36886
30195
35376
25922
28794
25854
41318
10562
43043
38236
3693
30145
19353
32520
27721
44654
4497
14102
21529
32989
16265
30871
15889
15912
19575
41434
34282
42966
28500
41697
33030
34362
21990
14237
21040
34699
25211
31615
23760
33459
21681
43573
34068
6551
26458
32605
1266
21986
14725
43688
36161
21350
37424
30390
41016
19016
25009
6738
23086
8695
21276
44385
38041
14360
1182
31125
41314
16553
21913
11016
42477
20072
18656
25983
4662
12255
18314
19102
30135
87
24699
35106
22766
13998
12262
41526
17115
23591
18119
12645
18056
16860
32804
44736
12377
16122
2524
1637
28538
42960
37480
3341
41680
41997
36686
14352
37143
40822
26724
5408
27091
30177
13473
34174
12595
15426
16439
44180
1959
28775
36621
33216
16818
1689
16049
35042
38450
3178
44339
31563
33196
7549
13252
6594
22589
17958
36413
4963
9452
7151
9180
13030
3219
44140
1137
20474
34667
40685
25079
14140
9495
11701
39687
44608
39529
19795
43230
34394
3785
21660
18118
1818
25500
4099
27914
38810
44041
17607
40914
30029
27783
40079
3335
6173
722
6076
22976
43161
13876
36155
2971
10697
41440
28950
28720
40984
28410
12422
8919
17205
6522
23966
33842
25350
22767
15471
10117
1962
44576
37660
32257
32448
7653
23313
12824
40657
30773
32117
1946
22055
3625
18913
20886
42233
17893
28828
12861
404
20791
38164
12417
33583
40936
28891
29667
4691
7367
35284
37601
20277
33925
32320
28701
6330
25867
25866
9355
33718
38103
38571
37787
20824
17126
40834
27956
35901
2987
35204
28338
40496
2221
28523
34470
27059
32911
23175
17676
11293
15881
3486
11522
21560
9092
505
11660
8333
25619
26356
1276
11791
36869
1033
28518
25568
19046
30891
10706
41108
14021
17826
8899
15328
1321
33519
35444
37414
10428
25869
43466
22809
30994
19546
14165
43871
14834
37761
7352
3295
9267
12758
24632
23104
4330
23997
23569
2260
30407
7999
39491
28840
23464
10290
38332
35841
31453
29323
36071
17740
25763
3707
17330
32153
7012
2643
10101
22909
38859
1877
37814
18507
22061
30881
14882
21623
29451
38313
44822
5935
20588
44482
115
28566
19848
44215
42176
20125
10503
41235
15593
41880
7295
39291
4677
34923
25836
3798
11014
15703
24946
29946
33898
16333
18959
37084
12462
25670
44596
42394
40521
3332
3121
33609
36630
1809
4232
22423
9228
12138
16113
2860
30200
4887
44381
35290
2122
3186
20071
21630
9101
40001
29436
32762
34791
4538
36451
7824
36712
36146
44568
15733
14928
10401
8058
43151
17017
34230
7452
11836
19660
38499
43625
14273
39255
41557
16832
30916
12924
27218
13063
39647
33725
34430
39284
2570
16010
19540
22471
1147
4053
24014
23747
9804
27181
40138
40011
17737
37215
19793
22809
39164
17804
1556
22177
8151
16411
39333
4757
42237
18910
37543
28794
10814
14226
7195
43079
11254
16616
26033
16853
12312
35600
36311
14090
7644
12270
24345
21824
8450
13164
10733
37907
3473
14663
15817
33919
15017
38518
36052
10175
38833
19877
4637
4098
12294
4760
41892
7680
44577
3418
36284
8931
19588
10662
6145
35001
38641
42964
2083
19325
8518
34309
8799
25861
30729
10754
42127
13678
34435
35774
21237
10067
41988
21885
33401
20333
38828
8812
41324
17284
2817
35487
43097
10148
42306
24265
15271
14883
15927
35342
37981
21838
27194
11053
9867
10251
38334
19897
29264
24978
36802
8311
4941
8364
18818
15737
35294
3725
17635
24921
42088
10535
32977
36457
5700
35691
35431
14343
21886
35916
3169
36087
2234
41351
1073
25440
23476
19034
24341
6040
28290
22334
27970
6723
42840
20727
38751
38287
2536
8816
15192
19787
4580
875
29972
34438
27809
5742
28278
28227
35714
30642
4909
43378
18582
18924
1312
34026
6407
2606
4498
31163
36608
10432
44341
39048
20634
13800
14718
38641
7675
2345
28109
12998
37699
23599
16288
3368
30100
31144
41507
44746
2366
25694
5758
24692
3157
30162
1930
29920
920
26770
37073
38789
32886
23635
11745
37617
44830
8066
27517
19900
33867
12115
5609
18727
21682
13429
6135
23731
6618
861
23267
31167
18519
17886
35031
225
31715
27923
14956
38237
13922
24323
4574
10059
44528
26435
10722
16011
20537
39369
28934
30259
25524
14012
8797
9049
1293
12857
39718
26205
590
43577
14145
31150
12841
12030
10117
22540
35444
31804
11120
44501
24578
21668
4724
44465
6818
1123
25995
40760
8214
13498
25879
25180
26971
36287
15471
10585
26887
2368
44018
27232
8236
7840
34793
11603
21383
18273
37293
34955
10693
15801
8877
38629
8123
19866
40913
34907
40561
26809
19248
21518
19450
4433
28682
41089
33226
7816
30091
23169
34205
30190
36253
19017
20760
28109
3304
23787
43598
12124
8441
36960
13089
5038
6132
5631
17715
42064
33375
26596
39631
12008
38253
15848
25217
15785
10812
22575
38391
30106
6036
14679
13795
974
19404
42796
25558
38942
44442
13728
11594
34523
33742
7160
16524
24736
22604
18130
6668
3195
36204
15690
23250
10468
7136
12075
26799
11182
6001
44226
14805
13683
27502
999
44980
35077
21355
44637
29666
15078
43498
36889
40422
41768
30520
10415
38826
20001
43126
44231
35898
2279
9554
33119
43293
10033
15690
8106
18383
19326
30429
24478
44272
33630
34750
28491
16477
24062
37317
11407
24441
14665
3892
32671
32423
24146
43747
18032
35943
1639
13344
25052
9458
7119
4158
15447
1324
22035
25657
31017
11254
44746
6788
2478
7892
43695
39271
3913
20481
13029
13712
43327
16405
16091
15748
15352
39617
42235
38243
40280
23631
7652
19061
27067
27696
44719
9557
5928
41891
42910
18880
22204
27479
34184
41234
41423
19310
370
17845
18180
15702
4704
5327
31689
44332
33896
12271
37151
43135
29495
24419
4243
13191
1709
43098
40459
29736
34500
41521
20284
40263
19326
6068
23296
39791
15020
26682
26261
42792
21067
27053
23112
35750
31288
7581
19105
31673
40997
5337
21904
41238
1723
14649
8589
14297
25135
39738
32821
40877
31953
15495
17697
6298
1607
7312
15336
8538
19321
42642
26516
24448
19974
34251
26906
25941
27140
12888
3979
16984
28636
12533
38456
11257
32779
44247
1794
37163
33844
4922
27391
37556
4436
32339
38401
39650
17966
41985
6840
899
12652
36924
38888
5033
20175
20889
2581
39640
33261
19002
22506
1054
26706
31935
33833
24998
19890
35251
10925
2456
41234
36861
32172
43984
43878
38736
2304
24746
957
25802
7548
1639
33089
20118
6452
19007
21818
33654
39877
17475
22618
23768
22195
11613
43683
11163
32090
32655
31581
8047
25772
35420
3715
18623
6816
13647
34341
9500
27868
14270
13929
30375
25513
36938
32698
12066
14397
33958
31419
13475
16350
35154
6453
3614
44674
35163
37339
37822
23740
25728
21119
32560
34345
18163
37613
37085
19744
19770
7429
31834
1183
25258
35230
20061
26642
36367
31934
44221
41823
41554
13566
2238
6381
38872
11834
20328
7851
12322
10478
35036
31813
28326
292
531
9672
9514
44651
6146
39623
43768
16601
4069
37486
22338
28632
21167
34060
38635
41079
42651
12910
22640
23887
24659
11397
9602
37374
8754
21825
34352
22577
256
35792
30701
41409
24642
9855
44267
35152
19962
12369
28187
30166
2434
38813
33051
2460
19937
9385
26418
17721
24216
8205
31563
25642
7980
9771
39563
35300
14656
27802
5496
36318
6462
27169
28065
32866
14970
35632
2708
39834
13146
16690
9392
32479
17702
2736
6664
34116
35064
34775
16031
29113
12456
3929
6406
42172
5775
8209
2168
353
30390
3048
33791
1922
19747
25596
39213
40642
31054
34048
30056
37956
3278
4207
39346
26809
44331
24946
5196
44541
15864
19585
44583
38667
28943
9102
39399
25263
16448
41725
8205
7201
16024
2912
4455
14074
31994
14350
44614
31070
3996
32331
3891
26770
6201
29467
32534
28295
35566
37512
8757
1844
4979
3740
40334
12746
22993
39336
25930
1672
41786
32674
44141
20623
39745
36181
23638
18936
23719
23282
13895
32234
28231
38813
1505
36919
39703
39130
31984
10462
36307
18686
20790
41083
29864
43427
20943
5778
37249
32099
18865
31379
35625
2837
4373
8400
44663
41148
44206
11474
16471
27845
38613
43120
3738
15289
40231
5897
37148
9161
2316
27105
34766
27848
25876
11064
34320
37554
33039
19312
16221
22698
43521
7237
21618
4824
36945
31839
17060
42314
34189
33266
44853
27897
1716
27223
41707
22493
33103
2451
22605
1723
35005
12453
10955
44426
28793
23629
20585
30717
15210
44264
43391
11330
27655
44592
5296
38569
30101
34952
6581
27665
22390
12110
25942
32588
1879
649
1444
44707
8039
7289
36590
29548
16615
13461
38550
10471
10195
37136
7006
19096
6371
44941
41285
13551
8454
10826
22944
28084
10012
23161
13687
14021
42341
6168
30621
18
5356
44810
8859
6015
1810
38383
26290
7840
17360
42142
36698
11804
21780
19443
34780
14752
33503
23556
41993
26813
10370
43509
41933
9371
32450
23755
25516
38364
44503
44782
14479
42973
2820
8623
4554
44879
38068
24737
26941
1228
27754
564
25205
20109
30786
18068
42174
17848
16522
38680
22288
19479
1431
29550
11644
42948
8877
18189
28081
21688
8558
33954
41158
29859
23198
21508
41070
22637
30577
18403
24980
38379
22770
22642
11137
23470
6144
6741
105
15389
14815
15134
14862
3738
21209
33242
28959
42642
22823
35176
31330
22622
11256
30386
42033
30879
9244
15084
34331
42102
8197
1977
21810
35313
30027
40492
5036
2170
38267
44668
11016
17066
34563
22945
14967
27218
27268
12995
17997
23058
2580
42515
19722
3034
24752
38577
30218
17525
39827
36611
589
486
14669
439
30827
11659
36834
43391
9488
40918
24429
18412
7888
14379
23665
5726
28183
4979
42453
12647
32111
18726
5410
37823
24735
8808
5090
10786
17669
28266
20598
7886
43520
12137
27851
27249
29932
31268
17211
24535
9194
16870
43188
31608
20067
28220
11919
23656
3586
41969
1062
25785
12435
37052
44939
2595
20172
43147
19834
25475
26622
11593
17842
44529
29519
44539
36061
731
8776
11184
41817
35407
16510
41374
12762
10422
13288
2969
8390
30068
23451
17207
23981
13828
1933
22815
3323
42465
16164
27344
35300
5767
36002
38918
15715
40727
9504
19119
17918
27289
15964
25251
25569
24300
22128
39682
11973
1289
14872
39463
44045
20214
19432
18970
33229
8486
27208
23764
31064
17013
1925
6243
33068
35169
27988
34422
7476
33021
1206
26394
21586
6927
30987
40386
8694
33385
14476
40453
39200
7365
18001
5417
22918
22817
20548
21574
874
14314
44608
27358
28876
25508
10425
36704
10023
13191
40497
15563
18354
3190
3380
27552
25229
9529
10297
5600
23590
18459
31830
39452
35783
27542
41983
11484
1782
32865
43594
21935
26553
15243
9898
37249
22219
2586
37645
24819
96
5636
30764
18379
19289
9647
1048
30908
12804
31684
7987
3153
26059
2365
40162
1275
16095
32279
43597
20706
936
44483
8199
27600
39220
18383
38169
19433
10179
14746
13342
23831
11299
17372
14842
25202
28532
15763
3052
5748
17417
42506
2085
32994
22761
31092
35867
13918
11514
27670
22559
28201
13210
37747
519
22799
22105
41913
5969
5563
12406
27856
11790
12289
42164
42075
24014
1218
8312
33999
6061
13202
32730
26232
13569
26621
12638
25715
5991
2192
25262
17134
2930
