870
2140
2532
2029
983
2911
2709
2246
2275
2522
2846
2104
597
451
2031
2670
2806
1795
2606
2679
246
228
1958
2323
1652
1332
322
1923
433
1402
352
1172
238
2932
672
2168
525
1442
2627
433
1373
2027
721
923
1904
803
2778
2093
1447
2741
1630
35
2021
1755
481
2299
2600
1151
2342
441
2284
996
740
1610
2065
2070
2030
2529
29
1291
2324
434
741
1308
1006
1881
1212
996
2929
1342
1046
589
2210
1999
774
785
1536
2745
492
2331
398
1293
866
1978
2766
1379
2189
1943
793
1374
1209
668
378
188
269
2377
1122
991
1654
2780
150
1693
488
1948
1894
2305
359
731
2183
2323
2675
1181
511
2843
2673
1553
2416
493
1174
1987
405
1417
118
1347
1266
1659
2587
510
1553
1290
1386
486
431
2230
2088
921
1141
2891
2730
1675
2193
1245
881
1425
2253
1095
2459
459
1815
2131
1358
1509
2760
1816
64
2347
65
107
99
1206
2294
2340
1788
31
2510
159
186
2806
2643
2842
67
2399
1452
1137
2410
1866
1819
788
1725
590
1440
18
619
2882
2507
1037
963
2575
1241
1993
47
1189
1134
666
960
1569
913
1633
2866
1352
1565
938
1984
674
2243
1694
955
613
1605
800
387
2005
1494
2509
1688
1518
629
1781
1986
1302
248
593
2741
2137
2036
2696
2857
2953
1771
386
2109
1794
2007
1056
2011
488
2842
813
1959
518
1224
2557
2241
1956
1860
2329
706
212
7
1732
923
1577
1680
2302
856
1164
2765
2226
596
380
2895
741
718
81
2852
1366
529
2894
2165
1588
2802
992
2952
1945
2802
887
992
145
515
921
2432
2950
848
29
55
2876
717
2546
1092
2860
