11851
27816
67837
72863
75355
6210
34492
62531
53677
72239
43357
79789
84830
29456
45105
38239
88502
88099
1879
76622
10657
33281
51960
40549
33514
135
32872
76992
51034
62998
2032
318
76294
85441
64665
28937
22862
28147
15955
68038
56762
67474
84291
4067
62255
87676
26419
43714
80791
40828
77411
38169
88351
68225
36749
9938
48866
79276
25638
13982
28714
81435
7489
22017
18910
18415
46597
34226
56391
29278
53935
22442
9421
29654
70746
44086
66071
24159
75058
78394
88744
8820
50537
45452
51404
58230
37865
60947
50313
36612
39840
11482
59643
57826
12809
69036
32376
22517
82750
65565
27114
80145
75019
56859
7778
30631
37831
25648
66626
45967
47852
11525
46627
15053
76045
86972
67909
23515
75295
82682
78733
38371
33288
63127
40160
43895
80156
19987
45182
77519
37831
28199
81570
6382
27061
44870
6838
43442
25636
78086
33443
47182
87667
6078
60030
31126
9580
12813
19637
34902
15372
31188
3841
58662
82612
57914
70966
67118
38672
8819
44494
82290
59372
34924
51236
80875
3967
18477
47779
78098
18063
16835
50199
62121
27548
19745
39963
9112
39785
85538
88769
37113
82132
11126
53569
81593
9183
61527
19625
13371
22031
24639
74474
60034
41834
37367
20403
14306
60606
24718
64647
70260
76252
17668
56153
19829
57083
78986
42448
29281
45288
5545
43253
56281
26939
82715
74281
71239
50046
14105
23452
6665
34374
40506
67712
70530
66108
77397
55308
5137
15789
66292
9716
68187
42813
12981
38062
30780
18883
29013
85303
34141
46942
27283
38860
70898
81157
81319
85101
82156
46611
36685
77835
68878
48849
59594
74706
69086
51118
3498
3850
85330
34554
87307
73719
78275
1152
15793
37137
69171
43057
67423
55366
60815
83661
15943
85450
81025
27789
54942
86489
77868
31708
23743
49475
22804
32468
10090
46214
46210
48652
82217
1338
17802
4447
45695
78341
46761
35936
82285
46007
35894
78793
20579
37487
51811
13284
74239
56228
11000
64112
75476
35057
44068
51693
27706
86224
49929
71818
7766
13655
1163
14643
71751
70471
57381
86833
57220
36864
26065
23418
7973
14203
56785
67823
42532
48440
72470
9500
78072
65446
20188
55570
68694
9265
63552
49264
57259
49029
1319
58497
1107
24208
20877
43030
2191
44870
38487
33076
49791
51854
32301
65848
21252
8002
38983
61815
46104
25196
17803
72627
72941
35563
76152
9591
70102
41781
29475
30811
630
55126
31251
87803
59043
72959
22699
86665
51503
37322
62155
42332
47195
51282
71547
71040
61527
17903
7158
21180
30442
574
82015
63747
29523
2096
43402
66922
62490
43129
63089
67177
28022
11560
70313
3933
33308
12743
36913
25321
67920
63984
14655
41460
62732
34575
74991
51782
33522
22703
16768
78572
22799
75028
13357
3987
88118
47624
18861
73817
45445
82817
51687
15830
24552
35319
71349
58418
70521
62859
74676
37625
59729
24707
78334
29769
64438
49579
54764
31284
75472
51909
59435
36145
37377
81513
16369
7156
5441
83487
7372
82494
61099
3121
11800
47511
49568
2078
81827
45431
19470
44193
80135
989
72404
6912
60819
34655
86853
45841
87606
34896
31446
70342
19473
65991
85454
77425
78160
21940
56049
58995
43117
29821
12145
75869
51000
41351
25657
15986
15751
65801
54719
38028
20502
61633
35598
68827
4636
45538
87509
19292
3746
38549
248
12598
38407
75916
19272
14160
49421
13750
70754
34205
72226
48148
19353
2290
45620
6458
66264
75870
68885
24298
28000
3848
31182
59898
322
63383
52227
11637
7187
30610
36779
22007
4745
27472
30058
27266
71397
58385
37020
61006
10727
33396
35496
48645
3976
39746
66127
34693
38289
34191
16632
67470
27990
46313
8034
47243
65734
82592
59861
82397
14593
48782
37653
54611
15190
58008
72436
83054
41712
72402
25090
58313
32133
44986
73596
31102
39579
39778
38998
12723
48831
30192
39934
86915
29163
80923
60991
1296
62523
652
87478
13807
15533
37596
81413
40820
74611
57972
49810
3892
10006
31750
72043
77834
36800
66499
5296
3689
9805
55198
17964
9032
72623
29670
12649
8923
13205
54562
37624
12238
28336
58692
17066
844
29370
55927
17878
29606
84731
31309
42856
70512
25721
41609
8377
46733
16643
21044
25329
40602
80594
18139
29222
22872
37421
14293
31423
15739
20215
12378
12953
33824
38775
11614
41685
15755
5332
35173
22013
24182
20835
40025
87105
157
4182
39151
66419
7054
12851
82768
60211
14847
79966
18747
5255
88208
52916
8072
32682
58727
25637
10191
13967
14098
61213
47102
131
64926
69055
57849
31005
64742
6342
66820
53835
33744
34578
81628
37138
52962
54579
80780
55505
86594
58846
10836
69787
27787
24313
44035
31767
7202
747
43293
14270
11912
54189
72831
56376
11651
33616
14559
387
83845
2090
8249
40361
84709
56344
42820
52372
20292
60465
8156
88649
78928
37044
15936
39887
23093
19183
25275
69546
62882
11286
6720
58736
15559
68428
69158
33408
53140
60745
34427
88386
61276
80560
56653
21902
87568
73380
2755
88013
50184
80943
46467
67622
48869
34990
39845
80198
9594
37523
16211
82399
45881
36112
25268
81931
970
77982
50702
73310
43477
20760
42785
2742
840
37231
71491
67432
10165
76778
21958
27239
77547
53089
46765
66771
31317
86319
21389
37676
76463
82145
32513
81506
1092
80415
13981
84843
29493
58806
46596
72520
10124
39744
68493
26628
47174
34513
30264
16273
78687
63030
82911
44081
15600
9100
77775
78430
43259
88562
48870
9510
44943
74621
10118
77503
24167
24830
61327
70547
85660
15185
3259
74080
63595
82909
55699
71215
73770
56755
8135
74686
69851
25101
73475
15476
46083
29868
14669
29793
17916
14534
56186
36544
51190
66266
87160
79218
13005
33465
11070
68543
11756
41163
20504
52779
42271
10563
58639
43403
31382
20656
12325
64259
24781
36329
41374
75854
58120
45085
14402
11297
69612
24324
69527
82660
43409
48861
62155
75646
36372
72188
8791
22908
7208
57527
41335
31637
11452
13198
37821
20197
29352
60870
25430
40580
51241
53440
28132
16915
17580
6738
18395
76794
65583
42705
14799
63065
19107
36577
73626
361
12958
80116
26732
12285
57188
57931
42482
52163
31358
891
18065
39297
15011
17886
13693
6069
37210
68789
58602
15870
29682
784
68659
82520
62513
80514
65032
28184
61352
27883
73522
56341
10224
33827
88946
4175
88149
19968
61120
17719
75320
8061
47112
62929
5539
20239
47262
3498
46870
65420
47402
12355
35790
88026
85678
37143
50005
65418
48941
24583
41853
63303
33078
20407
31685
62967
40541
3581
68638
45157
75475
21605
9975
62711
79028
8196
82669
69803
24102
50095
4927
70249
68081
60447
60061
7413
22682
1619
38024
73909
58505
6610
18332
55617
65051
10500
62683
18867
69154
32083
12219
85460
12455
6307
3239
21567
76706
26411
47188
6767
69017
61912
66001
2113
86244
59885
79682
51077
10369
39240
39846
2215
81674
77179
44971
9396
27100
14838
46948
39131
79707
29790
6729
76713
25049
88100
15284
18745
41806
45316
1236
11886
43666
61128
10650
44406
39509
4161
46601
68422
69087
50306
1643
54308
3947
43465
32958
83445
44374
9818
64429
65667
85750
51249
67226
17249
27917
40124
49466
87263
28565
21171
56401
43221
33117
52045
19908
53958
20330
63408
22862
32379
5353
50060
30210
69664
61736
29605
16343
55631
65596
12676
23010
78439
71781
12353
33820
3120
36758
63814
54676
30150
53273
74066
76960
9344
27095
67177
55309
80420
1989
81725
25078
72361
38114
37772
57160
16176
62605
29789
15068
2695
50171
81351
52094
78371
71158
8793
62411
25226
22281
77264
45703
69035
79271
65944
48676
7546
38468
46801
75471
21484
28755
17029
31788
79603
61935
50020
62961
21574
49526
10837
36288
70433
5678
65825
40846
87212
76283
12805
16545
8578
39241
51420
18591
46033
5148
72598
72169
71056
47375
17322
82982
40562
24977
67635
82436
46390
22403
77425
88145
80840
77422
1967
50056
63984
43978
37189
21871
66605
70082
33930
75196
39933
42787
14919
42672
39364
68562
2266
57420
67606
2765
71310
60632
20698
63034
83756
13178
69318
9699
60696
11308
881
77547
16778
63582
86497
80579
23190
24802
24178
80997
37891
68943
39207
87410
12277
32117
55672
12575
35088
29784
88656
32049
12778
85983
53241
17657
61634
61475
18438
8611
33003
1629
78605
49400
2119
26280
81416
16148
36386
15678
52079
71090
33365
34727
72203
8723
29490
55459
62777
86301
36443
74625
3025
1464
16730
47120
54394
3332
71468
63346
14203
302
82623
18241
82097
9929
5932
3442
7272
11585
66187
28806
21176
30955
32347
6526
26070
32433
43050
60279
15611
20314
47575
44795
24589
51125
86745
8215
55232
28005
11371
34876
44233
768
68832
78412
25239
35050
58349
78454
59862
85592
83279
49597
73873
15278
86761
72090
74939
88977
28425
30970
2219
84832
6496
14451
39106
56973
35213
71376
59305
63290
88798
61027
39828
81807
87786
36114
19965
66391
4749
83954
24518
51610
5280
71368
8663
13318
85836
29535
81832
10334
307
41107
71955
54845
38660
42772
80730
85947
28353
966
63528
80046
80150
74245
47471
66964
55416
11278
11613
45581
85664
61697
73283
41805
28131
81099
51869
24383
6903
71271
73631
66277
28212
81452
57681
61483
51020
45130
36497
7980
51888
40502
57242
15733
85457
68237
7150
413
16480
65086
75789
23534
81706
74591
6666
46005
31372
33217
366
59884
18615
36880
65548
58210
959
68106
82984
64976
71222
50106
39613
25460
30512
68020
30393
71090
42706
42080
41543
47638
65932
13124
45792
50047
79457
51337
37239
13845
79679
56416
23792
10267
45343
38717
81900
9031
2746
55417
79100
78039
84061
48486
20232
29990
22347
30372
54179
72419
9350
34097
82364
79858
58794
86580
13563
43684
58782
59170
64445
61066
58168
72122
7783
35039
76643
1875
70963
23003
74151
29853
62626
39123
52590
23636
23462
9606
9798
35105
77330
18763
41544
34932
31417
19974
16228
86940
43072
38489
64895
46086
85977
52879
53250
17892
35941
35212
34848
66708
8197
40040
48092
76050
64460
38770
88628
21496
30268
32361
16510
64697
77748
82470
88837
3637
41276
76725
76944
64670
58469
11011
54767
56186
60823
43209
66443
19105
14655
88550
31721
43998
55661
29843
19355
18931
10600
61799
74731
67133
38070
13179
25189
36534
24076
77176
47072
40545
6247
33484
29144
6880
77836
60316
77171
52777
34770
59227
12837
13879
2234
58873
78355
44693
48928
75159
7025
76893
52513
25382
66512
16038
68064
41375
1176
13957
17271
2349
77853
32210
55030
21966
32169
43483
25187
58137
56614
44543
47103
40354
28878
30336
39537
68577
16721
44155
649
80640
67194
20004
51011
31715
65359
47682
84181
59689
18299
74881
37631
42017
26169
70847
67718
2520
15447
58062
71365
47727
59773
16008
56585
17849
7392
76561
67224
69450
74704
8590
28565
77539
30322
30083
43706
23921
21618
39042
882
82799
45473
40648
71009
32760
10463
76177
48259
14686
73246
73636
65814
13248
82114
58825
88342
79629
46392
18574
48555
9704
16954
26617
38280
18364
68717
81688
38666
31094
14479
28052
87307
42282
84056
32692
21130
19662
68500
37614
23489
26979
2922
11352
76275
18049
63260
40357
30784
65506
57315
2323
71270
59767
3118
192
11309
30710
69127
40677
11839
46493
44610
59243
80243
84720
62883
2090
1085
63807
33747
52729
88275
25595
11670
7407
806
82711
48180
4440
25323
78579
25323
179
71741
39419
36581
3400
37305
79998
26691
63687
5198
3250
8790
12611
57583
56541
84061
68390
36406
82975
64256
22934
84766
47747
27480
68453
18093
8156
16657
17790
61132
57420
14981
68859
48373
26264
42006
85108
45664
36807
31767
21538
70002
68753
72415
20969
2058
57053
73100
33147
71553
33066
51176
32810
40158
19511
3234
20886
29019
71710
63052
57772
63095
40986
50820
9439
72625
19322
83450
35440
25085
8694
40053
29841
80855
68126
64346
80104
73353
86578
44138
45511
16274
88300
48998
20048
65862
56418
65722
60509
14932
58271
55755
47221
66864
41561
34110
81555
82581
66661
1319
6873
10334
3310
41891
87250
72457
22093
16050
80020
10200
48131
47108
86508
87438
31625
33087
77116
12363
61040
69034
72487
20772
88861
2937
79501
36826
668
23502
49050
10789
34077
25328
49681
20300
76372
82675
27847
2148
78290
36724
78450
28611
32962
80518
71383
36383
70550
34758
74282
41248
34430
58223
88320
81183
22154
73331
31985
76866
38536
36416
26234
58589
74071
10586
51718
35566
38212
4866
2532
72220
57201
16243
40276
75573
21987
65996
21932
4099
14517
72471
40431
52339
35256
16574
39164
9362
25092
1564
71172
48811
1416
57487
50269
32233
70501
65568
13892
34798
6473
74692
7367
69062
64007
9683
62400
21051
70275
52810
55886
86565
38203
18223
56478
25341
49145
50033
33766
48015
25846
4273
69458
26026
25049
64680
64600
8974
66428
7687
15325
36224
4575
13981
74923
3196
21590
75137
80402
79744
12293
25908
79706
14921
28340
29273
68507
12309
68854
71949
19100
48060
15899
2181
55504
47155
5558
11352
41918
46406
18336
16866
71871
41130
23843
68393
85283
51692
86163
5336
47404
51041
84630
51470
26308
32507
58221
51554
35691
60325
58162
16613
57256
16948
67265
36676
67880
19490
31916
25161
73165
83319
2190
30357
42949
79366
47881
41076
12772
73393
54514
4389
58276
16194
69290
7444
42016
28320
35336
63765
84280
5362
29650
37831
60799
32803
47107
20635
71264
58306
73894
88808
64719
30204
23464
87101
54740
36112
79724
1426
48738
36463
33704
49395
40141
23743
82348
15537
87930
40042
75683
21447
17384
25463
35329
31630
68620
64469
78429
66037
9092
2119
84345
26617
24625
43329
69236
1901
79055
62726
26352
24622
60288
39939
13383
79046
5932
23235
1312
26435
8629
73551
48552
64962
74167
36817
77268
71069
71901
73846
28539
85959
75574
81207
74264
62128
35415
25362
76260
18274
17970
33002
73346
20158
43395
79999
53732
21459
323
6714
37236
85284
75350
59234
52468
24829
68480
27156
14775
52362
11332
26787
81040
27932
64124
50044
76128
66297
30852
5668
12390
73815
38617
31176
81478
72364
60824
17361
17556
47173
24400
31914
71601
20057
54385
4191
58964
57121
49214
87620
25165
69791
39094
73447
65954
23216
84193
4363
77364
7648
57630
35337
67868
23056
57553
84525
7447
11710
20072
19923
20233
25145
29887
21453
48965
1422
84954
22194
21314
36933
33552
316
76794
41666
75335
38029
48716
10440
9114
4887
12153
50848
55447
50711
85852
12322
11932
84333
1330
32094
6794
54835
25464
12850
7586
4224
3188
75192
69060
25527
43764
14090
37111
21457
39379
27997
63811
49043
43898
65559
22705
77165
955
17367
62172
63225
42088
29424
209
61828
69746
59489
21169
4684
23238
17196
14023
82470
953
26985
77765
82347
68485
39334
56409
49950
73763
68861
53381
23357
11456
36130
82828
75489
22717
80663
88904
45451
70542
31823
42041
16245
46684
20355
67920
16587
47053
17676
43825
71828
61641
4766
78383
9457
38896
57868
78569
2160
30495
13078
2314
42301
29810
57252
6927
82374
88571
11870
77361
59761
11936
58570
74322
76677
33283
15752
34420
51402
58723
48085
20957
18766
10375
41650
33919
62364
9835
6145
56579
6715
28443
29868
44686
8040
44748
21122
19292
70313
36802
45134
71753
88480
8004
46605
11415
69824
74628
46988
841
3310
41666
87540
85989
29687
11480
82827
51312
65050
77689
41192
79212
4298
47514
34883
5461
27227
78050
9310
56617
12734
31134
7916
1509
88122
11541
46709
20324
25993
14666
5611
50210
9108
26952
20652
4687
11676
48168
64452
14568
84662
26421
85822
53543
73378
75769
55622
32442
85513
77104
39951
34841
47640
9626
60356
45081
28013
61927
5525
88206
4653
46562
31824
24181
3455
960
27353
37575
36073
79986
35768
67697
71981
66045
58918
43024
71919
66339
58467
8074
48334
59482
68294
57768
11868
36075
79426
128
58692
36933
80226
63863
65175
84992
48065
55444
60363
83253
70824
56703
17169
73570
6333
22064
70457
30388
7532
29156
78140
11685
13685
7649
76158
81805
87289
71331
33502
73500
15914
17256
44347
46573
9079
41053
72596
11871
27593
22876
4468
60021
52940
7925
81553
40493
82277
6617
24616
25958
79077
48469
76798
81418
21223
55475
85581
40027
55068
74677
28721
66
53192
67827
18094
54770
1600
74660
25752
5915
61243
37088
83487
67131
194
70844
82517
53302
71269
26631
54788
87342
7548
28057
75273
3351
51478
40100
72535
29849
11450
46554
5698
31384
47816
71278
14521
48776
48370
68623
37135
33449
88548
13470
59142
16346
653
1792
85352
28138
72625
34807
64211
5930
47141
82764
12416
15815
48271
14031
44473
69715
175
69871
58037
74083
25853
15748
18785
75299
41080
54146
20884
56637
65904
27168
37887
76864
74450
51430
68175
66173
15358
18598
1048
76533
17085
73864
86616
81559
52076
385
47054
43822
28632
12087
8261
82278
47397
12971
75432
85895
81655
769
16796
31258
18444
11971
65500
88600
5084
26497
56989
54106
21910
42053
65184
19611
21144
63819
65029
41970
81002
27214
36065
73068
87072
302
23919
70550
37618
60941
14204
20960
26082
49496
68298
82612
58506
65779
411
17558
51479
67117
23520
79894
33461
21019
67533
2232
24761
37808
28098
9413
34669
22114
84369
30074
14083
12472
16534
69766
2082
47567
21080
64282
2430
82252
81667
23320
72743
13620
62263
47006
29448
13255
44577
39716
17753
18618
58532
4688
33580
71044
58172
947
54593
12921
62183
26733
73678
25450
71432
71579
4119
58621
30600
41713
61333
64096
48155
25602
85174
14313
41317
51508
7090
78793
32959
23105
64125
88144
22794
39847
3717
48402
38999
69217
30714
13334
37528
45823
33045
32487
78926
15361
84110
39315
73616
14417
18206
15249
77301
20397
40413
81919
67799
20579
47177
69754
75284
2144
84725
78407
52530
63753
10649
65054
11910
33371
87835
60462
53065
86925
1378
28987
40391
49347
43067
37772
24301
54926
37858
9449
81158
75614
63655
14594
47387
24665
55770
33555
14493
45070
10044
83620
8312
482
55556
49900
9294
81684
61394
75573
78492
87340
49619
51018
47165
14685
44882
50589
85897
3548
49368
87662
65402
27272
83615
18230
38931
16105
49889
64826
68398
61222
40919
49442
46376
26670
46577
64704
88754
52440
5066
75950
51351
6598
5156
50705
75085
83100
25471
26474
13010
12231
8241
22763
71357
776
78459
70335
88725
35943
51992
2777
61946
15821
67803
5022
75430
51170
32580
79791
30504
57996
75478
45199
25565
39337
50600
52691
44115
15644
77398
84383
78115
63299
54179
62277
10258
4433
45965
33272
33308
69783
28981
26439
67430
24150
39146
6389
80007
6912
85785
1628
31145
46156
16819
41818
31202
10112
86771
26708
44298
25360
31818
86088
54664
35124
8433
11743
51669
70344
75931
33982
15405
76910
55556
41677
11757
9678
12521
69592
17501
44605
72957
43140
73748
71139
56310
63172
44626
45630
67162
46513
64503
45964
70481
48888
14877
56486
10112
86541
3548
79945
60455
4301
46626
71086
21488
44489
50132
66416
11092
87502
23926
9749
70340
34738
40547
51750
4697
56081
31162
88817
75608
83869
24149
21158
24877
9700
71199
5054
31195
28587
36865
47919
19278
16464
53376
45100
13549
22502
14335
15977
15767
8642
25941
10261
15033
41194
17587
53192
86545
59988
14444
64643
74866
2548
17081
8063
58804
87752
29016
84958
20327
75190
77656
9710
78892
25029
24284
41284
22016
88968
83002
16925
3222
78087
20246
73527
23944
5584
82751
56086
88378
19979
27046
28906
54787
61491
36239
47358
11592
19839
53878
6547
71727
22721
58911
84515
82405
71806
88297
41946
80276
84508
52376
34007
65029
8058
26253
77184
43478
5608
13437
71131
58616
12608
4083
5657
61175
23924
10066
49356
72822
40599
71788
59474
65879
34912
31304
76706
7533
64624
14083
19018
27790
34341
20301
71499
6879
84863
64583
28565
59262
57743
14446
13268
32070
71120
8391
79876
9187
32237
26423
35368
10171
70394
24533
62717
49988
1559
52535
29902
36527
24399
32318
70617
67449
49439
26687
85966
26450
45889
21262
16048
76316
78176
17289
86244
54938
25110
37390
58022
65578
67626
83122
60187
87385
88757
7152
53778
76969
29443
8626
60419
62161
5622
45702
15409
50993
60182
52448
29540
73009
68302
42624
34958
65389
46352
88696
57864
35351
57888
75165
46549
33033
42325
12727
63396
87748
50852
9126
74323
1747
4415
41291
2254
26477
3091
43736
26415
82235
14271
24389
12320
86479
67080
14904
11420
14548
21225
20304
87163
7256
78912
79582
48404
7395
57436
85681
74077
19730
2546
1260
9301
73733
18703
4038
79667
64841
3528
62222
31800
34282
19973
561
69239
12729
31468
53962
12772
30646
33257
54036
29042
10082
13115
39279
11311
31684
55274
15644
1578
19950
21397
42159
54045
36131
42088
58344
7021
19031
41986
49606
60798
33867
68924
10857
53988
56779
470
39986
76932
41166
85523
71353
75753
33674
67597
41443
4410
54609
6556
77750
73176
61388
239
52802
54006
16314
39773
31549
55505
28117
15365
31371
65991
21785
52321
4969
14171
5529
35233
73316
71494
37577
12028
67075
85619
47842
25017
82590
5953
48157
2276
79177
19707
75783
28565
18657
19723
33205
19650
14425
34290
56613
34708
21809
78301
31976
58071
54748
67874
39704
63058
22917
61784
47785
18855
8846
65316
60119
48549
52252
15896
44557
3664
81354
2582
9997
38522
69664
53722
7369
86555
55279
68517
23644
24452
77036
81510
78069
87226
38287
62690
70721
84885
34655
64461
3269
69096
4821
16961
25549
49987
58825
51843
10740
33476
61012
86941
16320
14276
811
4805
16585
77861
36324
66237
42278
17265
63601
67972
33323
48726
52526
71178
43379
11238
51176
4384
57895
63451
572
20662
19904
53960
75402
14294
71286
20066
71572
56021
24213
10581
65454
79058
75129
88115
2764
37607
11215
65079
26578
64965
5391
58128
19396
27228
6809
7873
61651
58839
81475
81477
75049
71270
19124
2056
8817
60893
29576
88104
50086
80362
6473
33314
21486
60
64246
41017
14074
44966
33946
47362
11557
80531
21604
38291
12550
31452
72655
38121
22164
6677
52661
20985
14638
82781
47069
21694
54444
48980
49013
35873
38157
21343
61230
61383
12341
7862
76323
74684
16243
47351
14917
45453
33165
22604
7247
66403
71104
85679
68416
3939
6400
22229
87458
15387
80159
32064
46590
51215
44902
18495
85218
8289
37830
50449
23441
40775
4929
85606
12317
47359
63682
9486
64619
28213
36782
66330
48058
33557
84485
14384
51714
62651
21665
10605
301
26175
72962
23387
12413
10767
3643
26074
65066
60381
38285
70267
62446
17344
78101
19415
56415
34414
72084
56726
3279
87846
77260
13027
79556
32123
72834
79772
64127
37341
52573
68824
37587
7250
68073
27121
71964
52002
27271
11369
17682
37072
14965
16809
2720
55780
50509
78341
37357
53333
44373
17723
45375
70740
88195
86930
17398
71572
85563
9087
47196
47109
29110
68970
73119
86719
37680
36175
37609
2684
32439
17393
86109
37078
13163
34217
73053
25032
79782
67364
17700
44153
81361
88986
22253
30778
6488
979
31870
66489
39875
45276
65997
74158
30314
32367
62358
9379
5853
85192
66478
62992
9661
3380
61823
12276
36626
85597
14968
81096
35306
52552
44679
70125
61851
70271
71118
77670
21453
10289
28000
61584
18167
45943
63934
44045
69572
78715
15995
18016
64642
61833
66464
71091
34175
60959
6204
1493
80496
77785
2052
21359
41519
74333
58371
61837
13336
2109
24238
84634
56648
24882
62847
82059
85835
76949
11459
62278
86400
1306
2218
3156
23483
1174
63587
4505
74360
3503
75922
72461
16927
42594
83295
48322
48560
30518
34747
53854
28715
72928
13401
81091
56468
35169
44191
45617
3218
49186
41600
25613
64443
5960
26952
18514
6518
7425
68859
48294
12796
49598
84386
29376
32971
23035
70547
54165
47377
60441
5788
27330
31273
69901
46891
21020
57997
7458
28925
33011
33473
22521
417
12701
23775
23929
7952
38599
44317
14593
69484
24741
82591
70761
39178
77267
23201
34569
55253
50340
24198
28193
58080
15223
27606
65328
49992
42435
64799
84089
83084
75647
39931
13807
46970
57379
21306
21113
87767
14021
84828
85632
8538
86140
87045
30213
80725
87025
21957
52903
86233
83771
25451
33035
43718
53993
44045
86268
85324
68098
85791
44842
70921
16192
48630
16463
34622
46531
22831
1172
69496
48362
69376
3306
1817
41197
18883
64484
38120
5838
8859
32834
18491
62669
43108
40089
23016
49842
17036
56598
28579
44614
67703
4313
24334
67058
63435
74014
52043
6073
87258
57726
78767
6578
71877
25196
9164
33541
75227
51852
6726
12046
28702
2918
39
55903
15774
66728
35434
30752
73708
73201
55032
22338
60445
19858
1642
17906
35177
28551
7243
71809
29415
31451
55033
24775
42223
35106
85729
60975
51627
66951
87332
45990
67099
29070
8785
35797
19436
44428
33896
35455
59708
32810
47457
67364
14348
69337
41983
7179
30594
8671
88428
20926
18026
82431
50561
11831
87009
57807
11938
22001
58046
60515
87037
48393
51909
8183
53917
24019
5537
55665
24071
45441
88158
59165
65920
32862
4200
88482
80545
60793
45123
9057
11472
33141
61048
1238
78692
55021
71544
36351
26812
24437
14736
79882
70037
51515
47474
81356
39759
28957
38084
44451
58714
69380
55638
8524
43058
41909
71925
87233
66964
16673
10208
86114
52748
4354
54283
50324
28661
790
15608
4312
68532
69608
11838
57394
55905
53417
61819
32161
37714
19590
48934
27982
35958
27395
82362
37206
61811
31317
43104
82530
88525
4381
64796
19782
35804
16841
20585
80606
43520
9996
1732
46643
83916
3926
69210
45261
60244
30526
17543
3283
37388
70683
5780
19799
72606
33570
37484
82709
47224
12242
59267
21073
16312
67251
45011
46991
14388
71309
72645
40078
56090
47781
78881
48366
41881
8330
69178
36857
60011
86670
63552
14894
6199
5176
59203
19648
1151
41262
48488
40277
51299
4207
73260
44594
43511
72607
33715
47884
24992
88140
21779
63497
68246
62373
29354
22277
15623
85298
42024
40593
39505
17822
3667
405
77657
71417
18517
398
19780
72578
27892
4755
17088
68202
78910
33097
18785
2539
36590
16087
56132
52544
287
82444
43833
69566
15796
35883
47186
10592
11994
17809
68562
16136
2715
67957
39996
78721
65944
342
52881
59130
81778
64115
73317
15837
2525
19315
48967
1429
29953
23276
82035
75557
76062
11337
68134
70574
39315
29205
20885
70529
31283
67956
73643
56522
69373
51817
32069
2181
69031
84858
81243
23786
22006
69280
30645
15932
74941
82962
48359
16256
82311
67633
77843
83489
55938
66245
42562
11176
73227
19559
4638
33688
20351
22200
28895
63856
44629
56094
18840
30097
60934
46879
48917
33159
45790
7734
18228
73517
72338
19083
63069
57177
57237
26335
48902
3830
40113
78829
38976
48368
16039
13907
84680
41307
73819
28088
83282
32556
15623
45192
7945
23065
17713
18234
72796
38148
63348
10666
78749
60842
63240
15083
28275
85314
39471
12716
70706
69642
48022
60355
44612
57315
42467
54440
34598
30892
36033
63216
42337
15628
2350
83818
46044
17689
18373
50565
3187
61589
1692
79192
81566
28928
74596
33844
67976
44041
27672
76172
83865
88862
20749
54333
45067
42316
45805
50120
74462
7872
81519
5556
61104
63411
9870
21072
42404
79428
42028
49302
22934
45647
15732
51227
34209
8419
85857
14299
39053
62066
23534
81066
29248
59561
38658
1157
26592
86855
30855
519
64090
72635
23152
72664
23690
58278
15069
47103
11167
3351
56172
30735
82074
70141
84094
85792
3
12559
85899
45269
60184
12247
15834
30819
28987
56830
38793
24545
30911
26833
48518
42698
24295
68136
75512
16367
71491
6559
2637
62898
62432
84150
32896
14854
59018
63211
30382
82090
34208
52887
42070
3212
20717
24686
83267
29042
1758
9840
27743
41811
74773
11117
78109
49645
801
53549
81611
31927
1320
56364
8722
79462
60306
29821
59676
52694
35051
29142
83505
39838
14460
11649
78302
69142
74382
18074
30907
52268
43877
85548
29494
36457
3893
75927
6513
33411
2188
31884
87261
61379
63316
85273
38450
69015
53795
9959
11524
75386
46704
72592
5027
58423
34331
37087
55183
67909
26634
67192
38102
71724
64020
17982
29180
37078
17932
59299
78478
47880
86812
53362
41539
23591
8411
76624
74807
47224
2757
44257
58829
63672
29853
18215
1592
41906
44353
18285
68446
55895
54866
87442
49602
7887
5759
69810
70332
30693
77749
52974
19743
47569
81397
41586
82575
24616
80170
78927
60997
41870
82821
88375
8673
25867
50639
2214
18427
29794
58810
27897
69174
84422
63212
77942
97
15544
46314
68027
88970
22108
48861
24122
68553
73538
53067
71226
72871
65456
72884
50617
60514
36132
28959
54069
86310
26646
21401
44234
19569
45068
70882
87581
49074
51928
6276
16464
6823
64988
16344
74574
795
56814
86007
982
30520
57870
78233
82964
75934
26260
53806
80994
16136
65310
50255
86991
63775
53415
35608
20118
83757
31332
80612
40463
75360
80096
25621
85650
76466
50255
86975
23719
40673
88503
41735
22195
9295
72362
52925
81733
55960
14096
60171
80639
77075
88986
63393
82632
50640
69121
33631
76070
44517
27157
1286
70705
87044
56969
88835
79610
52412
59660
20433
2130
38770
4011
16690
45599
18819
78681
19489
23329
13969
13448
39007
4819
50921
45737
31153
69701
1149
20784
1162
14390
21850
76203
37274
62919
40416
8105
25659
21187
47369
37567
49219
35010
1080
24221
36155
55125
41264
20496
35163
1012
45742
70352
70255
69786
54668
15474
75403
1698
6730
34472
3350
78427
63715
2643
68830
88119
38961
58515
13912
83033
48334
37565
81017
83165
84849
26995
32878
46089
34553
3002
1829
44729
29913
67437
55503
20841
31496
59446
74562
75811
82060
5509
79294
18288
45514
8897
21164
74907
79268
65651
33190
4529
87975
60762
34175
61589
4096
31168
53280
22656
29579
58436
19292
39677
54760
22009
46033
63099
21635
49748
22508
88123
61573
35202
21543
84473
9076
52136
41473
44088
51020
10772
67138
34854
54552
27249
59593
71639
41785
55520
55293
56981
85346
69449
84684
37300
14254
42865
17955
35084
73486
66494
47299
44032
12515
60973
21428
19379
58244
69580
74137
23826
59693
53412
48007
52796
52364
36742
8291
42318
8233
62871
2696
20420
56217
76822
37793
8050
34455
48866
40825
4504
55920
15264
21108
71972
75561
58057
42402
8497
73599
21435
28976
43501
34923
17166
21090
29416
47384
87463
20793
30144
46674
4385
4029
40753
36629
43630
20119
59698
79767
4454
58110
67316
81875
39511
18748
58171
15683
86738
38028
50655
33257
78558
72922
85708
14930
27750
56734
78204
55472
39173
19431
1239
18666
43298
57184
61433
86554
74214
12258
73578
36178
19186
61150
53323
356
12294
68621
27251
61645
7916
76158
39305
79686
31259
80155
41196
59375
77512
26232
81343
87255
39942
42224
20896
24644
35486
60558
11367
73947
16490
73606
39980
10589
79499
60902
45009
68167
55562
56164
60550
50276
4668
56469
61388
40897
49102
6654
48409
53156
35504
2051
71042
75114
37414
37514
87479
40964
46065
3603
55727
65133
50413
8446
20229
76195
70947
5529
9850
67031
76239
74061
78250
5594
83972
40884
53707
14118
62666
62105
45559
28647
54642
9123
60915
1828
7560
33983
41623
66454
7351
52050
46534
25876
42083
6656
33392
37423
71576
27132
49323
13681
49616
34948
41273
41437
20489
85711
48770
58435
40732
2382
60657
12275
26906
28589
51796
35163
6425
35789
88190
81558
40964
11535
14727
78331
48761
74550
35851
72871
40460
8673
36335
61752
26257
84245
1095
57216
65799
82203
37197
67850
57008
12635
72725
36188
79812
72540
86764
39280
12277
47262
34678
20065
47365
28838
55902
50151
23931
19182
44840
57494
52325
19343
60594
30705
22687
11123
69762
37599
36802
56643
53001
59192
6280
12186
66365
40862
81204
58277
38252
81690
67526
71183
66820
55649
16756
24692
87295
35059
8940
81186
35924
16561
446
67464
52625
52776
48814
79956
43916
29846
78118
31212
82561
59808
73227
70608
34702
7957
28502
31154
75314
52667
19819
55980
49395
11004
63014
47925
82319
83468
16321
55543
60203
13226
26274
20432
77439
12561
29729
66842
87506
28954
62704
25449
78346
24975
54939
70449
62851
23838
74566
87354
43441
5264
10534
23625
281
84613
35223
38748
79401
69142
38389
63721
43800
49559
82535
64371
42080
64911
55485
69971
29632
77101
30226
26423
68622
59153
82940
52017
16994
85972
79184
30183
1301
42204
28459
25682
3552
63872
74404
84269
34785
50029
54245
72788
976
48019
26504
16998
80769
31815
69653
32577
61178
71725
12729
88905
34451
81025
80795
29452
23333
33882
72305
63949
80619
78380
19639
13051
15397
20617
49087
80501
88524
74604
41276
8500
86336
42921
1112
70205
21748
82068
53270
24697
57179
76076
54690
14859
44780
24964
84556
70334
23953
50462
41059
45832
13798
78924
73166
10639
14972
50829
35677
46055
43485
58568
74063
10229
86953
48695
11237
6018
23367
12339
27395
82503
9792
60816
83895
88978
64526
33518
50522
27227
20322
77875
16123
60861
23746
176
66019
1252
69249
56854
4531
73295
61200
64868
11913
62994
7546
2489
75994
52060
53990
67432
79577
13375
84533
69685
78957
77065
41939
24026
30529
61462
29931
24190
34405
88888
43795
81187
4202
17460
4327
84162
43299
69274
34081
33725
40375
25097
11854
87625
35
13836
4491
5942
60059
38981
17710
67317
61169
3061
87481
65797
49622
7269
15938
36305
83758
10372
30174
51977
35353
63469
53443
12444
47699
47955
9717
23519
10972
17148
19824
42229
76851
49184
71236
84946
73766
8189
58055
43733
50821
55081
68460
15930
71013
78026
50697
26778
60680
25925
41814
72344
57865
43129
72569
36472
25301
50111
63407
53197
1509
49705
71773
29527
5616
70252
51508
88248
37566
37595
37971
73266
7335
71577
74990
62647
87241
51571
31133
5420
58105
11847
75063
61362
77440
46653
64877
82786
57991
54025
84315
37029
33246
85410
29417
29789
45901
5163
17144
11956
38606
54051
67391
74975
3497
1682
42669
17094
81935
59330
49169
4906
14043
4071
84254
428
68498
57549
79090
86598
76443
74350
12693
11688
3162
78220
30639
14122
53766
3689
68026
44913
82154
47512
53359
87984
48697
53207
81804
1643
75402
37804
68179
18107
86035
36617
61246
4361
62250
62237
646
8177
81031
44641
29410
18637
34981
75251
68709
50666
51671
78602
2712
67811
54583
37480
70351
51769
36082
34829
20584
20683
48767
69229
57957
58120
87686
51048
23235
20454
87701
32833
41147
15981
15286
87230
63381
14478
84820
34003
16893
19762
64036
70867
4118
43864
36321
35109
74434
17662
48063
45151
42579
14066
48881
15529
61364
57334
17590
79568
38353
80695
53766
87981
60574
24152
72547
30130
78787
59608
28115
42320
7636
7932
5401
84088
24430
27746
31595
80212
15221
45955
86990
42321
77299
33756
82781
22916
31324
64546
27537
11750
2717
14527
63338
36837
30138
48877
29524
10032
82822
79254
71821
13206
78949
30606
82882
17980
44158
79157
45497
74745
16900
83925
69866
32640
20724
34316
12270
76610
15360
11446
19378
9437
72970
323
86805
77452
34597
75928
18516
79172
36476
10341
56486
33489
26494
53818
80987
13451
82513
66951
30785
76312
56467
79342
49238
16479
43888
35063
33753
54318
21494
49472
37356
68225
54572
14263
83402
30680
85505
40374
17182
70811
35728
38857
62596
11989
27929
85782
40136
2002
13931
79282
82404
18917
85574
37836
75136
37731
43101
84648
11786
73190
85448
427
40645
38527
65936
23630
47797
47403
21171
34753
5104
83817
29183
68693
76840
70533
35715
36085
27318
59196
39169
20274
70000
58492
78688
7402
16171
66327
65558
58013
12932
21709
73795
24299
78263
31266
42824
15181
3899
31939
70478
84839
2829
76808
62532
6230
72665
48535
36480
63276
30615
58989
53998
6597
38905
8209
74574
61340
691
83879
49296
56767
49339
70582
62947
13077
40744
66287
34915
13560
47319
33890
30128
88690
25993
65518
70043
48264
51328
38597
81668
77669
8576
32538
44366
2477
46458
24216
65676
40935
13452
88744
20429
16301
43620
23166
87491
42291
123
70969
20194
18490
76006
31101
66211
3520
55944
63303
30768
45398
46948
14500
82330
18078
8877
8510
77918
16758
86592
11917
66766
19149
31281
23965
31195
26497
987
11473
27320
6803
27084
30093
63875
60736
74404
73952
34908
33740
79606
77630
74408
88301
76166
53160
6143
66225
40811
37118
83921
67101
27726
7731
15607
52588
15672
4475
31870
5400
9619
18476
29046
7592
59783
48853
21624
56061
15316
14639
1055
6762
51551
51551
15262
69833
78285
15557
40399
25140
46196
22525
35851
72630
16113
19880
38829
63247
4660
989
20136
8085
29768
36641
52785
48862
58767
4000
3184
52903
50947
16318
55648
69095
32846
20615
68598
62109
53779
59511
68038
88362
69117
35104
792
68909
26325
35702
5218
52698
72225
9104
22095
87661
53040
31765
893
30561
27634
29895
42836
8392
33460
32177
14754
49429
63521
31465
81276
87958
15276
14906
80711
31999
63195
52234
49549
55237
7525
84522
85763
11657
4499
44327
15902
47700
18628
16979
10941
11677
63371
48113
79970
55036
65844
77612
3475
39786
31156
27418
73509
73719
45277
41058
17720
69896
83624
27431
65349
88515
4365
59120
56523
72984
24326
53886
11273
16630
39867
10465
74054
7670
5438
24415
36493
36696
13054
82090
39253
10241
84681
27077
79988
39806
85273
28403
83739
79719
33050
73540
7132
38555
85906
11268
47952
85123
72982
47546
14397
7670
15838
11690
35204
13665
67055
7751
28985
26848
30223
81177
63180
13414
49421
70742
27021
74237
88021
33865
44772
69962
53907
11140
74078
65704
42032
49058
55580
62567
32712
40310
54413
41672
3596
60537
36147
33257
34298
87692
38819
80104
74978
22667
20118
50837
28876
36042
22053
23176
8749
86191
78841
44524
34897
10019
5608
1287
58130
66758
67028
59407
40606
33486
66173
69746
72390
21484
23855
74025
51867
28995
15790
60131
59644
51166
46693
86730
80858
22356
42951
48332
46684
32730
62949
45505
9742
43326
44085
78651
10860
58108
44859
3430
49653
69343
57586
60414
9971
549
62883
27888
63014
13383
28294
85110
66144
66660
82470
55826
17667
59873
13199
79173
26759
20711
69379
85213
57856
24209
75177
79665
82299
11032
72815
53082
1889
78308
1870
25873
31837
39650
48052
78631
45735
42381
69848
45140
54379
36482
15461
47727
76507
26140
23281
48303
18577
25072
83384
21156
13401
53062
59033
44245
84171
13901
82946
22319
55014
56170
38231
13598
18152
82429
72190
7347
44234
28848
84854
56114
59768
15676
86230
35023
77519
70729
32082
8597
66430
8154
58735
40194
5967
36100
57816
23627
19399
29569
18425
607
13001
9988
54681
13218
17969
31731
78709
1401
38835
57268
82478
66596
56972
36046
17213
21101
15177
66565
67829
49204
41948
45065
74078
77548
13933
37524
51650
35190
73692
77486
38144
7431
29684
14671
62966
57049
60923
54720
88188
15883
40279
78798
45948
74294
80203
51668
10573
38437
24662
11716
8646
4303
83716
56889
23495
38853
79390
65548
76164
45322
48557
73001
51915
11812
81940
84894
13908
15526
8779
32416
81680
86071
19816
44713
84130
5707
64288
38618
39515
79219
69411
18328
30058
31379
18429
77998
36175
30369
56520
11383
35608
4965
85407
50911
43885
49033
25030
869
17062
47190
62685
28751
80837
9256
84875
19210
54318
43256
33975
35683
2651
86220
1170
68551
6451
76364
83648
42204
68994
36052
21518
58298
15580
56769
64517
18090
74611
3626
74100
12161
84497
26269
27204
984
65407
58634
26988
10660
13211
65696
45765
1829
72600
46058
71776
82837
53624
64718
1156
71238
66084
79554
69755
78704
20204
88235
85300
35183
68513
10323
20043
71349
35728
88350
57540
11529
11794
6513
83696
38627
76590
2200
84910
62290
6872
35179
68178
6341
71914
15604
66563
49498
76432
78903
4237
80326
33562
16942
71727
50794
37003
8448
23216
40038
65231
38174
85131
29188
30689
58986
47081
18932
39185
79540
477
24184
9157
43994
14842
61483
6607
81003
63449
43875
40524
2816
55655
50975
23708
5039
40547
61679
44629
81686
44565
5527
52410
64105
63706
29975
86473
10919
69972
75714
65114
24935
13287
79097
24204
80611
46654
15772
14810
8342
88883
7204
6490
2575
77685
38167
87621
21546
72636
74721
3778
21751
82752
12844
73438
66258
85151
77764
72094
69246
31198
32658
26525
65430
15911
674
22624
73914
10936
26547
66527
85050
20348
62450
85766
36602
1163
20419
33874
19434
88917
2870
26639
57273
69011
29834
3605
73590
61886
65641
31492
37498
51265
22031
45788
34269
79137
39351
67519
45635
62334
1412
20634
30699
77169
73153
37262
7236
35981
83847
58765
75580
52010
32489
47888
5575
76380
71380
51902
21064
74746
54784
12262
14471
12099
64141
76333
33279
4259
37140
57219
76483
10466
77348
3864
56588
44526
51022
25620
7913
6455
29149
69756
33508
11136
45261
15225
24077
81774
35927
51282
73838
20392
30878
28793
71841
57142
86001
53427
3257
76526
1693
16425
23148
81610
41974
26636
64162
18430
48971
15758
27798
88341
9139
8075
40341
5355
66695
73229
46303
31836
20062
95
28633
10563
32399
75193
29853
71688
83294
38771
44063
84617
44174
79349
86780
1393
72679
85194
39809
77645
66477
85085
9973
85451
49413
80508
68437
53230
12348
58473
29746
24772
10581
24568
616
86752
26975
28322
57125
15883
36033
1055
1364
62022
74819
52843
59038
30810
64546
21351
69717
84344
71319
84008
13924
26861
73510
11189
77461
68645
18294
42714
50632
44225
57265
47673
79917
50483
20313
50912
57367
64413
16797
909
64797
87505
24599
69054
63798
45667
74316
54478
80481
57691
54823
25514
11630
67647
57218
74209
29971
88709
74618
35817
24423
16270
87485
41351
17069
33006
10147
5382
63502
36576
79142
19753
7126
56615
15816
40899
44257
30039
88976
5755
60641
79641
80064
3686
47007
50989
69661
5116
24027
32090
70444
14181
19634
44105
18230
16884
48516
15664
34464
77097
7278
64986
61001
25629
73706
74539
69200
23766
25737
60994
12442
76723
10619
64319
18165
61497
42203
59507
66349
43947
25545
54975
21392
77288
3501
52013
41311
6383
33549
32435
3851
52317
75123
67294
55602
17767
65302
45498
24301
86739
53620
86799
36927
63680
33465
35960
8100
3391
40350
75430
32539
24545
44560
65577
7170
52999
81380
65270
62228
8073
973
87083
26498
46110
5073
53903
12267
64946
42078
64128
64377
14110
76844
36
88634
21504
51775
76545
62631
52443
30004
33472
59221
61418
21413
40739
8701
24038
11171
87920
16274
84816
88431
56381
67007
32215
14117
23827
80498
52946
61661
71216
35873
50594
29943
32900
8848
7495
10827
75293
15283
49499
1562
37310
49462
8123
65196
11258
2631
52097
85591
66598
47644
75727
1280
25221
76687
65854
56850
60285
73339
14380
6848
65614
3345
44892
62480
34003
52700
15399
11943
66977
71877
12345
38307
70820
66723
68183
32880
50953
57602
82012
51410
69934
58087
73426
18660
71158
20782
7245
2547
38281
59153
34619
30843
6967
17485
68712
71723
56957
71034
41582
2367
65376
6791
37866
32322
69447
41247
70002
18542
49933
25196
43738
22194
51771
3262
64101
6110
22605
88992
82681
1958
52683
48856
12219
77097
23503
79729
67730
3077
63030
2191
33031
34256
61735
5318
56530
44797
4449
55894
1848
70434
61650
57471
50696
43058
57249
3638
8973
48500
17341
4585
13941
8398
13278
18501
50201
42135
43641
16073
19605
68800
64122
23238
903
88118
52362
1870
84204
16248
62927
60517
6534
33039
50050
28353
65378
44278
36540
64634
38445
79087
47730
43037
53263
14624
51984
8963
8360
34344
72778
81473
76454
48786
26645
47827
50329
12429
37340
33330
69901
48021
47670
58240
18279
30386
81804
11548
25267
59514
15088
24526
24954
63550
47202
65376
76481
59062
2732
21686
23900
24458
77181
60044
83857
38510
81707
35203
41761
87752
69569
59320
46962
25777
29776
21705
48047
11638
12914
31549
61673
26587
30969
22783
72150
64843
23486
88349
31840
71062
62750
80531
36281
10519
86599
58960
50082
79856
88272
15074
37395
23980
83678
85603
52868
78601
32515
6287
882
37537
81296
72816
27166
38811
88644
36512
32079
64675
13181
34242
51624
11554
68282
11270
148
56611
60795
78383
83493
76820
10144
23043
41667
27261
55503
45238
36226
39976
85897
58427
55365
47636
87859
87281
76399
71352
44587
23693
22392
21817
25840
33218
45156
41328
45996
80649
73527
23891
63798
23806
28877
47214
15167
34794
68590
69086
6607
40103
16054
71266
19192
80427
30475
33582
17543
52907
34768
79725
72443
21875
55262
29786
31382
67424
30569
78827
1832
31347
7593
62731
45259
12722
84959
20363
71786
54004
55695
32028
85610
75800
76726
46539
69154
16418
53056
43881
68399
49108
6396
31558
36040
55301
59220
28490
63089
21401
42236
13855
87594
52429
6155
4111
81047
39805
84607
79557
23803
28948
86283
86098
68093
16014
2812
13543
87733
75837
24097
66010
57744
27215
23728
22319
7702
5448
56862
39060
81037
26769
51726
30753
23518
30229
58835
48770
56190
51916
53969
63746
84279
35670
18573
51574
61180
55885
47500
85659
70364
42679
5777
80132
8405
34863
30552
65244
45130
80399
52608
39005
42775
64164
82142
69179
44993
43910
71684
80665
84642
67131
5376
52869
24978
74775
59401
11161
8994
85121
40348
41609
19570
38309
62108
6037
38931
64970
24944
48938
42926
85335
47199
15137
1418
50695
6446
22667
18717
31445
44354
19127
83226
85886
43417
35650
33601
74906
87395
46914
62684
52206
73598
20671
34677
27290
30751
86038
15189
54546
42980
16004
2343
14451
50430
10171
47059
48163
57284
27300
28439
69341
71018
28089
87680
75280
26352
15629
70030
22668
57359
14907
10373
65976
30063
19752
35600
40938
80772
79862
392
81828
45959
43573
6434
80231
37329
77456
29774
1647
31210
20178
6891
84483
37127
88899
5776
61775
85289
35483
13606
45472
15010
30777
11386
84883
87755
70096
58158
60378
44585
68375
21511
71708
30879
13107
8953
74376
67332
54020
78462
33246
18644
68233
15118
12314
24629
47904
88719
43286
5240
71158
5710
474
14735
81839
26454
79459
81966
11563
65341
70077
67178
71950
37599
58126
88398
55386
35377
50969
17380
42746
32471
82892
11536
55829
47426
15430
67616
87685
65081
20264
65752
43484
54480
65903
67259
39082
49974
9747
87267
19646
21752
22000
32169
10494
80075
33174
11776
81124
6431
84895
71884
81927
14463
25924
39208
69603
12252
72572
58597
78998
37193
18883
39366
45000
36682
63954
23720
12614
82413
40713
24368
18059
83179
9958
54052
4348
84752
20992
2363
67838
83909
4253
49448
8479
7703
33020
1457
47789
52889
59783
13327
68367
42724
52553
10942
63910
574
26600
23660
36335
1528
41263
81607
51200
51810
55803
76774
48444
68529
73192
9569
60629
2777
64375
1925
349
32661
55998
24535
27201
65123
18860
28026
88739
70189
67607
42980
30794
83466
45500
39730
20304
6507
82530
45828
41752
46345
27412
9804
11441
81531
49369
15879
52452
82557
4434
22110
82478
63861
84687
58790
13338
78151
35910
55859
37790
37577
21201
10532
34720
20920
24531
24999
11334
52385
76191
60301
84343
79108
47916
57072
68184
50970
39089
26993
83182
70647
14057
64535
29061
71906
3795
9786
32276
26290
21665
85149
44238
73387
32379
35625
11837
32110
48768
62870
87684
40686
71928
54140
32705
20575
70968
57160
67557
57873
21714
4171
58706
20922
9425
48196
27904
80713
19006
87430
27675
9422
2498
71692
79613
43488
18529
15336
27179
74654
30439
64835
27983
63039
626
51542
46698
5086
49491
79064
11235
18172
13546
64840
69033
74913
2485
71970
39481
23037
68028
86583
44452
54433
38245
70972
84527
68555
54479
37557
23664
12070
68277
64714
54139
71312
8889
29279
19614
61677
26449
39794
12431
84840
33435
59630
38672
47986
28297
87132
9740
5899
65217
47969
19697
74541
38324
43418
36514
62697
28393
65763
15423
30297
133
6152
5531
48372
9361
54835
41106
13392
60471
40916
43773
19977
66722
61847
75212
62024
16442
62398
15670
55375
18505
20623
84896
65456
86725
34913
82056
63477
22954
58536
67252
891
84867
16416
11012
39776
33765
43270
83153
25715
60249
72321
31344
54522
4467
71271
66447
79878
10963
37829
29195
82692
19440
47647
56868
41189
36988
38293
16325
87996
77056
54190
35532
69647
29868
81806
71610
68375
3579
64371
36135
67298
66201
13773
28693
50936
18058
43436
32951
51922
85913
45604
61487
41694
68457
57139
49769
18095
1180
41507
38687
37626
49773
20530
55721
40371
3420
47254
62448
4149
49661
22719
6816
43641
17101
47861
3816
19486
45595
76176
38551
35007
43655
21903
85069
40610
82634
62792
14115
40004
66505
29053
60200
73378
32439
82936
87273
36002
645
74941
45539
26312
39745
31614
11264
68
31777
41012
80644
42577
32578
13137
28771
20289
81249
22714
1522
14243
68189
15905
46158
31199
39736
5330
46372
45040
54056
72571
37710
65072
53190
454
59863
56337
55897
5747
5443
8063
424
55862
32214
18500
36091
76008
28184
8403
4188
77394
2033
81006
35768
45468
61343
75619
31868
20531
47729
51017
67813
86521
69350
64521
22584
40614
12543
52919
29531
28796
28038
29255
68182
14984
13450
61876
75161
52852
6664
73747
75196
60618
75607
85839
83117
66771
62760
76270
62473
85478
16976
33401
18698
14692
11908
85896
59353
56079
39552
78844
85865
34051
57948
4702
61728
29781
27515
19460
30562
41208
18209
23980
86155
42806
4416
16561
37249
71571
32743
2955
80460
75758
31288
64043
48635
70705
88268
75859
30748
58087
12342
86036
59176
76677
65073
18777
43353
64041
14078
79697
10728
1047
3358
48818
78343
1515
35696
51113
72944
53784
87287
67462
75176
34959
44771
5971
52188
14603
28843
51181
64518
73617
78748
69044
44372
2710
63953
36221
33725
24784
84551
60582
49825
69462
39530
76697
52364
11299
53658
43634
734
50950
49132
60427
51386
51349
32814
59695
57953
29032
67515
80474
34826
21930
49431
36279
46241
84217
59272
15212
47897
32751
41593
39736
88631
43841
76972
10541
9925
4324
69482
78672
54639
31008
970
39646
8237
78053
6733
64496
81294
80106
24754
81398
7389
1644
64403
17538
39379
51019
23346
28027
77160
86609
29889
50563
2223
71779
41549
22290
55966
71962
12326
8641
3975
70195
11494
88418
78230
33378
30899
37972
88118
60286
21195
82021
87650
65781
10795
27553
18437
83456
29828
19231
46687
71562
26186
26138
12717
69778
48810
43476
21036
64839
32112
77934
26617
4363
11442
6637
20696
33232
49269
75023
39759
15296
76746
14772
31453
51345
48012
8599
8757
7828
52800
56170
88257
49030
23553
52537
62269
55192
71064
5375
47258
14121
11693
50878
79043
83420
10084
24610
16391
5748
2574
82268
56835
63859
78275
68837
59939
40626
56825
69248
72613
29067
5796
20474
47643
8674
15362
9021
16139
45042
9194
5744
50364
45124
49032
81106
70007
52377
40527
20333
60616
66289
48396
31568
41223
4149
7538
41157
18231
2942
49632
73881
907
6192
82443
48257
34968
68897
58433
30474
4195
45892
7907
52241
88095
4442
41222
84777
20171
25928
41799
47682
2670
86075
50528
27783
26768
73088
60916
44216
5350
65440
69394
86174
84353
79056
9977
79165
44964
61287
60145
79107
58296
47641
21369
4735
17887
35193
71115
19789
54305
35443
43480
61518
52837
34431
82417
18875
11928
81201
39795
31778
41379
42749
24118
47866
30636
52943
1906
46585
49132
8537
76471
6253
68768
43223
56672
182
76814
59468
81730
46202
31390
74223
9511
55763
82594
45999
24529
45499
60284
77499
7485
69015
62099
53935
75358
65690
60840
86793
21723
64048
76923
67354
59030
47827
39582
38968
36930
81498
44122
7071
70392
50541
62054
26743
57662
55822
7401
7641
86797
14793
63624
56900
9645
38284
32112
29068
56375
6689
39010
76762
23174
35936
64774
29854
39955
29881
83613
1880
80516
34064
24767
64487
15641
48825
48845
20393
16611
39251
33365
37889
55760
26905
39888
64510
79599
70755
84017
46680
85860
60347
74284
3293
22529
30940
21032
77890
38074
70533
44330
51341
14787
36162
82544
20463
80704
23955
32791
51447
28305
87950
9954
27841
14015
63616
2047
75630
45647
11065
9487
11125
9475
85702
62050
80215
76751
87775
58325
19912
12479
10512
9257
88138
49722
27885
80825
87603
75618
37359
70312
7054
69411
28907
13356
85215
51366
22554
24379
52256
39130
13099
1224
48017
58141
11612
40250
51308
83076
6487
51010
63662
30077
46617
62095
86450
49821
40198
74471
14279
7499
39344
58196
42698
81008
2575
12056
42478
3097
35290
20599
66127
24674
4027
50704
82735
56561
68833
61063
39768
34388
50575
12986
44912
87456
20666
81630
1162
49616
40815
60685
7368
75406
8291
49390
33910
53569
85388
64298
35547
88667
25956
18166
77521
12661
20431
46898
42715
29129
60026
47620
11142
4348
56547
40722
32568
63030
5655
85179
79069
3679
54726
74952
63433
51768
32747
77156
74280
34683
25679
32172
60216
27456
27870
52805
5216
21758
22433
46450
46466
73370
50322
53455
11995
41078
79943
81349
7540
67265
70829
84817
73417
52359
63229
48547
29495
82285
46404
19736
42410
5715
15565
10893
73099
47174
10321
14601
25929
9025
56511
9413
54063
23479
77294
2098
55619
70848
37358
59023
38551
74534
3647
59030
21976
35250
59490
21722
30244
39616
39979
41392
76897
116
49984
7686
46648
21255
75603
85364
2624
73498
79611
59790
25134
61789
64609
67291
8954
68957
39958
88061
44534
73824
6562
49557
6863
57046
8679
48002
14902
57678
52044
24486
77888
52002
38830
71525
21441
45984
25272
80763
8456
17581
11171
25697
28340
73528
84792
4636
668
44081
52506
86522
69859
29772
15690
22953
59194
10286
35098
66374
47704
70019
78930
88103
38253
3897
40409
31126
36804
31308
68515
87778
782
56031
14865
35683
4380
25260
3487
40346
45332
38712
68534
88979
57148
84966
54162
27408
27125
87966
63589
22427
52847
44082
22642
11367
50810
21501
4646
8004
66628
27320
23001
87973
56799
16578
34555
59847
35682
70916
22713
40769
83871
29406
66622
27547
33325
57105
48094
25268
39028
69754
62470
38436
41357
57624
16079
31474
34804
20402
72026
64707
79342
20024
27069
85688
7708
22964
43652
40938
23802
74212
79570
14373
54345
23776
16630
76470
70840
46250
38347
34066
16218
27175
75568
31397
77960
3016
76918
85540
57567
40333
18328
43791
19380
72343
68628
12455
17004
25608
46639
38247
17081
13010
36400
40922
7118
46696
54818
79841
25907
83165
9069
26959
82244
1583
81254
86715
72444
83575
41859
52625
16775
86553
69347
57622
20340
60490
75522
63221
88441
34874
68778
1019
48250
85592
79924
82627
82953
64204
62086
74223
62673
3045
65399
39421
84246
11928
51166
34017
52147
71609
67585
81292
85303
7593
63057
48985
76098
9333
47418
78264
83721
68142
49480
70121
12537
73058
19020
63214
14736
66255
28807
88301
16742
22215
23478
48601
16171
35485
37747
16500
75659
62546
17220
35107
74324
13019
62804
51814
37904
15179
53056
76850
20750
11713
19996
80117
16186
24174
58652
72126
64989
73933
19311
55782
21415
69575
56317
53631
14953
38138
24425
3343
75095
85077
10017
57240
11946
70547
32602
75256
40508
58209
2017
25185
35596
165
1484
10772
64066
5086
27431
40942
76261
59706
38267
57439
67567
56240
74401
30834
77706
66635
45132
52486
83363
45087
26595
33681
85093
8347
65510
67500
29433
38563
56368
25567
52337
63720
9379
21433
29100
17150
70754
81587
56899
37947
87935
77234
87770
67527
28133
60768
74483
47628
77047
23998
80644
35947
5135
68016
84744
49432
43348
23709
49451
39540
55554
14777
74407
57829
21317
257
36732
60868
53968
16506
26101
79090
64791
66406
60589
74424
36846
8580
23991
67210
35280
46451
3869
19486
21401
22226
23545
58799
22207
3655
3455
26697
7627
69619
71019
9824
2086
18071
79103
82386
17894
39461
61997
57005
19736
66220
16115
85518
20951
69665
33924
27711
66826
7423
63586
24844
88252
87588
62882
39539
46645
37055
88816
41053
17534
27801
6689
14613
38346
56559
4536
74060
40487
15769
40776
5519
77020
26283
59032
14950
45357
46461
59252
52001
53817
34888
61528
6185
46933
41752
10335
61656
69321
3769
54666
81958
70176
87863
33221
29321
17565
83254
19811
70824
64320
2154
47673
59284
7408
5740
10032
66579
69083
82786
31836
55267
39049
26554
7802
40296
25071
10067
8838
73074
11319
43239
66386
54950
38276
7145
55578
36510
23835
45031
33564
82888
46685
47572
23406
16856
48817
10165
70240
43771
50142
79013
88240
4425
49390
86384
3140
70214
