2963
29865
63499
17611
23024
4141
54054
25750
31255
16017
63913
21083
9936
55534
22086
29747
21017
13434
4533
17167
48622
17327
56230
15701
10717
56601
24032
62134
41044
8484
29683
51629
24873
48643
14575
51250
29958
54621
15671
19732
30248
66066
1629
9550
54602
8164
45410
64864
3259
58257
57850
20494
27184
24564
17642
3157
46631
66827
15384
17450
22289
62147
40718
17901
63067
26375
56097
25234
9122
18792
1020
45912
39920
3230
54964
38346
62015
7765
18272
53836
45497
14691
14984
43408
17402
38149
31510
51773
56882
50281
65933
45033
35355
14198
51269
1189
22795
20576
34567
20743
57590
11312
9651
9109
51964
54224
33916
29565
7594
41876
46285
30290
56104
12276
49803
58456
1182
64902
14462
37512
15156
14016
38500
29431
12252
57803
56556
60674
17734
16187
62460
39772
44960
60691
52160
42079
18760
42701
4088
26441
33096
53767
19236
59062
64956
58841
33238
45443
56450
28779
5836
18155
66439
41484
27233
31018
40362
63501
10999
20550
25272
35180
5180
37566
30323
44932
33550
25539
46023
64649
1459
3307
64491
25345
30433
28292
21736
46774
19487
24877
56921
46696
59158
632
8151
11208
19432
49500
12000
22016
66739
59704
61756
7358
65306
57537
9843
5286
18281
37564
64582
16567
9546
16359
65673
8614
66385
64777
47113
59918
24640
62634
38872
14594
38112
31485
60370
45905
17861
58347
48298
29648
19276
51009
6175
7989
54779
4425
65349
42031
64734
52262
58385
64859
60906
24008
58564
34274
45679
34216
64611
36934
30999
46422
32593
43507
63349
6910
46786
24970
22835
46872
17997
22352
35293
57519
14668
55630
31676
59817
49099
53050
39008
28653
41395
35354
64677
47348
45578
36568
61976
69
21465
5393
18350
34700
32586
6640
60505
9741
66819
25952
6856
65242
27675
57758
48082
51853
42192
6669
26215
62743
3163
58387
6307
58102
50497
7464
29992
197
32774
58334
39255
35309
26176
7340
19930
44513
30509
2389
21825
27864
47466
32854
16311
7724
10770
6293
35616
55471
25887
18229
60417
2677
44448
34365
61788
27788
26918
33696
11199
63080
19196
479
62992
57243
66876
59235
5407
9777
54280
62015
45680
1018
48243
36369
63315
5729
20029
64233
39274
35041
46596
35442
59582
14680
51622
62862
5158
10619
44088
59159
48006
53968
23081
54719
50960
16363
50152
4008
56545
46312
4390
38376
11714
53735
49922
2885
11329
18182
18288
2694
56700
19096
8517
45265
59178
9779
21225
58201
60982
42816
23065
35248
29849
12955
6887
13562
38586
43729
26857
154
33484
19850
26387
8797
41700
46748
27714
37588
57022
34135
39447
40784
14539
36671
41035
27126
34497
17708
22557
12314
35031
20357
64517
31975
24179
53451
38444
64380
2474
14026
63442
33331
5516
22730
17620
58515
60369
56804
43544
9773
65148
11175
48062
56571
13426
13163
9661
66412
25367
27365
22334
16413
54806
55808
64809
14818
58218
18557
18027
57673
29429
4097
33337
62895
35660
18869
211
41196
4790
40251
18712
45050
33568
18100
35841
18803
50918
18886
22773
30792
19039
5395
40897
63574
12342
18469
17041
14458
30328
13365
42496
63701
25751
35266
63072
65819
60794
63823
32062
57230
10350
19510
63053
12175
18502
51656
17405
28740
20546
6910
45000
13077
59727
16546
47001
31241
55187
1086
65201
31222
13211
3670
66311
677
39331
39378
22171
40603
62873
26363
46784
43011
33302
59479
16900
7265
49514
56496
60893
40683
53827
40758
35305
160
48609
48213
49106
46938
48370
37249
34804
567
18125
26142
1772
16731
53261
45916
3495
44690
2116
19503
32845
7833
56433
29132
13960
35380
36863
17680
19652
130
2212
8571
981
42252
42363
10457
58192
28901
17182
10449
60519
22588
13411
62967
50268
15020
59706
59660
52920
59636
41992
141
11169
50362
66651
24041
61278
20907
10275
60315
32257
59470
753
27784
35424
50198
37287
40034
48535
11214
30659
18419
17813
55551
9505
61774
1209
59212
8341
22606
14250
22023
63642
7994
15536
23004
8825
38440
34298
17147
10497
16639
55357
4947
34543
3377
5925
23978
50250
39788
54843
49033
59118
57786
52291
4276
64308
24142
35681
61743
29778
4535
29056
16764
10212
44610
4382
42570
52814
27767
28656
11215
43572
3470
32629
39085
51217
9586
29953
44691
25512
60523
3929
32738
9739
29298
47405
9912
16525
33461
25255
15698
1430
7434
18031
32817
58395
54960
45160
47239
29591
28953
55427
57572
27834
1276
29982
31409
18107
24424
63336
29493
32381
54346
12811
22637
7372
3831
53039
65358
14243
18837
3687
42639
60468
64867
15450
18802
8355
17066
26337
1649
50847
64675
27864
11797
66677
39151
6778
59025
51178
22182
11045
51901
25325
62863
20415
24655
46232
3558
60804
27811
29889
63819
5133
52051
51945
26423
19039
32090
44320
1602
44661
15747
31450
39064
27826
61287
46522
52450
19511
22378
23130
20336
21181
22343
25748
49764
23920
15050
19392
43193
62465
32475
42411
44947
66374
16507
60120
33121
25407
20630
43213
3837
54176
40832
60741
23540
59702
46565
27797
12400
61488
11345
45878
12618
26796
1430
574
32157
45426
12995
62106
22815
64057
32505
5276
17169
2132
59441
12469
11421
52009
33937
52248
13902
52278
16422
11323
59123
18080
55908
29866
60558
1025
13440
29498
61361
9733
10998
32014
57296
35738
66478
62706
12993
44969
2138
12330
65904
11941
20363
26621
59543
5087
65064
51908
60043
43
61888
60177
19146
11443
7711
7741
46696
27006
39837
52066
7304
47253
4644
45570
10095
44810
14544
25074
59317
8125
7273
53047
32509
54396
39723
32731
52332
4198
52679
16188
21550
10188
47274
51602
58331
32844
37171
20754
8833
51836
63546
2387
6563
7616
6732
32324
943
59208
37379
9
41414
41072
1594
27720
45332
56829
16815
6196
3023
19897
53289
63990
16620
1300
14296
36258
50629
50783
5763
60885
56702
25869
36893
35377
16823
35209
11009
31178
51820
42038
45093
65552
56360
231
24035
24154
55281
25388
22089
11451
49428
32885
37578
35004
25657
22406
42462
52982
15409
49007
16036
8514
57652
12887
57912
34798
44039
13229
45232
66910
23834
39786
51464
7757
55760
10398
55477
50991
43687
57813
48335
51053
54504
40558
52607
29867
22144
42760
25616
19273
65957
19282
48146
48308
66684
35933
14449
18081
5903
16551
63452
51645
50828
24031
61665
58236
4744
47888
8102
32556
36572
52805
49091
60493
36981
51127
15164
36287
7207
10310
34714
744
12308
38833
66408
4425
23293
22715
44362
21355
23635
12269
6074
44499
8760
66306
2733
57376
30239
9922
46434
60805
53850
60846
53275
45055
19257
60557
404
52900
17144
46442
56432
51126
21394
27843
52650
13179
57370
54557
5137
54522
62888
13009
19757
2812
28552
48949
40766
8293
23014
1016
34269
42366
701
62214
27521
26352
32176
13196
27291
37862
34656
36657
45430
33815
63003
65186
37765
43103
64022
46320
31121
2722
64697
13919
40034
26972
39793
42341
2530
65319
30547
37485
48897
3986
30587
50736
18555
63195
7476
16392
9254
15593
7394
28568
28080
16512
11396
48514
62877
16881
17246
64166
28589
4758
35938
47084
9108
30527
27486
17839
54428
33708
35257
32790
24381
56143
42902
15848
45036
17612
25675
1748
1065
11777
36796
27234
45922
42988
7088
42369
4005
54725
26430
8005
58499
38114
21552
19956
53032
37889
55940
26790
18287
46221
57716
8159
57651
18151
58156
29755
64560
62736
53129
41308
7583
11457
5648
57251
17640
12120
64124
43609
61586
43463
57249
64016
60822
46866
38030
8331
21418
40269
66304
49198
10817
15000
47592
46643
45015
35104
61023
28363
24082
63779
32768
45142
24541
13391
45235
29103
48694
4639
8034
29710
43247
1995
64341
56723
63162
14947
24080
60764
63453
10561
45292
40819
53109
60720
27282
1343
51310
53012
49867
35142
60240
41159
65966
47204
43190
40141
38865
5210
49080
45742
66992
26325
49849
36237
59884
34874
363
47713
15978
59052
26581
12095
32452
51201
574
47098
29261
22935
4524
20945
23846
12806
37645
37091
12886
3082
15471
43785
33734
66424
2915
49527
45666
58874
17203
19841
52331
28737
15932
59287
11785
29206
25135
66460
33846
6621
52690
32377
14958
34902
58532
21961
45290
19353
44949
62832
52852
46598
55267
36061
21709
45038
18313
2945
31362
53937
62282
4107
62085
36909
40515
8081
54264
33863
33687
46085
39092
29090
37596
20825
57047
28425
15770
56929
35156
64554
27884
49588
59501
54818
62423
45374
27563
63183
19167
60749
11190
27029
19401
17966
2400
49904
55291
6796
5483
52523
48408
62172
11483
21427
17376
32791
34270
43028
17851
27253
45400
65573
44014
16538
5412
4818
49382
32704
33012
446
22977
14602
20025
20939
46781
59751
38518
41248
31608
38019
10175
43054
9798
8166
49519
56758
1785
8655
58319
27474
27763
41185
66586
40807
57871
40807
50061
47196
28813
33199
9316
33825
62340
8249
3847
59983
22489
18555
13316
61640
20598
16826
43902
58731
22607
1271
53916
30550
44309
30635
14060
55720
45773
45232
43013
842
20691
41510
51364
24985
66095
58143
53686
40596
19322
24552
9013
56876
11818
53612
16262
28396
53377
62686
20215
9134
5284
44387
33629
52192
50719
46665
26147
25337
55622
49968
24319
9940
28998
38556
33894
51448
26441
22308
28088
6169
43961
17002
24822
3527
58636
29463
19576
23840
56173
43194
52139
13637
38283
49749
48887
33518
36259
42245
45647
40363
30897
14172
57002
13392
27972
18892
8758
66019
21823
30810
42716
32573
15347
20492
14854
48147
41762
16360
58229
19913
46798
66227
16
618
6480
23803
60814
14766
26925
52178
27356
12840
10571
56783
14242
33586
65833
16194
19840
45367
19348
25220
38815
10861
51262
31705
5010
52286
65192
45691
7866
44377
9288
43980
46432
24122
8142
9720
18950
23882
11241
15180
26559
13676
32311
57079
30309
66358
24601
63539
7185
63616
13684
56128
12004
34196
65324
4518
24612
37065
40235
60356
44435
42654
51295
554
17978
36040
59082
55391
55306
1504
2315
7184
17579
43548
65842
53766
7533
12456
34112
20290
29332
1617
30932
47192
10225
4814
36987
18430
35810
43403
735
56399
31740
44083
35832
58296
4911
37569
25240
6069
47432
63995
14631
45641
38708
18524
9655
32657
62527
44533
29522
15660
39021
47615
25840
54466
32024
49367
61469
23893
55968
12542
14319
17944
56536
26980
36693
27634
62301
18729
57154
63351
22898
30616
20993
8748
50830
44272
17139
40740
41095
3895
59068
25964
14328
39085
14579
15448
33758
61491
47224
31136
61720
16455
24496
47258
28717
21125
63363
13205
2727
13027
48631
26639
501
21881
24853
61204
60702
35747
20337
27699
42905
38548
3312
847
47282
63209
32810
59703
40247
51351
60118
6010
20784
39209
20493
14139
25629
39523
6598
25396
11745
5780
64529
36546
5700
55811
42271
53429
24575
26058
49310
11722
14856
1583
42187
64367
48094
39908
60600
43675
28990
26165
47853
11855
42539
42962
9226
6589
36133
50464
61955
259
15624
24224
61100
4292
53845
47131
20
37356
12606
25328
16774
41165
17098
24564
1745
54483
12688
20133
40986
46952
49729
5603
9392
58036
51958
51099
44197
34933
48200
45810
32236
32599
7247
12170
38045
5985
42450
6836
15134
18044
26293
28162
32100
10096
27089
51559
47831
12964
40549
5166
66387
25730
52674
40324
16442
58733
49900
50531
56863
62944
5252
13811
45886
15596
58418
25735
22984
30437
13616
43122
51794
17170
1962
40812
44484
6695
17482
12869
59519
11952
40287
14644
58128
28541
20846
27572
7841
34405
32161
44068
14359
33624
36219
10265
20302
23269
20502
9443
15128
25028
56795
28441
24892
46913
9960
61225
17587
48645
37176
31752
18351
57835
62165
5674
10884
33956
6096
65215
37576
23624
26945
53139
10511
20658
20458
66504
6494
37406
51869
24937
29721
31753
44638
5565
22153
58253
34084
4054
35989
13920
31249
63094
7937
4224
45400
46294
1052
18021
5518
4058
30531
36578
56625
5763
17427
35642
31501
61362
13916
14627
24405
65350
36792
15154
16311
54555
32827
66259
10552
52471
4061
31610
463
36530
28994
12667
61958
801
25155
46362
8834
3023
58518
49368
18683
43505
36928
33964
45135
33340
48394
32801
29042
50054
65209
52649
57824
31957
61535
51246
56898
16944
12248
62448
31895
31696
27399
13233
40714
5434
654
58273
18417
17428
55621
46662
26246
41577
45129
41595
57326
54035
29062
42708
29406
9476
2159
12587
24078
45673
20202
35171
18534
56004
33041
8839
196
22052
2498
50293
54744
57787
65441
11172
39991
22124
53123
33567
65491
20438
4339
9773
5628
8226
55562
33702
5167
50765
25175
65461
35500
58362
1614
3005
7470
4791
10381
15705
10972
54234
63969
31939
23404
57705
38959
51688
46311
35563
57566
28511
44600
34677
5218
65276
30982
3717
19308
4222
54176
39588
59580
13185
7464
31852
65545
63528
61592
63127
19271
30667
45793
56999
29759
24320
41715
36031
49844
42825
45183
12309
44625
29915
31640
17850
66505
12558
7703
18888
28382
12341
44902
3599
5299
51380
24116
923
2733
54865
57319
27526
14820
24033
12920
25733
47743
22240
61760
29418
56485
55747
53801
1598
66176
26646
11575
41544
6108
38637
16501
50223
47422
32585
28491
52440
57919
19642
11581
17740
19136
60139
14416
12872
49975
1302
6421
34394
19007
61917
63168
9350
566
16298
44490
42459
1719
49620
34977
62812
38592
1255
18690
25102
16495
23622
2237
11955
57469
13239
55983
29177
59092
30411
54357
56555
20965
9712
32644
17545
44834
7845
47069
61982
57770
46730
60893
56878
27394
594
19155
17770
34913
49918
4787
21314
51028
4967
31024
49645
5912
20911
20838
22224
48055
51844
11732
4145
11561
770
10680
55806
14195
21732
51197
16031
47469
32335
41080
14829
62526
59155
6928
4805
48778
35079
15004
49069
54019
11688
55526
9322
10837
54501
7453
38092
44771
54802
38848
19542
32104
23591
47350
23422
7968
32725
50531
60941
14389
14820
12805
29987
62125
59388
12933
13826
37736
46742
30416
813
10527
53189
57341
5718
60680
37823
51217
52049
43902
32474
59726
38072
23757
5877
44658
11107
48516
21964
18012
9803
32379
11591
59873
58364
27444
50200
56404
9597
49350
9903
1925
41573
27340
20868
44160
61884
28732
57575
57542
55907
22387
36423
18409
43985
58005
65630
51120
42259
62299
51046
5155
18390
41525
60882
58712
62580
58487
25619
53715
33633
1289
8126
20701
23881
52389
2198
58635
3657
46093
35683
41824
7286
34021
13078
45845
28621
1604
10983
17140
28440
58848
28238
42804
16290
49879
24987
57046
48104
55106
36866
28574
52611
64372
64542
24837
13238
9688
3121
6587
2800
29296
32389
10634
48887
18474
18386
15142
34218
43605
37949
19569
25344
53769
21905
64603
63082
31413
24500
21486
28778
66226
6169
46567
30207
33012
49397
45256
41958
14256
15840
43843
37566
46225
38122
11169
56776
56285
6816
20393
14834
19244
15738
28540
54158
6401
48258
55420
14339
52489
23434
25869
64616
17889
58818
2244
12040
37020
49309
55532
32751
64217
27048
48943
3695
41579
60766
22578
63447
1898
63059
42873
49169
66311
35251
9481
25574
37508
93
17268
46721
30018
49225
9159
28933
22084
22731
480
32403
40513
58380
30539
22676
15647
36564
50844
13719
58594
38110
15542
8479
36253
10599
5866
36908
7503
13428
33588
33909
60742
56263
26879
24951
54530
32605
40040
49341
65095
45728
51567
33036
10774
66124
5738
23649
40998
18864
15061
8113
27644
42531
55804
30380
58593
65281
18697
12839
1090
29344
57704
11933
26667
27539
45535
63242
6421
9442
20243
9492
9687
47076
27350
6038
13920
786
11701
47218
24642
26913
48110
21642
49330
45684
39230
19034
64132
57868
9312
13614
51556
45541
42730
29452
49559
51750
20858
61894
6528
16484
25398
60382
46702
19107
5544
17294
42171
4243
11376
31771
49919
38939
25275
34125
39594
42412
5418
40806
33745
40476
10149
25580
50840
27150
12958
17477
10934
25715
7787
34230
26918
8791
18315
55592
53498
33746
66177
47455
38034
25929
45486
7000
24657
13456
40433
1767
9296
66847
18658
30234
2708
65350
34956
20198
19219
54182
52288
65980
45924
51454
46574
16639
66612
8126
1263
64140
7605
25700
12142
53014
47873
14249
46724
21166
58972
22590
10499
11020
37639
35264
23378
15516
44169
5046
10119
6343
7184
21987
37556
20285
41957
20844
61384
28076
24574
7503
6509
11096
42117
20733
13049
43471
40261
34583
61670
38672
52060
60105
36341
14231
9780
15357
1840
11871
31772
19662
27620
32325
61204
5919
46445
45644
17470
13896
47323
13971
3279
36868
57203
56575
14596
3434
32792
41830
52602
42198
8560
5961
29510
57156
50203
15085
50811
53208
41414
48807
51905
62244
52302
6601
52538
16351
36680
26030
49977
35783
14310
45165
40852
53003
35635
38309
58768
30471
50983
66822
3947
53228
44134
18207
27420
44571
20354
42458
57446
27502
36233
66624
57692
27708
19178
2810
38935
11671
61929
64757
12179
32540
18362
28041
6128
58262
56082
54255
47435
50343
2928
59828
35676
36492
64331
50966
52115
54555
42781
37361
60796
63620
29789
11703
42129
16161
52587
50602
19679
42139
27692
16455
62720
48811
13917
4673
62343
41770
9436
39655
37123
35270
43081
36283
49723
3089
14364
62736
59887
32807
55633
61135
16551
39428
62126
2734
54909
30935
5501
6326
23221
47327
53012
59495
8741
60569
62626
34690
20047
17571
12300
17611
25947
21632
61893
49896
45121
18192
1229
65195
11981
28532
41592
19304
27779
50147
54279
27851
65570
59011
57276
48169
57869
49599
36118
28953
23268
18633
30637
62408
61225
17117
29287
13749
23910
58786
61089
43887
48476
6846
13817
25161
12735
55988
53296
38511
64605
34373
1309
43473
10269
57264
27493
49369
57948
7863
25126
56273
35866
35112
41546
32846
19420
46476
65130
40347
37674
136
46824
51388
44384
19373
44246
4000
59954
36454
58796
23769
44561
24173
172
10980
14594
51347
19410
39247
29070
60675
63488
39628
8068
43289
14774
63193
31753
64172
64582
12904
36266
7636
48134
15218
34713
22794
19542
62811
6803
15428
9953
6306
14234
22177
51592
62880
66518
5335
45754
14842
55934
30782
34392
18276
21412
3840
30836
60556
12839
57040
49962
4872
28746
27557
54919
25230
27321
19257
1606
238
10444
53674
986
2149
24404
38660
31773
6617
66747
7824
45054
36004
38832
57078
52257
45511
44623
51386
47225
60940
31951
4478
28897
32136
56165
42796
12808
38211
22455
20198
60714
65589
52859
62732
44843
61479
36308
18345
39702
28467
63046
27091
21788
6090
30385
14765
52000
29008
46930
50131
39183
16621
49840
5592
10286
41290
31353
38743
5555
17118
63629
17445
17757
27405
13290
49503
8136
30420
58446
66134
46112
64371
60420
47235
37903
2015
32629
864
53761
9523
62391
27837
27444
36746
20692
29212
55310
32788
23009
6930
25327
21515
16431
12810
66029
22744
20983
37655
34893
34671
46869
23725
48863
40076
14559
44557
62603
24008
59687
7820
31624
3588
62260
17486
61860
11096
24439
24276
36053
49009
56497
62111
1029
48397
13410
37584
53628
30980
18492
62399
55119
11565
35310
13059
391
44178
4860
7804
9933
28137
61388
58035
56857
13383
45291
40266
26049
18195
29334
58253
33582
32717
25709
64317
11195
23817
27393
34101
48471
54548
8695
45203
52985
27442
30548
2693
41283
36457
52944
708
30983
44309
48631
63570
41623
7537
5202
35412
66889
52047
15637
11939
37774
19092
53641
20093
22492
13187
42137
63603
35385
62500
46258
7759
21424
45449
66748
65597
36216
23349
56909
66690
62240
44217
9885
14877
24863
1044
48372
61864
39959
65279
1447
37522
21762
62034
30969
61709
13780
47790
19294
38016
20584
41536
42163
31184
4239
12479
29609
65416
17610
35306
36521
43257
26321
28401
28377
25879
63221
36302
53692
44771
50239
64391
25888
36326
55124
26452
3929
62329
24279
36679
65283
46374
6630
8021
52501
21994
29842
63007
39376
34145
1109
37053
28998
20462
26920
62496
62048
37742
57972
64018
16904
64976
9822
55229
32677
36635
51888
53172
7493
34084
55858
31426
55613
5914
42952
59421
42155
23088
63045
38478
65548
43510
38429
39969
27386
40108
60304
123
51861
52853
57650
62700
7595
55835
20759
40907
52026
58789
30148
17432
12257
31994
29560
37442
64215
40416
8274
55958
66467
734
48772
62648
39082
34634
42621
16185
35008
38424
49325
21734
30341
23271
27665
53097
3873
45481
42926
2206
6834
9008
3314
64451
53625
34672
718
46620
47117
49908
7055
7451
62480
39040
41884
29769
60958
6425
51354
11643
33427
31668
3331
58212
23876
2450
31446
20083
10405
6710
54136
63713
24906
65839
49399
1417
1834
873
25246
20300
65949
8330
28501
25136
57118
11484
27624
12972
39755
33534
63368
62971
62977
10967
28767
32194
20837
21584
9405
62744
54837
49556
29855
43305
37285
23336
12639
36318
55902
36481
15822
22333
32368
51334
18222
42089
54408
63331
29181
57662
28949
38622
45651
43915
17901
13074
64028
51212
60
22958
36417
50250
64164
23666
12825
54506
15912
65205
49973
39591
5314
1749
56410
37996
57221
25380
18231
33450
764
33363
36701
21642
57753
61734
46623
54360
20954
34371
655
17189
29014
57793
47008
42991
23950
64233
1930
23535
36918
25283
11503
14390
16458
32264
32444
7533
57541
29799
45364
7016
36181
21487
25942
7661
61491
19496
12447
1191
44678
52030
65130
55946
16455
4027
33764
16738
14335
11039
76
61053
40668
14094
62167
34017
58779
30119
56130
17011
31063
16749
41904
26037
17031
31764
76
37283
40758
25969
46464
52867
46180
25574
46371
26998
4474
16905
52682
17415
62347
42224
14277
14831
25365
379
4458
40219
46407
2157
7799
31347
57925
51240
33992
66575
61774
22565
49201
50232
52119
3021
34638
26296
16832
3855
56822
56127
51555
32958
28925
21963
3950
44334
12328
9715
65774
18188
47932
53336
27915
41591
4623
53696
34347
30006
24416
42465
35374
35734
35947
17823
25233
55464
47012
42026
11942
8958
4533
13887
47800
2568
40571
29152
32692
62416
34802
35915
33787
3877
6472
39156
22716
13120
54151
29776
3102
62201
26540
543
53819
108
34365
41589
16632
64494
43112
46845
24466
31150
61798
16890
60210
49738
2174
53980
54905
26943
60525
57707
12990
56964
11116
53611
35004
21828
28674
39973
14593
37774
35728
13077
63809
11459
57451
34917
21930
48355
16588
2758
42159
64540
50692
9733
7504
21152
24507
21938
62985
19873
29839
36889
10270
57596
52978
45594
51464
52048
33588
41019
48385
62545
7551
40512
39140
21965
6538
59884
18392
10714
43645
13959
17179
52074
19835
31876
739
32685
42582
33750
53984
19242
21580
11150
33093
48873
37094
2148
16573
52183
24586
24527
1338
10078
38678
26010
56608
5408
43733
41526
40937
17097
36175
51358
15953
10175
8528
37691
10658
4255
51434
58172
28634
52748
51486
18809
59439
42430
5310
24356
57549
60853
19134
64309
8415
9729
22417
29425
50257
65072
50400
7526
19134
29842
4485
11110
15965
57781
66566
64701
1598
56008
12549
66128
4331
26318
27155
12156
42642
47945
66076
2272
18670
43407
24382
40745
19060
51838
39420
56008
49556
18000
43280
40697
45766
35659
19812
46331
14699
23088
61617
21991
60718
30021
33041
62615
40143
31809
57190
19164
11623
66476
26766
29467
47467
35993
24406
56174
44767
57280
24507
57491
26099
56388
11999
14947
5795
1166
17833
24713
55256
29516
10277
27804
56844
6986
14835
18659
10242
59243
49068
24053
65364
38324
1670
13570
21991
1757
21344
65729
377
6037
35001
31670
26763
13977
43876
55375
41705
51216
41421
62612
28830
52142
64447
32313
32332
10827
45950
40626
58305
55584
63199
31674
66749
22725
55680
25015
32432
61609
63954
56037
8192
57247
59315
24245
47624
49506
4808
40634
42501
9373
53951
52097
59642
55586
13922
59042
55803
44292
58672
37927
61574
59090
19893
50352
34285
64763
19658
44192
34920
31937
66623
49055
35200
61100
30677
32037
57511
63540
42760
30064
33250
30057
57834
63466
1656
36842
55123
61531
4932
47361
30587
25854
46710
6360
31330
57538
27985
23306
13662
43391
24045
10408
15340
47603
55180
66150
46179
5233
37010
66170
44689
6724
61165
56848
53009
7677
52692
47981
2628
66471
15772
49462
56916
63987
16246
22563
19432
18981
692
27678
6041
5266
52482
66674
30420
7029
15401
18178
56080
19364
27126
16496
50055
1107
43874
38862
32681
40941
7458
57836
33443
1195
58479
48782
23839
26427
56472
44097
23293
24005
11403
23651
12679
6684
25995
43860
15355
19040
59834
49661
27489
15244
61504
5059
19428
4673
49764
42471
17182
29638
34199
59461
11587
4410
45216
15927
27631
10840
56585
61246
62252
4246
3793
13765
340
37034
17667
3489
30605
49144
18148
32353
45538
36589
42706
47326
25094
64121
6279
54726
62307
22237
24317
19036
6193
22105
2116
23500
58394
42632
44262
28957
19233
39259
14443
56967
29579
18390
26024
45606
53567
24483
28203
52675
17935
40881
33489
16669
61224
27264
41289
9385
34261
52692
56929
363
63447
19996
38526
37016
26530
17686
1305
58762
15625
43529
10452
25639
35106
28430
46805
37798
61131
5635
16689
14798
56123
4813
30170
59749
13326
9154
51051
46618
31185
10393
46432
1
31635
15382
42146
30280
60932
12230
23504
16090
4527
41755
24513
59583
46355
52740
58686
55189
34424
44101
47037
37464
55004
4614
11703
12034
46693
39402
35611
56623
34232
48638
33884
23207
45969
59772
43861
26568
10212
26572
28965
64144
55487
23726
54078
41812
44458
10046
55359
61448
19183
55348
63217
38812
16612
56711
6510
31671
16880
27053
61733
54986
4241
55721
60243
4531
64331
37394
41515
909
18933
28252
14830
12992
58254
54582
55926
36483
59133
43127
60668
34170
39566
44717
29001
54981
45232
64468
36530
37424
36891
47055
55612
50344
14055
65133
17279
37625
59295
17475
22975
40353
38892
32771
58534
15815
51719
33422
39477
16974
37014
8539
51881
64760
2352
17764
530
9097
9539
65481
10262
23273
64282
6283
29949
2221
18213
63023
18349
45227
512
21468
52550
28584
14102
16843
65912
4065
37822
37027
55912
22938
16563
40254
1074
34853
55809
40700
60088
15130
16587
43314
29392
50895
45138
31758
1515
6749
63120
66537
7034
28848
24731
9745
18228
62800
5820
66362
1914
1488
21111
48849
15923
7731
4949
38469
29523
2830
2373
51218
45318
613
19634
45427
39635
50326
12798
39171
12307
41852
2684
65953
20329
25553
58722
20238
47379
53940
52941
23643
38
44898
66799
3355
9441
47460
30331
35203
5632
32165
36281
21818
13816
60303
32949
62673
30578
29521
7866
21848
41489
3086
51860
39857
26821
41108
33243
54029
47642
62712
39419
39378
17090
49323
49177
18942
48831
38363
30456
22123
61629
63041
66720
8223
32404
64506
18216
15742
50859
28268
20675
56366
18103
35591
42726
32303
17068
25573
19609
51173
48147
20319
33708
23340
37361
16902
21529
9606
46760
26963
47487
48291
17094
24859
30231
12542
32827
65715
42911
38832
31457
12700
21619
26084
64508
21922
57972
35366
784
26599
19657
11232
2338
47463
32938
61859
22775
52647
8403
19070
24352
27151
60981
50238
58015
63601
60920
571
63795
27958
43989
65554
28384
47692
14657
62444
31642
33181
31411
3490
57703
50542
10150
5515
56844
28970
45809
4877
10112
57115
18084
3843
12741
65237
58670
19673
53972
2271
43689
1137
6088
14526
63135
49528
9011
9624
45726
36299
4133
202
56254
4720
29356
31807
45388
65330
11821
50477
46415
21524
19783
29589
12719
1617
56528
51839
14453
35406
61034
55528
29566
24589
20757
37649
19969
17943
52512
46733
29464
37484
33058
19382
64163
36474
63595
48821
11263
27872
53112
25500
1934
52350
48562
46770
31648
14835
41488
12586
37552
32723
3707
43584
34049
65435
53831
32946
26631
29833
29754
41710
5826
31365
28901
7638
9660
43806
66911
44892
39812
64602
5529
51612
37155
34358
5748
48677
3684
15830
24758
10955
24049
36802
2732
56004
26160
55310
13090
26900
36156
29756
32309
23248
8720
41319
23985
60404
27614
7015
6326
61937
38510
25084
58245
21895
4274
24872
65825
37762
50054
718
59209
31780
18413
2401
16986
19935
39958
34099
3528
29581
33989
7123
13621
50590
31662
43497
60867
25477
27253
28633
62003
47495
14417
1777
12360
33561
59815
24809
29725
18238
4130
27342
47075
20986
9000
49179
66687
48245
6359
6549
25376
55135
31231
54801
42822
40972
9201
47933
46086
46837
59021
19712
16858
40619
51882
44238
65469
51144
43125
39643
41284
11852
27284
38555
25760
24209
32941
34228
33088
26739
41720
14578
6892
65719
66779
62325
39412
7367
25492
30160
33174
59128
54137
58648
37543
64344
7459
23327
55281
33959
65457
39732
40434
15937
38121
2433
17085
10876
49665
59769
45098
47925
57532
27659
29680
44257
9104
42896
56755
38819
5460
47773
4489
44785
1294
11493
26998
63091
1970
49711
35711
53034
30399
19751
39811
38608
37540
39883
38582
62721
54336
45116
38623
17213
24367
53135
19545
59042
37608
29767
42919
21786
33699
7193
12832
52510
30296
27212
30211
13887
27123
39843
50084
1308
34115
31528
5931
9237
51178
63078
11830
52731
29390
38099
34389
37969
26286
61080
33971
51995
54737
4471
15628
39970
24079
16680
23962
37570
63947
26776
14490
17280
10048
34414
31163
31354
31233
42715
29190
32669
27565
5686
37713
17901
2695
54817
61694
37045
37123
62091
13385
23595
40749
62659
53430
49311
14971
53837
54344
65744
47235
64740
35055
26075
66519
3157
36233
49665
41668
38964
32137
50763
28947
34686
28844
23837
8342
59018
60480
34460
15148
3156
62399
7045
15568
9502
29217
26948
15828
19781
3817
6917
9947
23182
44550
19939
9243
63252
9177
6515
30377
20352
31750
48684
37535
10467
46019
56669
21473
7226
31629
56274
57765
13566
59778
38517
66672
62998
27794
117
12501
45092
56423
56030
39048
41298
15595
23413
45265
52543
6328
44285
56876
35729
11922
2459
54069
3320
59193
3842
63730
26445
36507
20900
8160
1678
1494
49590
53511
50591
42779
15471
58498
44133
39502
13013
17134
11474
46834
30620
59500
50953
20889
37171
31393
49605
8609
37340
19506
56106
7323
2496
15101
63415
37804
4901
52611
2303
6454
20942
50090
47643
18337
49701
56335
56805
17091
55863
6592
9564
45375
40676
23544
55711
2777
58537
8787
44431
11463
60844
21969
66021
24652
3251
63984
62813
59678
14642
36249
11766
49967
65623
57149
43119
40536
65812
26121
37904
45385
5752
66604
62090
58854
3674
58041
4940
8812
40771
22456
24179
10785
5070
60590
54349
24696
35183
60685
20410
56604
4830
38543
36535
29172
29551
55428
46336
7109
9991
65643
33674
23165
19684
42676
43306
52003
7137
14084
21429
16901
27077
53650
51973
55969
14463
30782
14741
52973
25776
44449
31290
33818
981
1184
27293
27674
27992
60962
22105
45266
21130
60337
9429
43227
39319
66597
45015
307
39461
50283
4694
3168
16010
9077
53250
64668
39314
66172
16890
66884
49490
10680
6041
10475
4356
11984
33630
40436
34487
57036
65950
8029
43186
20647
58744
37238
2973
20755
10173
26232
63643
57821
43754
17370
176
37383
58140
43335
39075
32788
25543
13596
65713
46630
60803
31989
66406
42475
38235
28359
66192
59350
7827
53608
53946
39138
66221
52083
15913
46465
36384
52423
65415
10643
44207
52607
62793
46386
5569
55308
66047
48850
38393
5767
20088
39470
31548
28251
11344
10038
14187
40694
25007
56436
55692
34600
31990
66069
20889
22037
9777
21597
12637
32413
12132
38515
44118
48378
66483
31372
56036
457
18762
22107
7716
58625
36117
26462
737
53569
65221
27211
60920
62734
3240
21922
2910
37586
2651
47708
47312
41248
34151
10977
58174
31532
54422
18568
9054
20824
2920
4375
61649
13008
10278
14242
14940
57495
31778
45928
15908
37491
60777
38945
29454
63931
44055
64059
5523
184
24925
12180
19541
61177
36224
22506
27313
16809
34529
26590
50737
59716
3117
64519
14548
65823
7697
21659
25500
25772
32948
28736
13131
52397
20265
49377
29259
40344
28991
45860
59129
11280
52511
48696
28269
22044
729
66404
17745
33065
42474
38114
56083
51691
2870
2706
57393
63080
19583
49099
32032
17893
40560
62996
9665
24274
46816
2801
21305
57225
27382
14961
44131
21237
10141
40364
31284
14348
51876
55810
11082
18526
8093
23759
7874
4064
3311
53402
60317
5481
20787
1980
47614
47214
63128
27142
26498
28320
57011
55268
25117
17227
35134
34278
5965
34986
6051
18580
21421
1286
43534
9817
48592
8054
10469
28913
53256
31056
59964
40732
36458
43677
23889
4524
14464
38418
36617
65947
17027
26666
25173
31374
16418
29986
41413
19446
2931
50461
24502
6165
47469
41293
45523
31909
8176
44995
22430
42908
54370
1190
58681
4908
56966
1567
25206
2359
35219
18301
40855
33271
60550
55876
2570
6931
36421
42201
21389
48702
52882
11952
27370
16954
14159
4134
56135
55186
49476
6723
36381
58813
27915
53103
23378
31182
63764
58365
26541
55031
47850
61677
7270
45382
20985
60739
45695
9464
55194
66276
54483
10250
49868
44113
62634
8207
8281
55469
4254
31588
57234
15080
30013
51439
66488
35174
14579
13917
55952
33394
66915
51234
26618
5947
52193
1723
14839
40657
53799
43760
52300
4104
33675
56718
49407
28771
51274
58233
1173
29853
47235
22958
23589
19640
43594
14078
9157
15272
17775
32646
38567
26433
63090
45524
27967
62269
34894
14900
3772
45451
51511
37136
48648
4521
39473
60694
51182
66442
50063
26771
6823
46146
26428
63645
28457
35686
30489
49918
2213
49672
28412
60597
9619
64560
60673
17047
23340
52863
14104
8051
61716
14405
43594
42754
23074
12850
33433
14165
20237
17233
56300
46409
23276
6073
16819
64573
20562
21893
19549
47556
4109
16387
61092
15446
45202
34642
26354
49473
49462
17780
56586
20445
38803
65611
48197
26252
43909
54416
14983
30632
5440
54110
21149
25295
23768
1949
34326
19922
892
11091
53203
18411
46568
47317
18300
12836
20870
26163
51081
65869
8721
48009
8313
18629
31389
28377
40411
48290
22566
46198
36967
16715
29195
27900
8623
47530
1287
12379
37431
53575
7516
16123
31894
19296
43588
20513
20048
27645
33037
21703
27026
53895
56424
15089
28202
10985
46479
27876
2040
28294
14640
6753
13084
20194
7779
51999
26461
54965
62860
32839
20243
36458
32764
53033
7035
61253
20203
52563
55628
24251
56050
1618
2770
43780
34104
1417
7175
1427
5707
44150
17441
34614
6921
62980
52644
46544
43458
27187
3716
23628
39155
34804
65958
43005
9778
8464
44956
11888
24905
53201
32812
27739
31633
62856
15101
45183
27805
22300
21661
49736
16783
56124
9033
28549
56547
50804
52265
15203
13406
49732
41119
23852
18682
23007
25909
47749
825
22862
208
16445
58771
9212
16284
65680
61495
12917
59861
268
36954
49519
5304
32811
40502
28507
51012
64623
43386
50997
17656
55325
64634
34294
6970
38727
58779
55235
24033
56573
51221
51758
3424
41022
23237
66874
61632
49088
32222
53821
8769
31367
31572
60822
53108
52426
33613
16453
58959
9625
47139
51674
40822
4331
4074
13485
7050
1620
17211
23852
55513
13731
43675
8452
53139
4009
20643
9671
37572
58893
10532
2164
2738
39429
60526
57684
13965
4031
20086
46127
53773
54646
2306
7471
4805
48184
61922
55285
64291
60300
36661
6032
9528
11993
25397
21372
51346
32537
2016
2550
47323
34892
3100
64310
51366
60425
8310
43061
45686
63231
31014
44614
4267
11354
41715
32857
15866
29162
18703
55578
8103
55493
11534
38944
54602
8452
63473
882
18179
35914
35625
61468
36683
8793
20210
19303
43329
40951
6214
29478
58885
63902
49066
17892
43436
1098
54433
53420
25081
31115
35667
16728
41484
30042
39490
60611
44594
46215
38401
59178
12281
3913
57826
56692
65078
2447
37522
20043
35637
39956
24786
13091
58820
61272
15173
4887
61685
61184
64833
57123
46542
31408
52380
1683
46238
19135
56636
14818
23574
46288
36491
36520
29289
27553
44030
46931
34490
3300
63472
4590
13705
46787
52983
42271
41521
57112
41835
15801
8729
9570
27038
11226
31869
28460
16285
36711
35680
856
58978
52940
18984
39401
12890
14904
8718
39038
62210
7164
10833
8778
34625
56084
65318
26128
59841
51166
52278
35371
22528
15936
41804
32908
38878
37838
5617
38205
19458
26777
14758
65442
39997
30227
63397
37143
51706
6478
18549
10132
10577
24116
7432
11438
18711
41385
26834
48255
8252
55429
2232
34437
46152
21806
42907
56888
36810
56243
60464
31205
62047
21195
48597
6808
47612
35595
39154
5222
29712
24638
12217
2280
41448
15911
23491
51996
47792
66090
9817
41773
54667
45920
46868
58378
8696
45617
52929
45172
45769
21324
7820
8449
54728
21170
8920
6246
22145
15945
20641
12730
15358
924
33062
9389
66987
55832
11542
15983
52471
5857
358
37541
62147
46746
51892
25870
30994
19444
9939
16851
45029
26190
30043
13229
56130
3962
62788
65929
23080
33024
38167
15950
66098
17948
58537
50488
18837
20675
38173
33588
33456
55467
677
30155
35279
66648
23029
26748
4948
33954
66892
53794
51883
468
46551
17565
8048
26696
34156
340
35839
13661
2360
16704
27535
51715
19293
56803
56412
39277
33804
14135
65471
20245
50218
64732
4557
18997
29770
14305
12481
22249
14248
26524
21990
5579
17357
13068
40981
10446
48676
50699
34384
66596
57623
59050
2825
29971
66311
8716
60697
2562
7262
61252
66345
25801
52731
8947
28622
1326
14705
3745
8365
24124
18316
48389
37347
62198
31801
39127
11927
3858
46041
52595
22335
27848
21306
62416
19204
6121
6146
66726
10851
4597
47945
15287
7432
36444
13913
19732
46217
6414
37973
43848
41844
32271
63907
44561
40118
36586
60287
17754
13433
61446
42382
25326
65434
38518
58740
29088
32228
42297
53754
18166
50420
48634
57183
12523
18642
58427
24034
23115
49104
64130
6353
24793
5546
17254
39906
47565
56491
65514
28987
60697
45448
191
62103
52514
34154
16825
40584
22524
60918
8048
21012
51238
29001
12046
2790
40109
62738
19688
44593
23421
35936
11254
34963
60729
62124
66548
5964
12803
33749
34003
26545
44752
58598
39946
18937
47643
4158
26821
2396
51041
61836
27240
20995
46788
3005
14893
38920
35265
44820
66089
42955
31429
18396
30572
29453
39908
61477
35527
27997
24914
30904
59248
28693
65914
31265
51945
968
10883
37520
14568
22090
55563
66316
35879
8548
62340
17901
46962
9762
54315
24620
1304
491
12263
13153
11499
32005
19678
32777
49506
61866
20947
27122
32286
22163
23508
12916
26138
35175
40728
12813
35811
62391
5142
56265
56895
35778
344
39933
58754
20320
46238
59622
11395
64173
60519
16275
14605
57229
53523
8764
46977
9910
40844
11069
25865
52030
17914
3050
16559
59522
31141
46897
52484
37288
28141
35767
49573
12785
4278
41016
52512
62710
33512
17351
64036
39550
58066
28693
30902
22218
60014
50674
40960
23854
64552
27989
32628
60076
13328
64058
32526
38229
62223
26855
20759
37079
51358
43322
12934
48262
35777
33523
33497
36384
30059
22777
58537
28650
24563
1004
36467
35744
65332
6735
25243
45381
35451
36944
30691
54207
43305
1325
11226
19757
9152
63012
14456
48177
6931
26287
63636
28380
46678
57594
26192
27050
30084
6010
56461
8675
21527
28204
12864
45307
11657
7999
60630
59263
9241
56896
50588
64324
18450
13208
4478
6142
40718
60540
42289
29329
18304
54080
30141
42848
3855
50984
21274
46096
5182
18397
55979
21744
12112
61761
63672
45743
12465
28799
9245
57033
23303
63713
33952
30063
10239
39016
44192
26355
6757
5514
27433
18597
15683
60707
26036
50309
34690
3978
50642
27302
37927
47742
48537
38538
7220
5974
25352
46975
37231
49482
48324
40038
19240
37089
28229
9221
2284
9847
21691
25592
47359
40971
22194
60048
64366
61451
4676
54503
30370
66300
62029
19295
58209
4217
23002
32767
38950
1671
48027
65921
43041
20068
30175
1043
24009
24610
39119
51112
49325
283
49739
25938
21178
52114
47600
28614
59807
31476
26403
56827
34892
2145
55671
34408
58449
4459
47610
65946
15211
23250
65494
11536
4601
25945
24331
13619
50636
26032
17337
56668
39421
14151
32675
31732
29593
44764
32696
12370
64671
55490
38843
51005
25251
1750
17387
24870
39579
25878
34212
44872
2566
61881
33796
591
55812
53485
36994
32434
54767
25185
40528
36599
65577
4383
57769
10594
19529
36477
51205
53105
15797
9185
39370
61103
12555
37431
50949
53507
34594
59104
49318
27180
61219
27232
66138
23556
63205
21532
47665
573
13502
41663
24375
25508
63101
62600
57104
17281
17708
66681
51740
47240
4388
47038
15475
19607
63288
41919
36042
52620
66699
31580
36619
62779
34662
34357
61603
46129
43362
19683
22484
3808
59707
790
35091
58023
57101
38428
26908
60308
45152
55539
22193
6865
59399
15715
706
27353
45183
36059
21862
46069
48203
29702
22479
50888
30460
4274
34564
62827
16069
7029
43400
62605
1980
20444
58119
66771
13884
66257
52361
42296
60464
53704
50375
12489
36931
10958
42523
48352
26723
7855
14772
31106
19171
21650
206
2543
54159
53483
5952
49166
30755
50934
16983
35626
39076
47842
38144
44070
29920
53778
14619
49600
52361
867
9563
59364
17452
62826
17361
54888
65904
9230
28024
49439
53914
17685
27876
48245
64934
64582
57460
1302
29255
30498
29086
34771
54935
48615
43553
62330
58755
8498
48710
41088
26638
10609
16920
59942
4326
23603
27970
9854
53147
3437
65408
53096
42443
61913
5645
52349
55346
43692
16715
6511
17615
9477
14666
12659
43642
14477
30095
17252
46370
65512
8366
24429
10139
31454
46771
12139
64228
58773
43545
27837
9478
63823
31605
31449
10761
57468
2317
38972
15793
60652
40274
885
5461
8299
6445
61958
49808
53481
1918
34440
1560
11469
17431
31763
11940
33165
45583
53967
33699
2413
57602
45137
43911
57361
42318
60701
43561
31081
59344
28213
59886
41176
23237
25811
53414
46001
32693
21145
35357
30879
35929
66674
8571
50814
30317
44772
6462
38955
8616
13621
7863
49837
23241
65607
24162
11719
62316
14002
15079
27604
9490
10372
31101
8557
44903
39783
24238
47089
56780
62223
66086
31666
33540
14974
38997
65336
6516
58014
5684
10820
22636
53699
56412
48427
36738
48011
45913
35149
8150
66778
57838
39113
44871
1894
4555
46159
38828
22708
41857
20089
37671
46765
18397
34519
7140
49896
41995
46157
36032
23237
17882
52956
877
4051
52109
58706
34049
39487
15242
50326
48373
56939
33795
