27861
15376
90179
35087
69687
40813
63710
57954
58495
1
4564
37223
79954
68425
50842
41404
84756
45547
83686
71068
70129
2558
24991
12129
54183
18196
44342
12883
86520
70349
66556
67442
16798
58296
52350
9572
72735
90880
50172
35115
39968
72257
84807
88574
20118
7893
5976
17970
19488
8368
10261
34781
22615
58532
85510
69264
37007
73418
56582
84470
21776
3270
57837
39812
68589
9845
78602
32487
59389
23894
39414
26149
73544
42114
36188
51049
46929
84089
91076
94511
37714
86050
3414
72391
25766
9655
5092
40673
46183
54035
42945
57702
50503
82769
91221
31863
96780
66354
49802
78717
70141
54514
68393
17172
74593
23800
95365
96940
96903
48257
70002
32293
54439
52687
85278
10830
65895
93899
82621
85706
79659
8884
82459
63969
95340
76962
42265
16870
94368
7580
24051
11746
14450
58834
13665
58996
64480
68624
50225
39611
91355
72048
55629
74234
54972
411
46416
66950
67505
13331
28932
33567
63286
41216
12224
93608
86481
44221
38885
76125
44150
5454
27647
33049
51169
52233
20681
1537
38441
52134
44577
92721
78617
62820
88651
92016
73811
62529
32417
3194
91406
28541
855
69842
87718
33660
13860
34642
22898
14734
35869
11529
94416
27829
9044
93399
44573
39170
51510
68000
33081
96861
23827
79738
59950
94215
30718
44325
17722
73341
95659
36687
52522
42259
51880
16793
56494
74139
27028
83529
87644
84265
63109
55740
74284
36884
7198
51832
75754
67515
48325
78235
61434
26825
14786
64876
37510
51790
14755
52252
80899
96180
44116
38472
92626
24843
80108
52374
41538
86705
60939
26730
82290
84922
44688
8180
56844
50007
95551
44567
28973
40862
89607
7248
60130
26254
27466
16313
43492
91910
51445
38521
29788
7353
5863
96874
93169
79247
31287
17191
46606
61147
8702
55704
88529
52236
43
43459
64062
19507
55421
55425
39370
25096
93835
65226
83691
46193
8544
15254
5277
38289
93946
48297
48695
45960
21201
50009
29924
3564
17773
68367
93382
68860
71248
65360
56373
76549
13218
48495
41548
65627
86011
84841
12396
25182
4764
68589
28530
29270
94502
88990
72212
67740
34772
39398
72242
36798
65317
86880
49719
46999
16177
13162
5878
10977
2501
2238
32329
81591
96601
51995
49212
38860
81126
5381
8496
61546
4653
85045
93620
38576
49283
91190
2398
45155
61968
65694
92071
60247
68559
33756
36165
1994
60992
91045
1834
17981
34369
53493
5489
48544
11571
44612
35009
16265
38216
13902
86209
3809
48987
76719
87963
47187
63424
87618
81998
51985
77690
21068
20636
83005
73011
93889
58890
64673
16254
46858
9830
6060
38384
41970
90930
69642
64237
30780
20510
37214
1535
92523
40524
95343
7242
40637
55453
19796
62603
14373
36257
47020
58070
73395
41004
73590
96974
79811
16876
33378
40423
37855
90878
74411
77463
20073
45856
80330
1475
47392
70057
88312
77751
66230
54005
75711
96445
22237
38821
37150
81479
28436
51803
43599
52959
71266
29386
43494
41339
92493
74772
89936
43414
27766
66838
57981
67313
72965
92406
91540
52537
24861
80005
4794
74242
24052
80463
49927
82970
42930
214
38141
25120
40211
82950
94885
64490
34538
49580
86160
75982
91451
95440
7607
32792
44741
56074
26591
51963
53739
4913
4812
70315
9494
35093
16233
88046
84953
43758
61010
28395
90800
40334
92942
9442
32781
13481
25412
50515
1112
14533
59048
2347
33531
59468
34874
32817
91615
27766
28068
70047
83799
87116
26486
41524
23895
89447
42128
39774
32560
28199
51363
6029
35083
784
91364
86634
48167
35934
29254
94622
86481
25345
29795
67991
62743
66147
24223
22245
40569
68166
3057
60995
17156
24532
81438
55841
8044
37326
14620
55999
40622
26309
73624
95963
79703
42039
65100
69131
86644
45321
50960
23327
95432
85004
80292
78317
13619
56546
36280
25040
62189
48975
15377
35787
50167
15428
22480
87422
72865
71934
21975
89555
16662
67493
23155
30435
75537
24577
22833
90098
63010
27007
35055
65433
18408
91185
568
50146
33917
88036
57410
25837
65033
14139
67520
92961
13900
68601
95767
19151
55883
60979
27440
2904
26645
89643
6073
92255
55267
57673
24752
7937
61963
41652
16869
83625
91688
78086
85290
46488
28055
43158
35801
40265
53703
61239
38995
24091
758
29054
70465
55439
73549
5513
85264
53410
19431
6714
31678
4828
9139
47955
69355
31014
70379
38379
19487
38987
80897
61558
76014
91677
32389
83939
354
3536
85909
69591
84101
20316
57202
92000
82008
18460
81418
92244
31213
89195
50240
2303
55246
54958
14836
26978
21777
84868
8704
41657
86905
2291
76776
34981
79057
42404
90220
49720
7879
18262
75854
88880
82962
2232
58387
17482
36146
9408
41704
78352
61491
28345
96203
45949
21637
10649
88722
57964
30155
16176
10043
73289
21118
42156
26690
53439
13870
28002
80856
93857
79988
27359
76086
84972
41527
52140
95478
84601
53409
45664
75802
20313
14029
13495
79924
24736
62023
70568
8393
49204
18712
90557
34867
51047
30780
39555
433
78040
71578
71281
32021
62801
66591
33694
7962
59801
23991
47107
74231
73841
55066
91039
51773
44875
15423
6769
64537
67622
17616
9464
17350
22870
56225
93535
23754
14137
20670
65964
67387
8780
88776
79431
83654
19652
77187
46840
72340
10833
65487
7689
23490
87941
95265
39699
30443
3210
31358
34644
75412
35240
83923
53229
44683
95846
88324
87882
61509
29760
84383
5619
36259
60847
29788
83768
62704
95975
66660
87033
28194
73850
11674
38707
4250
68209
33842
85390
57890
16698
1493
62619
906
64429
7302
48859
5422
36480
62124
60579
12976
35931
17413
33716
60693
63934
62539
83262
77031
23366
80685
12588
12783
13830
11117
13083
47692
282
46489
74349
32116
30295
44432
34818
85222
95886
76499
80838
66354
95080
2510
64749
43862
51508
43810
46418
47597
76283
95176
22431
33526
41948
50764
80287
51943
69627
60915
9799
77891
65308
92770
27292
82703
61589
83156
30990
42069
60778
92272
51697
56395
46498
80453
26564
33212
25647
75651
41218
27688
22635
69664
67550
73810
27141
47739
74692
33278
76507
13064
14443
64629
31410
26848
25950
54006
42680
22941
6433
31803
20475
29159
33241
2549
87162
62638
45828
63589
53185
81308
40824
95681
59722
5182
39456
44102
87118
89479
43440
20408
42076
91665
80281
60635
44280
18881
8344
86565
68045
33925
34089
56939
5605
33333
70834
5709
47028
10236
73770
91966
44501
63241
82088
66603
65252
24438
18319
66952
65955
20340
78687
64657
63176
27209
40991
77700
70220
72304
1430
5881
34094
23635
36442
56506
83045
79494
72224
82581
62796
62155
81921
19971
40656
76302
46589
47444
49742
35381
11249
50137
27935
4662
60708
61614
49117
52589
77736
48986
72263
46432
58764
8580
77904
87144
16342
75540
36230
28894
30206
18035
51695
22160
91909
13136
88430
42431
43852
51103
77242
70286
11330
14856
31663
30881
2901
80962
49470
39608
55425
10434
88743
31422
60670
55068
22880
53442
69299
58644
50061
24113
32993
62402
69711
61630
21875
58744
79042
96048
41905
38737
39973
83654
95316
30359
20750
31617
63396
53113
92006
12214
7557
78671
75584
68430
95663
75212
4456
7492
25572
12287
31350
22019
28365
90438
43969
62842
68910
56551
16536
50077
66672
73348
17276
32440
31997
467
68073
74898
87838
35831
48395
51516
71192
73134
44862
24893
12421
47752
7685
2899
31254
86697
36692
59256
55174
77283
5441
80479
37714
21755
63621
65185
25693
31365
91393
79192
3336
31071
52419
9304
90142
27120
71200
37181
13326
90275
60211
79245
49666
15212
7396
77754
86636
46773
16180
38732
32687
20981
90932
19833
74387
54550
38101
55546
5619
94097
71818
16355
58337
64273
79945
60374
61994
63864
96417
37086
53627
45570
44150
2115
53954
73420
83991
38550
32730
29024
75409
50746
20526
8928
61788
51717
57382
22925
50595
2922
3927
33483
37057
80957
92509
91562
52855
93274
39380
69804
6538
45106
20172
72558
24889
14362
58603
96701
72884
30978
49668
5278
59159
28247
33845
24473
54662
48766
12718
82283
9555
80758
30925
47895
4428
7504
23471
24233
74703
29142
90881
75247
27687
78749
85412
81091
96120
56184
37695
29393
62565
7738
55791
48714
44612
33080
38113
94683
77535
44273
45103
38541
74219
33706
43049
993
33805
61690
3275
45832
95392
87815
68277
1188
41931
16820
35624
77559
42888
49120
54475
1622
46088
82827
93893
81377
47569
61935
81782
71546
47769
10537
43982
30463
69260
12267
41439
24406
36218
25839
47630
39844
11908
54122
55555
5281
188
82738
22939
32964
37132
28661
62691
41391
22815
71888
12645
34062
65940
9313
27847
57002
37562
71266
65598
54172
43333
87995
11522
2632
21581
53258
94371
78176
73815
15009
6017
1617
34725
96596
38377
22151
26729
341
9211
6704
34120
10214
39456
74223
15225
19298
2713
66927
90772
40625
1747
32201
80951
58527
22695
35717
49980
70591
60190
88353
438
23897
66113
39841
21962
57701
2238
17603
7331
64138
76534
76885
71238
60528
61340
80950
93076
19158
59184
49245
53149
70145
29969
84658
91673
61986
72010
75143
36201
73891
33667
88739
44661
77694
96456
48187
96151
74617
30494
44909
48869
62537
56098
8274
5644
36530
93404
58383
68455
34945
67224
12697
37695
37047
50357
82634
21157
29450
91198
52500
37706
34505
79207
94593
199
78315
74210
43965
43017
74341
49766
85265
39564
76311
33897
23252
76424
58985
33444
88495
65577
79511
83733
26678
34968
51438
4690
80790
34983
48978
81817
52424
7202
31350
82220
6272
55249
16998
70930
8034
30978
19732
77185
62250
62131
63726
6423
69158
44101
56104
21529
59594
82972
39396
76442
42031
58922
83850
57132
32826
57356
41685
28317
12197
28653
78980
75625
39316
72662
46762
52565
26246
19263
9563
49324
50277
1846
53243
32922
33484
58334
5236
91509
556
31508
11667
27236
64026
17747
32008
5016
721
63743
65513
35591
46336
17894
89586
28175
75512
43979
92186
32199
94885
26380
8637
17881
81662
75867
57746
3436
74314
673
87144
34343
93128
62134
56986
74423
49931
29726
80356
7481
32920
13573
31272
50443
2942
2387
17722
11932
36961
28563
32172
41716
2955
46125
41878
84550
83552
9811
59854
33699
65980
62649
31537
8984
29611
57157
13323
57303
65012
69606
35392
60499
51283
54458
37967
1532
36274
59575
38080
33987
54115
10779
714
64320
37932
43414
24971
36599
93128
16381
13661
89752
34910
82802
22889
8390
83664
83126
87795
71631
65490
62593
24658
8570
85981
76769
27930
6304
26983
62918
33000
45544
7817
19566
93425
85398
28197
85892
51840
67318
13529
29346
10010
44770
88324
21400
16335
72444
76028
13725
47671
45213
32378
86138
73878
57227
34811
20206
61878
30273
10147
48756
90143
6504
33208
64521
5198
2059
74153
67121
31567
39025
42537
54097
70200
35844
84435
70975
39620
35638
48835
17917
67673
26259
26511
44821
77103
71025
59505
21550
8189
95708
38786
9973
8537
31694
2500
43375
3891
39011
9211
54442
72510
26219
59330
46220
6885
85081
51958
62851
69134
20384
95833
18275
78166
75822
16357
41510
4313
47456
26642
50165
50643
40964
85182
14957
14616
7366
73096
55757
589
55706
67057
34412
17961
73816
66816
25863
80627
21974
56241
56952
10577
77727
65329
17146
89338
2585
8536
22424
17017
65068
62139
61742
21254
19975
52157
46952
3587
69876
16049
95982
48992
34940
77647
81129
28427
79965
85464
11783
69471
29367
45832
32954
35528
90630
55736
74599
85209
55842
48764
22129
44010
41730
61111
34278
42385
70631
21321
71706
80643
61205
1747
62255
7727
49900
65431
31462
17336
48861
27278
1703
10413
32455
11535
92197
55255
81130
18201
84613
19342
9715
46342
74964
38544
37341
17724
28216
90968
39209
27344
14327
22646
52324
68289
15308
54336
49487
60502
60384
38949
91164
93462
57532
32882
7572
32795
47405
30235
8597
54193
77344
60031
75329
44584
40925
92080
74394
81875
40249
92766
15729
69197
70507
37712
29629
71264
72504
65342
95321
49017
80961
13397
8047
84579
51482
17880
1168
58454
6870
2151
66925
4452
26694
62887
12167
26392
72520
58318
19923
88891
72044
4440
73906
30876
46826
53363
66573
70635
72863
43940
29021
1763
56775
16581
80432
7810
4636
3971
7416
48830
58684
86015
84173
36853
86945
70201
68027
70057
24777
3164
49070
64734
85742
45435
26026
44121
7368
16790
51543
29848
33126
95368
72289
51080
95380
5488
90997
86886
81238
25745
33880
57174
76435
87768
3786
31569
46949
39659
15327
37615
85636
73817
7974
14113
85802
36889
38291
71889
48361
79066
89759
50984
89569
89292
87087
66924
5678
12018
24698
24349
15318
20765
32283
84618
75415
58478
52215
64732
86383
11335
25736
4678
63677
25238
41816
13535
78549
56967
2042
32119
17242
44189
78601
17202
64267
34533
56388
53803
159
58048
79425
960
35381
44594
16702
70454
15829
76947
43576
80633
63418
93826
22674
24274
87641
8753
13527
61238
67546
11153
51914
19142
13277
65907
49418
65456
73001
43807
96724
47746
68861
58533
22656
53798
54857
68014
41022
43246
61455
870
24249
73949
15891
10480
94833
54056
58338
51925
4015
38711
23670
29427
39697
92796
53375
18935
72061
75911
72774
40150
46186
58139
30691
29797
87282
25553
74790
83603
81236
18631
84186
7456
53863
50276
62998
18053
72408
87922
29301
20015
86764
21473
77885
74593
49705
69468
33804
26805
53550
87995
63623
26606
34700
92252
89092
83437
53324
25214
9151
79687
60247
59243
15258
22007
59389
3265
64838
31357
63461
67550
19470
16018
16059
12062
16194
83895
73575
42907
26281
52097
71410
28023
14463
91115
51628
28032
30678
56129
60233
6256
51185
39124
72386
81336
27596
42678
95695
62609
45023
14260
54690
89503
75617
3875
33878
24875
65593
95840
41743
34611
86192
56769
13948
66640
44859
9849
9359
58475
94140
85164
90725
54748
67887
1407
72728
17521
10906
28298
92673
81808
72358
40102
88875
6193
53923
60373
38420
80819
8311
41202
78748
84281
15615
6694
50744
3953
43070
43340
61984
9737
87650
40650
22500
80134
23758
41588
55846
13962
39946
3382
6880
64769
40359
63870
83550
4017
46414
48108
69174
64267
70752
4872
57948
50554
86984
54422
21434
53359
28261
60983
69085
8759
90556
2383
1786
21281
15986
33175
83455
19528
37238
20439
43695
38025
64661
42146
38165
85801
34431
10253
20802
80255
46319
46469
50625
48385
73856
81140
39463
76894
43395
58168
84776
28519
73493
83568
18348
41747
74013
1676
30689
83205
46148
41992
24938
86020
6156
57100
71957
51263
92547
85323
94155
80962
2185
15878
75160
9538
20268
2093
19314
20737
15645
72017
88862
95383
35147
33025
7333
75653
56838
66815
54910
46719
87054
75669
84118
20829
91834
8377
72362
26886
18692
78051
88741
96570
86457
92183
64189
76961
93830
9324
24231
65189
21135
28280
66843
60850
35849
25301
20402
39198
93927
9283
1971
41760
31514
29179
27318
86657
84528
88918
55552
36865
87023
3960
12397
25744
79532
46164
7411
28507
40188
27813
30194
38038
34139
54479
11674
32804
62995
68512
46806
71120
53628
70630
22604
88830
41834
15589
14590
44892
34733
55253
32746
29070
69473
93454
21285
26619
84141
12562
12967
12410
49857
78941
20848
87272
76736
50395
78441
77577
81709
20678
10469
84039
37610
23570
30549
19580
52156
84904
11762
66049
62426
51267
9886
12953
58388
28794
24220
87173
82049
80306
67238
26300
66312
51992
76148
41014
50144
12568
76834
4045
22099
61604
87595
24409
9509
58085
80465
49527
8298
20535
71271
93445
75854
32428
74430
63996
41566
62992
71011
89386
54571
29987
2265
27019
14983
90688
25683
24860
63520
1538
89786
63652
41633
29198
39516
20144
49944
29105
65454
27209
29242
13830
65000
54771
69082
74204
31574
55357
18017
10354
23624
28632
28968
30408
32015
45629
31969
95476
61823
56144
53851
90997
42556
86059
47051
86927
28773
76760
42575
39523
54374
15959
55359
50034
56033
90920
70045
45287
5780
28798
29483
28430
4878
48481
15491
19605
44490
62166
57129
38069
40014
27780
949
57324
8030
13773
75989
56531
63729
50487
85472
66383
39294
26102
6757
74006
16991
81360
80177
71888
6474
7005
54975
44360
36193
45513
61065
50789
40800
73744
11493
68809
35723
17972
19435
15853
42522
38350
35787
85759
56661
37695
37980
41617
27849
24425
14911
24895
96757
59111
58370
83621
66534
55893
13120
35
65533
60838
270
3694
15563
24608
16736
80875
69643
27926
71281
25403
83333
96634
3882
77710
53307
76492
87801
48149
41100
60844
88339
77640
39143
19272
84045
39192
33010
74762
18132
5907
52855
50202
4549
57122
5839
25227
33038
32120
26441
43468
39698
61433
54515
37509
83916
67204
15377
69340
60379
3135
60524
86451
46204
71838
21001
40336
82126
19407
23098
35633
60686
53901
64882
46985
47538
49678
73530
45980
31786
17355
817
2554
12715
12804
29200
20396
52622
35814
68755
80937
45325
32739
75147
87290
60982
15251
58976
83570
22672
29980
44764
42884
45257
22436
32259
616
76802
89294
66998
93246
60642
34497
58519
3294
44727
58817
25919
32257
9644
93863
5883
87615
53572
43692
81709
1334
1101
71518
64239
8835
63287
55124
93138
73209
23187
21740
5564
5275
69745
39918
86336
50847
75225
79925
39904
18186
39811
94674
53541
24354
42779
6684
33095
96819
21556
87280
84080
56610
65525
71144
15922
48359
5424
18836
87985
13739
5551
55442
72411
8726
17338
74666
56628
9067
49219
32755
40103
44826
79123
22228
73422
39858
27693
50712
94410
11033
10127
17105
48934
12401
31442
53519
3294
39354
52759
90710
92941
58838
75889
28929
93755
12324
86265
1358
318
65028
43156
66864
55496
59012
91465
61739
29134
92749
90119
55672
50984
55149
70204
29805
50156
81953
73232
41863
3813
84591
9167
27758
86762
55494
75613
38158
73881
37618
30531
46406
1521
22176
70504
72583
18383
13714
71428
78787
73392
31743
35286
66303
87974
78522
14085
21022
83038
85725
9611
80315
11045
70115
66533
27346
15051
75191
76215
36524
53416
5364
41188
23086
91499
23233
16195
92445
63665
23920
22206
10864
91098
29148
28300
61881
31863
94933
19454
17681
65904
87618
19871
78191
93098
25673
39932
32181
73645
26845
36154
80960
58556
58189
65639
49977
20718
12029
31457
58245
20369
22475
62531
75397
4166
89289
41294
36875
65687
85234
66220
3634
92237
37098
83184
13376
29454
25822
89169
57539
6940
17053
53788
40133
58969
22266
85897
50861
24262
32447
12382
54563
8835
84839
61696
43048
45641
79024
68465
8504
61131
71788
17219
49493
94882
22595
12058
48953
34559
58806
79743
42079
4948
45642
92088
82351
75020
86038
31061
22300
7817
35243
41742
82140
66156
25016
21977
42323
74782
44023
81759
676
12981
36304
81166
27246
51747
18383
48617
27958
93681
15516
53835
45135
25520
50167
6458
46811
2024
35310
59624
50740
27065
33101
5710
48931
7511
56825
86801
33044
19603
75833
71574
51180
70179
11809
76473
19649
91820
44852
24513
49260
1414
38765
5464
56813
38246
69490
21471
76308
77249
96630
92534
37415
58723
64922
82008
47389
58520
42159
31428
44845
46506
70874
21449
1252
9857
14132
51849
20161
67912
15613
50422
37447
44284
19397
92499
58870
54752
77943
50513
33054
84227
44090
9673
42538
93691
12333
14321
76941
79027
95582
32912
49995
11784
19950
65419
82454
61745
57653
85394
41196
6197
4470
58229
1953
54742
35359
63615
94175
8499
29096
46357
84142
76699
12069
64512
42409
8133
5969
32837
48159
37069
72097
48918
14715
89385
86202
1906
26881
8985
8616
94143
89724
23765
95108
2384
64905
90280
37208
77849
92866
6866
60955
68935
68168
35164
54452
16333
21280
44436
6276
75401
21736
48809
15485
85892
78879
9312
50224
50128
41662
24060
2528
77925
68791
48853
68633
79900
19376
57519
83388
67877
1996
43435
36450
27979
30854
70474
53730
44300
52963
6342
66537
72799
37835
19659
77637
44782
36692
54298
96926
95243
16451
77319
24658
80071
33327
80624
41563
49093
7892
89054
19830
14774
62457
83208
18771
11333
28135
46978
27524
80330
42078
36541
69205
89252
87789
10184
39814
73935
9501
76684
199
75766
10620
9733
57209
3034
75041
60860
56997
33624
56880
61873
979
18432
22964
90438
83937
369
27988
42407
3158
50795
34452
4966
40330
72685
65465
14370
44420
10028
36120
87343
36679
27605
42371
25130
61466
17745
84385
83427
46827
30159
54305
59940
63895
24288
63699
46577
3152
72780
56867
35261
3188
92274
90163
92844
34941
35716
49148
76632
67363
2569
80584
29474
2434
4195
91223
96778
46153
45401
9411
27490
15265
25744
29834
79884
61373
23410
69169
52
5812
91416
49752
39641
85281
24547
49965
90924
23707
44326
88456
8043
9862
40856
18584
50296
64813
44486
77505
85737
70353
28285
86763
11557
5571
88213
13608
93668
4850
6545
27433
16949
54290
73210
42437
46981
1569
62523
21888
79043
21767
60424
23004
25257
84785
74744
45878
60444
94850
18969
61071
35212
32575
52258
25981
75967
90213
89836
302
33369
86674
937
44737
65862
5372
39607
70697
31127
83482
982
90638
19691
33925
69956
65145
24485
77082
10443
94716
81635
65967
3376
25781
11374
82447
93636
96221
12405
56948
86887
73792
41117
48400
58992
26963
84940
32072
71793
26261
51955
94454
37919
62340
52632
41529
63632
62949
63971
64035
11725
57016
74073
94631
49959
75893
27076
41909
3142
6823
65668
81203
35620
53171
56558
68217
34815
44796
92410
84553
34318
82311
28499
80882
62931
81734
86984
96064
19958
10316
64183
8969
88339
88380
67777
91662
93898
26838
88849
21964
81660
82830
33213
29974
72997
80546
54231
23745
91853
76649
87406
4611
87448
17211
6413
68489
95309
23704
4469
72908
27356
10721
37494
33591
93945
66621
67249
29392
39773
85585
37089
58648
62371
30640
25287
41729
37472
46010
10357
84499
27747
44700
84146
32738
88677
80988
90388
8992
73786
50862
28604
9683
18645
35056
20579
60450
73082
895
61515
6337
74980
53052
94768
70911
28431
4431
95509
28824
32399
53334
33250
63196
4760
4706
44435
31979
81095
67454
91020
29123
8973
41812
57353
11647
37788
6094
53250
25366
47010
86166
2164
61854
96211
1515
41442
92227
33867
40672
81570
74407
43920
15778
29788
1663
9486
50159
34685
72424
55676
40325
9714
51117
71395
83934
34712
61390
15535
66990
52064
45862
57414
55398
87239
75417
44470
61881
67084
51368
14907
42223
66939
29227
12998
94739
19207
1242
29409
75974
85307
21559
17294
32559
39489
13691
72216
37328
62412
77812
83145
5933
21360
111
30498
22667
35994
94888
31505
31794
59153
24796
45748
72457
72300
13295
32813
78397
81893
22254
32886
33181
85819
20611
16619
44277
43237
44537
48094
60445
92314
67563
7014
34662
62726
24101
1777
42000
28799
74934
16776
32946
81902
33665
18234
38216
87368
21750
27720
83666
80572
4690
80072
41191
56775
46904
88021
83509
6771
64122
39556
17419
42454
42728
26609
46725
42895
37147
58432
83011
56563
36663
48599
25703
66213
18867
48792
67552
6909
40454
45157
9984
82183
44584
44580
28847
73308
82882
59594
14682
65022
28435
3484
41076
74484
36792
47024
25239
30061
87982
62946
92566
66194
29303
60362
73506
10732
50056
25411
77767
2181
46315
29111
19563
72986
22501
50022
96986
78550
53373
45189
35169
48682
80256
87666
68821
29232
73069
34358
6455
94398
16946
68196
77479
61088
33923
36270
53729
75767
23977
66798
50536
21885
29751
7354
65014
78178
66956
25153
24365
26360
64918
33210
87885
56403
84852
64931
55682
2725
39373
30607
28185
12414
37698
20401
76640
28960
46181
20565
16767
23832
81149
31710
68975
25368
839
58370
53501
60378
75459
81273
80986
10943
35056
59132
96586
65030
39668
4923
30631
70616
2731
12735
16850
73727
53683
65598
64950
24535
11251
12580
89225
2141
37854
35518
91791
14612
19536
7211
26964
29926
78915
2395
8966
51951
13622
54833
3741
80390
61139
6525
53424
91901
42340
44418
49326
44399
89409
40494
32509
74393
33472
94560
59882
3745
9817
13059
79798
28307
8453
71529
10817
29107
43235
39427
93925
54644
80878
95420
55578
5767
91223
5870
17305
19687
34330
87692
73599
19041
33295
52494
94545
40730
50824
54715
54623
79552
53794
4201
44438
33658
84434
65407
74005
41068
32533
47604
6843
8186
65939
21505
15411
45101
41737
1697
27990
90132
22419
4441
96044
96818
14874
55937
96958
89109
73191
21650
25034
6295
38612
63155
67804
63501
83555
40964
53662
60429
6774
23643
34572
73180
12522
47460
77854
56941
51608
65946
47811
73790
57961
90141
17606
12709
92910
24084
26008
44888
76201
10722
37562
257
76412
20749
42892
63624
87980
73633
73119
87938
71537
48603
79516
24624
70509
66761
33599
19290
20510
91407
20435
47658
44538
54684
44635
16366
91574
92499
16450
31333
83819
93117
46904
10714
21277
29260
70178
82406
61553
25043
53933
96704
78347
83009
74078
49463
67834
36428
35489
25913
28824
6833
33508
33036
15465
83570
63143
57233
11135
38473
94874
952
86904
61465
92987
61727
18901
93683
92674
71068
84343
3518
8315
13642
61888
41328
15704
23336
64067
28553
6408
42660
33994
16887
94048
95503
33666
60363
68812
23258
165
85314
96355
57039
53523
3328
72044
40810
20806
88736
79288
24942
91697
26166
14942
66980
22595
3877
47020
38430
1030
7460
65809
58537
63895
47242
35533
79593
41417
90275
51929
28630
33147
74619
5680
62253
81138
90600
25689
58737
61196
28476
37088
32832
20195
86951
632
77442
70209
34915
66704
948
41518
47361
80463
5211
77852
93353
1901
3460
2379
54774
65047
16880
20662
60408
80006
36125
41688
4763
15109
59624
77772
41773
85574
75677
33633
11589
77760
86785
5166
39223
69630
88463
8287
79700
42447
69967
31068
60846
10501
85013
2570
87096
32700
85533
14265
50484
34194
30364
53386
7591
15933
94609
14058
18391
67557
32083
92143
4892
12416
28308
36301
868
4139
82867
90566
83585
57644
89680
93004
25221
80945
73280
59044
72950
34844
28472
69241
96828
48462
20965
65834
2598
85004
45010
43810
33101
643
17092
90233
14289
17828
51832
64691
66455
77955
46916
72709
94964
89298
28250
1520
78891
23605
51640
77612
72122
44578
89389
3514
20155
65319
51534
62302
39510
59583
7118
13823
44644
59482
43165
9836
85862
9256
90479
8100
38620
94922
74261
18554
80777
91974
17465
27260
20699
94093
64538
9750
60817
43258
58008
75432
70046
29977
6057
65336
78258
16049
29474
73229
88839
45815
26065
64162
9904
76769
78687
44379
77838
11212
20539
64448
13372
96507
17898
2267
82602
39253
48170
54430
9656
70345
62389
16078
48112
69688
24131
77942
30046
63790
29377
33602
31715
36991
76470
80569
60524
7331
87779
59605
29409
15125
54594
19627
12322
1182
25543
63617
45124
78728
40300
94313
55161
68642
90713
35145
51566
71047
54160
23395
22765
25595
26687
21616
14675
37916
74022
38228
61892
23472
50952
76982
62882
72585
31294
8143
94781
92490
83423
38100
69620
84044
20236
51161
42745
58753
43847
86276
63939
62740
53540
4084
76309
12355
74456
46156
71684
36139
8870
37511
18646
87574
86768
87073
35597
68411
67947
57448
1026
10467
66811
54318
14375
12315
20805
50492
38125
8043
79116
46748
4148
93898
7762
76579
2233
96611
25736
85865
45953
23232
90650
66183
57180
33433
13049
80859
62597
92289
40604
35275
82238
96502
50081
93972
86632
90771
69028
58221
4567
24923
15594
87549
78356
46196
7376
59270
68077
15182
57092
64380
45071
41671
73597
74190
80971
6844
54879
66768
10495
52381
88670
482
25979
15238
55284
85729
65091
28142
6253
360
70941
59478
8383
26219
35592
11160
52696
11799
44333
8936
63471
53065
19969
779
95109
32138
93496
89011
54284
4067
4350
27957
42637
22723
11646
53192
95880
10458
56230
9329
17116
33713
63241
25119
93647
25665
86756
15960
14023
71956
82421
36814
542
66539
88644
93042
55316
13189
48302
35619
69982
95921
51206
37587
52829
25481
85132
82703
86562
58219
20266
35344
62780
43804
6497
5339
25500
84979
46435
21481
91072
95904
74905
31283
71628
88303
73588
19199
16687
64005
67256
35895
69216
45654
93997
58764
41033
77648
27343
30823
41740
21911
50422
86895
24299
67214
89984
12380
23260
7767
42409
49415
71208
6735
68124
86532
19109
81689
71732
70821
24769
813
94780
37932
25407
17069
55100
58052
64734
20404
53813
57669
53501
9515
579
79178
8659
31666
52113
23713
65834
96639
29963
95974
60780
44661
32012
31316
96293
32372
56416
49729
72072
58273
13364
237
85022
77515
20570
65047
90768
31522
77232
4172
66086
95507
67368
59605
12137
43539
62394
55419
95826
95520
237
73098
10069
81711
95789
2191
86472
68029
14558
48128
68974
14958
73262
65598
78441
89187
26009
68705
91155
39324
87542
10129
11205
32458
37110
7924
35392
82359
52413
25153
31137
24709
60386
27111
35594
93232
50969
19882
96211
40512
88431
32988
49592
42678
31629
8940
64860
11515
77525
59014
34651
72128
65593
5223
40589
34517
68548
64202
35686
50649
60840
47132
9866
35219
44430
90633
21014
84491
90421
74553
68337
47800
95137
30802
1858
27895
64724
67027
21355
81445
68579
73370
17491
45169
43071
85826
36170
69720
47316
79221
49557
10654
96390
27170
47585
27054
61615
33587
12148
11382
41973
89158
12535
31122
16144
89822
26311
39508
96625
68917
90059
40981
27606
10664
79656
88531
83339
53831
8416
30830
85602
68007
46554
89000
41571
73206
34634
30169
92398
3115
89145
24684
31421
3703
18751
29922
53975
62132
21461
45377
26695
47864
67143
87568
65595
29486
73694
22858
28320
34609
56156
66604
80507
89262
55609
91653
43747
21589
13602
55137
35018
82691
59513
32674
23553
31816
11727
79091
19051
36208
90390
92338
29050
26960
22844
92482
76974
31142
92065
60898
26996
64301
51209
37806
23099
54684
21813
42623
77217
66626
16940
34618
61972
77281
83951
76178
26293
60452
72763
3602
24487
12493
79455
27891
94006
20688
73420
58367
8914
24277
67564
65112
63002
75286
49156
12479
53597
30542
29603
49508
87027
13754
96837
4703
70379
54455
56049
12906
37438
6991
16309
9683
22808
31577
38708
75329
32759
87764
21213
15906
80539
53480
34453
38886
69198
18873
36911
81916
4957
86976
68176
20599
81732
32400
7687
89309
19064
39362
13721
20052
74454
89630
14267
7449
78985
27143
3872
74942
83992
19176
88579
80975
17254
40129
47014
44874
4859
88689
19736
46697
43456
46526
60477
66821
29952
31816
45640
42200
43714
84790
79868
18830
45818
18164
91640
32745
57023
41650
21696
63672
39831
42978
61680
53116
79271
65421
81116
93991
40023
20770
23810
73721
29450
53060
17729
85312
95827
45775
94163
52243
2459
76431
72238
11035
92119
41309
86600
69071
45461
68495
81448
7778
42663
275
11218
53315
37609
76744
71722
44185
26045
43113
52186
59961
69542
65390
75351
15525
94313
21416
20037
32819
61167
5705
5042
20423
89695
40118
31320
1310
8256
55123
93844
95360
252
30105
14084
14393
39353
32990
37534
53164
38777
29569
55251
68740
77985
71048
63994
59449
63326
33664
12296
81995
26291
76728
67725
67943
13343
89931
31747
36547
70452
26688
65176
87495
85834
6135
86178
19937
7562
62346
49930
72189
10719
12206
45977
45016
47726
3341
32871
25583
54430
1442
50970
8209
12298
22432
35300
46013
40964
33886
79261
93329
31820
76435
33055
4569
53742
6322
86801
81728
50961
85138
89211
83934
58155
60069
31792
29606
8394
89515
18482
81675
69077
20218
89583
25415
51961
95884
96480
16607
62272
49045
42867
49910
95996
87328
96470
62644
25418
14213
30148
83474
91169
28553
41973
60421
81545
67233
6549
36541
11688
27244
84694
60873
90279
6885
47745
30041
65396
9762
52872
17136
1641
24236
76967
18211
57417
2635
11513
8250
92259
70557
79327
35386
16655
95546
70131
88197
65437
64135
37155
41351
4189
47238
93224
70565
63889
54078
33814
46764
36846
33428
25174
94844
24817
25566
46327
30847
83327
15935
51252
31865
34085
51036
67351
11365
17102
65858
50842
15698
40931
53434
26838
24369
15332
26875
37765
48468
68421
1778
80153
31436
69108
44648
15440
48191
7774
63199
44967
41620
55121
56210
70683
8284
77012
80537
67070
9671
94275
14390
70311
43864
61535
80095
63906
21495
33618
8192
10863
38104
54264
11940
21831
66837
53977
54072
14776
72501
56027
74092
27297
14839
21708
60815
27233
27911
30028
92422
95554
74964
40409
61688
82251
62931
45293
16113
46828
41148
14354
27257
53506
85999
55950
63576
46090
17114
4113
43009
26322
42362
90787
71864
54675
44891
78723
28537
66291
31599
37138
24991
91407
58663
46157
81613
42781
30776
14417
67052
4767
84396
53505
81706
29348
89388
72755
66107
24016
51624
96634
16855
54268
96011
1884
30872
35712
71853
8891
87782
27877
56102
2448
33360
95471
21548
37187
95297
79719
67434
711
22581
73367
27381
14723
96447
58687
37107
36308
56512
3157
50642
16229
47566
5544
38803
27625
40247
82005
17305
90999
51240
65802
66794
46883
79462
20296
85865
19910
40928
70671
37228
66572
4815
5881
4633
3427
21692
5800
7648
25931
47996
64987
78365
52201
45498
48395
54502
58909
87361
74397
7011
18428
52692
12216
14286
25192
21173
22645
57960
33402
30646
34111
14316
87482
57663
85544
61029
1125
28748
10379
77336
86645
54266
79744
19709
38071
9823
4145
46840
35510
15555
26996
36030
57181
86350
48633
64198
79113
51503
63163
43357
44100
82207
24307
35358
32254
68680
20000
20764
57726
65381
78795
78781
3903
58919
83855
94286
43174
5072
74670
83877
49727
87768
60094
14287
24415
54106
20170
73062
50363
85571
74269
68030
25448
52590
65193
66972
10596
86518
14270
79315
32738
79265
33350
48701
42219
65381
76868
56307
70167
32315
17181
59817
82676
64421
1007
31865
13693
64252
63391
17906
31315
71850
95743
4676
81857
7305
69179
29195
38537
238
16524
57830
85220
3270
73990
43603
80767
84187
49092
33409
57305
22234
39476
74865
31248
59621
49468
34761
13572
77344
70707
61918
65843
38226
44653
61742
72140
20170
91758
29184
60711
95971
82536
61448
32977
14998
52256
53763
13581
17818
11378
63067
42206
3475
57805
31239
49297
10564
7824
11363
13855
2074
73916
16607
16577
87790
31732
23494
59732
24038
81510
81878
73972
10634
67862
90407
48980
67326
38640
70145
91603
61001
59674
4990
49026
13312
79604
37105
9010
42543
54312
69202
64403
2213
48876
93576
37311
25955
27574
22193
66446
53570
62247
31193
22858
13454
58472
86364
27202
90922
79393
51721
6683
19489
56961
84622
45322
82054
20383
33786
60287
34329
87615
62803
52740
991
64456
78261
47827
15980
70754
63915
67125
61072
9749
25821
93870
7491
26292
94222
93622
44574
85344
46384
59851
29616
27010
75046
6418
56769
68648
39486
12180
83055
26017
73378
14917
71650
38843
91410
13056
83982
19753
16871
69662
27397
59099
37390
93533
84918
32421
81863
76997
56150
83881
16961
93766
393
67881
74819
50117
87221
91164
92874
13461
68580
43618
50322
62994
23500
34123
57043
87281
67116
46649
3682
44028
28069
19262
22456
7089
60050
45207
71331
27154
22718
7336
16119
25727
59945
13074
20553
1215
67766
71895
41704
48126
17764
8014
23280
76904
74623
65106
78508
19116
63483
83541
92144
36260
17004
92554
5040
28992
69196
7879
26880
83642
78594
42425
68320
85524
23275
55106
24612
89469
37640
78221
2606
56859
57116
22930
50880
77339
35248
55837
13146
70508
69389
17857
652
30569
49814
29002
28289
24133
60327
13152
48616
34552
38197
36919
6823
38072
56420
63348
26967
16195
25447
95546
81311
34192
1343
74017
57797
68782
60835
88296
44272
23452
10969
1170
44067
1592
30702
62420
19558
16755
49496
47750
38503
60921
91597
46784
92521
45062
72879
49868
72334
23436
70854
67529
84398
70682
81634
2960
860
82454
22540
21479
69601
4050
36632
53826
57880
1228
94890
95786
16101
11168
46313
31422
54779
17025
90748
31709
29344
28996
28952
9830
9487
41413
81731
3247
48674
89499
45600
43633
10113
76750
52919
81677
83107
65489
41824
70208
42640
50210
21852
81161
13170
65431
66529
13699
44958
85066
87128
16005
23146
461
23540
41431
124
63185
59249
88848
77868
95136
81134
31090
88751
36947
91824
45839
54906
38317
28837
94333
52863
63614
69162
3668
72487
82251
8961
85097
70668
63411
38171
83363
49633
47909
39734
28562
67753
50653
64019
93375
26329
31837
14278
50783
79019
28104
35259
79665
25984
78994
93402
26095
61497
64803
58550
2081
52489
50746
8831
50284
12611
31150
93882
49314
91003
29032
63154
89955
67484
4012
66494
44626
46574
53902
34183
50314
56737
61826
45835
66599
88962
31380
82995
77657
31097
49205
72685
83754
86525
2167
66967
84465
53804
29680
45121
42991
39219
89282
41261
9703
48639
44955
19510
94395
12525
10592
85898
17137
25028
12572
7950
10852
9469
71094
40733
83663
65332
35633
89003
81588
5118
29142
66828
80195
60318
60092
34300
84334
84286
15471
26707
18849
76062
83269
10391
9295
94380
36157
13614
90071
32793
24235
16910
1565
78588
59982
31275
42725
86901
57139
54421
73155
85600
20178
32226
74414
35171
61094
40407
84955
90814
84499
64015
66229
51062
78535
56437
80018
17750
48570
19436
73416
83860
96506
19913
83758
61051
89039
77857
2904
73009
52950
66284
69907
66807
39033
94510
48798
53016
13283
41198
12337
38344
75938
63061
58863
58043
74685
72436
11055
57728
71452
28962
45001
75752
64510
95193
78419
58686
28277
60092
11227
25508
87943
22911
81271
73143
31342
21443
29144
95569
22647
22549
83213
32609
67504
2417
46596
34369
62081
65504
96035
34988
46045
52043
82301
16730
15987
80267
87328
39945
60036
11303
83611
1281
80009
53529
20460
95356
75877
11438
46959
55241
46069
74551
61699
27084
74681
19904
11159
63563
93578
18245
87050
47463
71915
34932
10960
82333
37332
34939
72720
31464
34953
90167
46762
73893
54145
39526
83462
24627
69138
72353
12088
25581
75234
50250
31887
78357
20177
53766
94204
83558
30202
93646
56008
80294
49760
22792
14143
71366
9189
46269
22744
42056
96542
76943
84670
69660
94546
6273
8169
83775
39905
87539
25005
75080
70545
88416
88973
27264
94348
59126
33984
28814
31006
45241
18921
89700
38122
13420
13004
61977
87603
3085
69940
64140
32736
96660
84890
5802
50017
91256
59265
63188
1902
22974
22684
27160
54671
12838
49840
2249
90694
59588
15534
65190
89249
16000
96568
24357
14795
23035
95517
80474
72018
65919
28920
4848
95219
87649
73531
13962
4385
25421
20249
28646
48421
35934
59424
73742
49863
85833
12461
53605
5323
91876
48562
95987
21095
54905
18155
39413
57249
34041
5470
94644
40189
40783
45888
78032
48403
18514
40460
92808
15231
33837
15998
20737
74930
52887
10478
37657
92158
57563
75360
35710
135
91043
79192
37144
53293
56782
36283
66008
27342
59803
71705
86164
63944
29720
94431
63480
89108
9268
73321
23706
31734
90757
13684
66057
44361
22966
17361
53867
71856
48105
22525
69322
75383
53477
89597
43907
18423
63636
22871
48067
68232
92684
34188
65989
26561
84144
94914
92740
83811
34306
75774
88706
57315
96023
87230
49115
69198
28671
58477
90937
49896
22799
16567
87860
81133
38293
48116
51645
25368
24431
70786
29960
13858
71457
83714
65356
77521
64705
36365
9209
92650
26216
85544
5780
1210
69144
46258
95849
63006
5148
68726
20918
11218
31401
92684
68520
11686
65655
51633
45445
26413
8179
47239
35205
3799
22973
90096
67821
19711
58544
55924
62769
92430
33467
77098
31502
67134
94228
16730
37321
88883
92708
59369
76935
88835
7930
75622
12778
62079
44240
23553
30549
80969
74020
84515
86381
12661
27260
73993
22980
12988
31778
29306
81698
12492
6815
80264
83722
59419
84694
94443
62718
80770
13312
8280
19432
39959
48504
48633
41383
3370
82571
87087
49978
9353
11958
10138
15436
95287
66531
32513
83156
22679
41305
85588
75471
30742
34070
69294
55220
88870
82628
80457
72956
62495
56790
44706
52653
54825
50678
75603
41497
53060
48964
12383
5191
23824
90812
8616
94214
34096
90797
36516
55897
92313
68562
55542
90188
28281
1815
66329
4610
14403
82369
36015
17936
39095
20137
11216
50769
48701
25423
94286
7094
5714
2936
14077
5682
76507
42732
33160
4255
88310
55974
70334
44257
42233
20057
37644
40549
73706
96059
26972
72838
80685
3984
41875
9812
88396
41702
6296
55072
95184
66153
25600
32385
54006
75698
44574
38556
88221
11960
54503
77932
82828
87427
48140
10582
92033
39217
92930
57391
67299
50856
30787
81652
5745
56855
3711
59982
33059
79777
5357
55352
11958
17134
57258
24614
58150
45807
51045
67460
53659
35702
32929
4560
80758
32704
54489
53461
33925
5952
84283
33181
32738
10562
54075
26849
40578
1208
21880
73840
83049
14700
80211
68443
95618
58011
79059
47665
25276
20026
79030
32836
63305
36184
49050
7030
70712
10120
85106
80217
7002
28465
1276
69130
40073
49523
57935
61425
86837
55584
28665
57088
92448
50205
84327
77134
37665
19660
62678
82366
2662
34640
82646
92713
3810
86283
61446
62180
80230
60071
9898
5039
20948
30319
49217
31044
13838
34058
44019
9032
13757
21308
86232
88977
79006
87328
28355
80020
53966
8037
81350
39330
24038
81036
71575
83886
47466
26235
12512
35790
79972
14898
6861
23603
9118
33576
52622
96006
41540
88328
31739
18929
70167
60662
51655
24696
33133
72671
26222
3010
5278
43234
16312
58896
45266
18498
53895
90144
46078
33557
48765
4390
17206
18940
56159
49496
88012
22822
77246
19804
77094
45811
6404
72889
70734
73595
96011
35583
20283
7961
53297
3708
47052
39767
59992
89075
30741
13455
26626
45963
5578
55162
24945
31521
32600
10033
796
7675
89003
22871
83966
81971
52186
81479
86289
52892
31407
47182
5952
91468
60370
51871
49842
62573
52781
65664
39442
50025
34994
87990
57650
56002
47041
95697
91928
32500
29014
49086
20929
65720
64031
46405
15498
64781
64155
42454
67622
16829
70573
79045
22226
3441
9576
91095
35716
65906
75148
65896
15689
43445
39903
163
20237
37186
87208
52245
76957
62986
6244
87670
33545
68586
68739
62589
82854
10112
93628
53799
69280
61761
8877
8395
69444
49980
87007
85277
85355
40183
69606
59261
810
87988
80031
76595
6758
82415
74346
14010
51166
23543
38118
5582
85841
80990
49172
27683
32878
76607
89683
20003
67802
15603
78402
80980
41035
26264
52869
74532
13299
11047
75055
94489
72737
92296
29822
48857
4418
46620
41267
9435
80653
73815
44248
60305
54187
32400
66429
36211
64685
40702
72987
11024
44528
69832
70161
60251
21611
51209
93957
88488
95649
13655
38466
91330
94730
31111
63687
6778
56828
49750
36633
26886
86839
73398
81023
47315
58109
81659
48066
45249
52720
33257
25120
30322
830
70788
77246
45597
20944
78980
70306
2430
43832
17379
7387
26098
27232
67355
4536
35849
74296
6153
63517
66061
61503
27216
36661
42121
73779
89404
69513
15448
26179
43156
84286
84140
90097
52715
62988
33631
27525
10043
80522
81329
77413
1862
58855
8030
35153
8826
19012
30251
35554
72832
89622
68493
6339
41946
36919
42607
71111
92039
62636
9294
29178
79700
39608
20146
44884
7512
49599
20595
56792
56764
71792
8205
57802
45085
15482
7498
30655
66919
13655
29091
30255
27104
68629
81202
24765
22055
64745
33647
30679
86575
62103
27093
67456
70667
11300
59849
72987
21928
17780
12478
42355
57593
84400
56671
41365
75835
61303
69986
69951
71775
83533
55741
13906
48773
33857
5841
46442
45427
1528
15143
93630
35849
63175
94443
14587
26639
36877
28188
82571
39462
26495
86708
4474
19040
25278
73986
60666
29430
77155
79746
91844
94884
49146
89150
82575
37874
4516
59516
93989
91250
39814
64323
14608
56304
35119
84186
4381
41875
69191
55495
81326
89951
46955
74441
64779
91237
81885
19171
59571
53896
72401
7270
29164
5987
47746
23897
73978
54364
59970
54823
77628
53008
65216
78238
906
55338
32356
81495
93434
78395
45806
73631
71283
43623
21309
75617
61816
22042
79243
61517
29094
50461
15189
1329
32113
55265
15041
53875
73096
66135
42328
65376
43449
80217
93323
22572
84447
34912
66097
391
25760
67732
71414
5247
52587
24889
19000
2240
74671
82396
58643
2509
4790
46338
74877
89241
96456
94929
36387
70823
53412
39734
1250
3650
42073
39322
57961
61770
7003
34201
82139
32436
13553
88176
3611
14708
164
69979
35833
55961
65002
20392
91809
5438
71543
89979
73514
13345
1509
20111
61700
73025
33386
22302
70499
13345
63584
76741
73768
37307
57411
63383
83262
54579
64811
83700
18234
88953
57360
40750
86651
43130
41093
62760
55737
61892
36558
9924
30451
35004
3835
16391
11336
74510
44311
79266
28135
55992
81090
15264
51402
75324
6089
64471
62893
68351
42560
47021
93053
67371
15046
55665
38371
5661
17382
42730
983
92772
77790
56712
6513
28583
3584
81437
21691
49873
37878
31848
29267
21725
53842
42054
80013
67119
50139
54701
92453
75438
13700
34686
87569
74445
76639
10990
23740
86448
7751
91593
93279
44585
93827
48444
76491
33127
45934
38118
14122
60551
86243
17081
51795
10122
53237
36003
58867
83067
54277
12428
18833
24323
64573
64307
91386
34987
38833
96385
19283
50573
16085
41882
79005
36328
25321
76459
86843
59478
71186
80780
81935
30659
35506
72948
32954
60444
46359
96827
6362
42202
27641
33521
90261
57882
21373
37816
17164
86218
43415
20504
93196
85193
52812
423
71285
20531
44461
12146
20229
92809
30607
63117
7351
90985
36280
59723
73613
57127
96644
89195
2309
34600
52669
40143
36726
56054
481
32514
44804
65949
41613
7613
18553
91872
56240
22949
88476
72361
66994
79797
55398
36068
28219
788
78294
84958
41376
65323
75607
55311
31328
9669
30303
80473
5204
54923
42952
71180
79213
34195
14020
92264
51600
13404
40825
57750
33884
88177
33148
5356
3348
44368
66001
40243
50392
95517
72281
35302
85526
78576
26236
3040
3238
49631
41854
68066
78843
22977
75694
48697
21133
41313
55505
29840
95275
35419
34862
90943
5109
41902
73762
92448
12600
44046
77067
90713
10443
30060
19306
61075
15927
42357
7450
74254
44091
14996
9813
95031
32869
5316
43717
53791
69564
95567
85144
43225
61042
3892
15380
71999
80367
40400
17018
51161
41185
36428
65344
83252
65872
13702
4830
91403
277
58023
76834
20173
20651
5576
12159
13418
24310
20354
55496
78955
44479
96993
36907
36109
17329
82387
5624
39826
35198
85659
49657
8380
44107
19093
31819
33647
82707
33565
10298
1530
9719
94113
66651
92401
38042
56759
17978
62338
60754
58252
52660
60665
86346
33075
30991
85099
62157
68390
95518
3563
550
61211
79697
17061
68355
26494
6593
85661
47607
84991
47624
26027
72782
31928
30671
17013
83219
70830
89193
27816
73765
38265
26157
65437
94593
95833
27409
48524
51817
73439
52649
95744
65210
26389
63663
1159
54643
28243
32981
77099
25441
56247
50590
46218
89480
3040
28354
28607
19891
75087
84016
65202
65468
35267
693
4067
42216
39215
83451
70166
17290
16114
90798
54395
18079
36643
96600
96150
80129
89359
84619
74686
88141
10305
49182
30348
23872
89140
69889
47145
80710
78944
79467
52660
95842
58039
15371
87527
43578
76058
2203
65965
77602
5917
29240
20970
48625
33475
31774
61710
27153
45215
56857
68032
74199
31729
8382
19836
48658
18937
77567
48248
66448
74836
94478
25201
59964
6872
66585
51892
38652
51829
72515
10579
73519
17217
93300
78735
29348
33184
27822
55452
84837
13311
77200
54310
12050
72907
50784
10518
3194
72979
11913
21561
9205
23519
43829
13461
75477
45555
49715
84560
14226
51220
36681
77351
49692
77773
9325
45823
46779
92934
41637
93412
92779
41466
26127
62548
74028
49580
46834
62863
59997
50062
8315
64630
26952
72405
66796
88068
79305
94108
50438
30605
25184
62707
18680
25458
73678
31179
31264
45094
3380
93881
59877
1833
9238
8901
46871
76502
26959
33359
75838
10338
24374
20325
1352
65516
94646
92242
18335
2107
37836
25598
52174
23689
78937
12198
70067
94018
28471
7888
70904
63120
78025
76966
45748
84927
91178
12660
70935
632
68648
10655
61890
77700
44321
5804
43812
91247
70435
17819
6850
14358
42106
47470
88214
61198
17818
11521
26144
69251
6797
88000
75530
95873
62094
7767
46284
60059
68052
47290
51936
3174
83634
35434
86569
31080
44715
5633
8629
86314
23843
92898
7217
42504
46456
43544
9171
41713
29607
8593
21946
59063
89788
83486
63185
57589
43689
89490
16203
64312
65079
72220
77169
35147
92131
40187
66663
15291
84175
7270
87036
80427
48881
80069
30856
2301
75481
67935
77272
9654
4332
44313
50388
21413
52950
65487
49946
85576
57964
27786
86780
24186
33975
41022
28036
16165
93421
39439
16207
17984
27297
51383
86359
86525
84899
17343
47467
27418
75754
95184
15217
77825
93429
4252
87124
26190
11769
46870
19560
23605
20541
3171
74714
31622
59529
40979
90781
62694
28309
96896
60895
49731
33486
94594
9018
34067
95355
39260
80998
31586
37301
46063
45884
79918
18173
71480
34197
48184
18112
15385
78040
76602
88509
11985
13491
51855
45976
95768
32977
36788
17455
94708
64858
20553
74688
15737
14456
64459
59685
1336
54037
21833
57336
38943
95586
62969
73249
3601
32523
15047
13623
93369
67326
60617
35739
45832
19130
57546
87816
77793
16428
1841
30686
44957
76820
42661
75734
5881
10702
86391
33391
6832
436
52156
84615
43845
16898
20886
91277
73801
15058
58854
4643
81949
44197
25231
25778
91325
20266
74794
25781
64817
76889
95170
33327
12505
2569
36467
50977
36805
87735
87156
23155
63694
27656
50086
95580
58228
12021
85112
16493
58821
18085
49433
3687
247
21665
45465
18829
96602
81681
72132
72652
24421
68668
52451
44614
88587
1092
55752
92086
95402
90304
80863
23303
57936
67283
57756
50085
67634
40666
53365
83204
94002
18362
20005
93511
9732
93856
31353
82257
50453
5618
56290
44816
44289
28522
85736
91775
79888
2259
20224
55306
83723
35788
46986
61933
19889
48442
61337
75821
42417
8531
48671
81400
51827
44676
61461
73456
75823
17363
65684
18698
26913
18681
10299
53621
83672
31191
54037
80734
19186
55529
57926
74392
94358
62752
86530
21689
33077
57914
33850
56640
16165
7292
34724
72723
13492
17687
44549
92301
79037
45216
77158
92995
48874
54282
32520
86344
71503
76230
87726
35814
3478
85378
70110
93381
59805
52120
74451
54801
43432
48197
57178
22515
379
78090
78070
91418
41265
47815
71698
90642
48154
55907
46243
5858
18708
17833
35448
84075
19105
49132
82966
76973
84801
87810
1012
27140
74660
47167
25056
87919
90366
20529
74157
42977
83663
19384
43434
42416
75814
74704
73207
37723
76642
35263
30158
35929
49252
20393
28900
70636
86372
4740
73795
76013
59510
33005
3261
16529
81432
53193
48727
21472
45652
42952
7632
50494
69053
82795
34580
31619
199
68214
47097
42197
59736
9617
36373
39933
79972
26864
59978
463
78594
38011
52992
26162
94041
2744
58853
40624
39701
52067
45779
85168
71636
64343
92878
37735
77040
60423
76896
24853
30609
52750
12363
93339
89312
77292
14003
41178
218
61761
55829
50702
66591
91660
85360
87394
84478
46277
69335
19326
46095
77393
61887
48899
95140
51731
27587
91654
8381
37447
64410
37323
11463
10874
31018
66137
90008
85389
79131
28947
21169
29368
11242
44455
45608
32748
70928
82807
42713
69849
77319
45789
59425
20846
96137
37020
5871
19918
82516
21585
64415
25095
8398
32608
133
207
43777
34539
9650
78703
75554
88494
96629
77865
70628
96165
38505
45078
85077
37182
93951
26664
93273
42244
58400
77246
75259
8568
35817
89518
49973
87740
34060
84524
66719
68930
57399
55849
55164
69982
32123
8535
59461
36157
87890
7497
82480
3397
15662
36663
84713
57283
41266
46742
51699
33868
5624
51686
60386
68739
9791
52526
67632
59473
27605
21082
8227
56667
58745
13140
41096
64205
82246
24817
16054
61493
35365
93122
22753
50874
64530
44594
84657
4994
1048
89280
45102
30339
47580
77506
41234
18585
52203
34601
51012
58150
69657
49948
1476
47664
71983
79469
18360
221
31440
19055
13170
91401
16120
72625
79539
75904
82954
32612
95201
55783
20252
20544
12896
54692
32665
6213
55911
37342
60867
79653
28674
16230
75114
59567
67048
45917
78662
77726
19560
56160
70997
46784
78317
76575
4705
39890
59851
46307
15081
17449
45524
81941
87482
85979
2332
61131
45738
14252
96045
13197
49841
58365
61280
49254
44237
46286
79465
58398
64560
13684
40493
92220
33656
4062
23171
61113
4707
84337
5804
60488
96044
69628
45752
24633
94590
64437
73175
156
64132
67938
38112
8635
45027
45196
91425
26697
49685
14606
77188
51374
38563
86483
86987
32948
52622
74821
56552
7220
87250
90322
35915
17657
87231
54561
54808
49703
93805
72435
93468
68820
48827
36852
50100
59700
69564
57104
55026
56371
68247
81874
58445
51811
30026
93408
2764
25813
72531
60467
90336
87900
13450
26506
42331
72741
70381
35117
81560
51714
26209
58311
62407
37414
31379
11733
48541
30524
66089
63492
19846
68104
77879
45351
83841
59206
16465
16645
71239
37521
14970
47409
23310
51844
33231
4491
61696
72709
41515
20004
82763
5512
28976
69527
22293
23583
52071
12426
16934
73790
8388
32996
6810
21908
3321
29960
59449
1630
23740
4984
42269
678
58896
63581
77912
27618
4510
61802
20191
77023
91093
81977
4350
55307
24485
77029
16473
52513
92524
2511
60021
74927
51450
63332
32457
89724
29208
17706
23284
88078
59560
88323
2444
80432
22304
2643
74016
14624
73497
91764
57147
53502
63655
18457
9054
90696
83492
1127
28256
91314
58061
66094
50020
88939
85840
59087
24295
1467
74336
63297
8765
38433
22239
53404
49904
35809
25392
84630
21795
31539
67910
83603
25601
69822
95340
59023
64245
34090
65001
63951
55037
37358
42295
15054
84144
56502
16593
78467
53649
21430
24015
76264
26800
68404
31263
28181
79643
57751
57082
44611
37038
21766
60704
25109
59660
53628
47592
51560
14240
1135
34720
84371
74173
83807
60766
36617
43246
19924
26497
30091
63771
13560
1103
91403
19352
75003
48267
67308
13292
24773
53522
6877
24179
32247
34067
15916
21976
46322
15337
81983
75931
4001
56574
70141
43179
64579
65501
94987
60680
16736
10596
36803
95839
47869
33901
13895
15011
87466
17471
48539
41068
37440
36821
96865
39151
45160
40123
47238
22570
27423
20393
51137
71586
23685
82502
38971
79435
55317
8689
70649
93603
76727
64022
62903
17355
60537
49188
44152
73707
87252
77071
33672
51753
55299
87399
88314
31294
85574
33524
85981
16293
37940
1420
15993
62753
2167
85723
78248
2994
46265
1694
22727
14539
92549
40164
2075
40067
86440
48481
87809
42845
24543
24544
62222
48079
32738
94004
13973
73028
82229
19715
22551
72630
64439
58696
68076
96371
14107
8419
12607
25003
95804
28463
23080
66380
89302
72288
5867
58697
30375
16424
43982
67398
77461
18204
23576
32704
29657
5975
43965
64941
1024
60659
14854
20968
32659
28007
95413
6302
70644
45985
93294
19346
45417
49169
11921
92953
71509
62672
10571
70212
11353
20172
50613
44888
39498
47681
31484
8563
47004
61061
58927
25636
20701
11000
19584
63743
48108
80197
60785
67229
94959
62170
31120
43380
1140
48832
5053
4080
74423
36887
83416
95469
53539
38322
54775
23808
16668
59938
94533
38913
31128
63721
46695
49703
18998
95294
15239
76984
60094
67832
63259
53035
22712
28856
18625
20645
85441
81695
30985
87732
87609
55369
71284
15474
52127
75885
11954
35810
61445
13675
6391
25992
88640
88801
407
75088
61936
39361
85593
79207
72150
1634
41080
28981
68411
73305
4020
90671
87117
73715
30368
29496
86500
12370
61620
72071
65587
12699
3298
90793
48146
15704
75614
37612
88913
44278
53630
95245
12167
12061
29601
65414
61711
40975
35140
20392
54196
4519
80687
23768
25435
6208
68607
8849
28711
60487
52100
27415
1419
25638
6650
94011
35151
87573
42101
58760
68157
79335
25718
84976
49926
36503
2883
36211
56894
67325
690
70750
65310
92184
94565
79548
35480
49017
25793
28100
58548
56050
43192
49062
20809
67210
66031
25011
93856
12871
362
5984
12714
40310
74612
76814
12338
36657
2762
76202
26005
34037
76159
40236
72286
63727
77394
59374
94910
8491
83515
44827
91040
9673
19133
66961
47107
12365
28260
32116
42473
84200
86240
33945
59812
67512
79579
50043
40447
3057
89340
39670
15322
85334
14798
86614
7464
36193
96386
87074
46459
86866
11288
88179
94359
44599
64677
71635
83060
30208
56310
16636
7149
79414
37747
37750
78181
43328
35031
65956
41361
23730
39252
68675
3897
7634
45379
16800
67280
51648
49617
76997
43194
82161
26509
16608
38861
9336
72141
51512
30240
67410
35985
8197
10401
16348
42007
35939
51555
86779
49237
24994
69476
41680
26462
33598
9868
91950
20779
91598
15185
91105
45739
52146
25280
88301
64085
33518
59526
42080
70514
4277
15868
44749
51624
26572
2753
5926
3896
32477
38609
92077
92457
56188
12347
62199
48318
746
3681
65694
93906
27947
68984
52569
53652
20718
13335
30874
36941
67057
94901
21844
55630
64590
34947
33814
37711
53685
80504
41416
95610
84279
59547
19386
25734
37637
90219
83484
96712
13003
80579
25965
66923
30509
12801
14891
33016
30844
7517
18931
60793
7412
24615
66430
44055
29421
2801
87625
26171
77996
85540
53295
21521
41750
49966
10125
62649
51953
89216
90377
42560
23894
49414
16480
75115
24646
83576
71923
16315
67608
31326
20021
22740
67957
62632
8932
23151
68057
84499
43625
46144
53125
70263
89077
49609
77501
24581
90474
53485
63275
78766
67604
65554
14447
54791
56570
43637
46396
89321
71605
89761
37103
70188
62204
78298
60654
76
24552
25268
51115
87043
50195
40041
28444
40446
83648
79183
11193
23716
85479
77303
41001
57337
66408
28362
74656
32225
76769
88318
89001
2479
82869
37990
73868
54533
41875
6600
65389
64390
41952
96816
67481
95863
2418
16026
93669
85981
44907
86525
7797
73064
88758
49778
85621
21236
7457
73156
82512
9120
11574
76049
47210
54471
94960
46414
61076
32524
71535
87050
3188
38939
9384
5409
42014
71883
81595
17592
8476
76007
23914
59888
75221
21259
81004
56299
31276
21596
18267
62996
25968
10872
94344
34819
82308
69805
50736
2958
60634
93694
33051
45187
26552
4127
12994
7185
59407
15833
19730
44391
12540
35537
13409
55300
53286
72971
7084
88830
22363
68901
24482
53486
20782
31606
45121
14336
21793
44133
83043
51448
51738
95533
64700
12136
9622
20550
91107
87310
77879
70927
39395
79866
50531
85159
20125
29477
57539
37748
62451
26270
72780
19867
69027
94286
3237
10349
11942
18995
49558
66002
25188
33449
91753
15279
63590
38260
42968
67891
86896
68603
56723
19048
40697
65606
85059
91589
66120
87792
59664
41304
85341
79751
26956
89161
74577
90896
84842
52233
19674
68496
44006
24313
84767
89934
78483
5064
14493
60628
37299
95036
79100
39579
57630
74601
74977
83382
84938
47247
72264
19807
9362
59293
33869
30966
52271
89604
50679
65888
1864
84151
8978
45636
13967
16174
21432
47913
31770
5258
22132
87939
29122
34923
67362
91500
82812
10061
31718
2151
35690
61088
61976
30407
72541
37919
48088
1135
77608
61544
30011
83339
4780
40602
26618
55859
54252
58053
68060
65207
75436
34427
1992
50302
91987
27621
42913
89657
76370
60944
35373
2668
10776
15350
44692
76901
47795
92200
43642
11709
54309
26489
63872
427
61377
64702
42374
85744
41008
7794
64213
66653
59061
33582
45876
64360
70201
22901
95690
13374
51747
66126
48922
89194
69776
90659
32720
14363
63203
39806
64750
13900
34953
63563
37339
48181
19955
81216
10417
83383
9425
55464
47193
44613
50584
343
57341
77454
81479
79273
25394
38598
94676
94636
1120
92756
29766
84059
29464
92959
68582
70460
60777
58225
12079
85737
40966
59190
23591
58562
41640
13453
81761
69660
16955
18749
80753
69939
59935
15059
71259
43163
63110
25855
4616
85092
85300
9783
28470
84292
48856
31203
20242
79046
38014
69592
54557
41072
66135
28248
43440
36034
47686
40582
4902
84922
1095
1343
72261
4685
70846
90388
31807
16376
25960
9196
70739
4213
27914
64719
85659
35040
13693
95389
24547
32753
28235
46924
15069
8380
64889
86904
48515
54916
75344
11005
85122
40382
66465
93929
1095
88545
62117
64620
58721
16828
67990
93753
36594
82368
87758
40358
76755
70196
69938
67527
17091
68264
32794
67514
15068
33713
20840
62995
70499
57234
18234
35759
82730
76228
50797
13949
39507
78004
69272
22112
89259
34370
59371
92642
66480
12323
51699
72987
53601
32628
5227
31287
73225
76823
85519
34317
15199
61754
79312
11907
35276
78362
14967
73383
84626
80103
16312
13073
63382
37185
805
5068
72378
57192
72947
28115
2690
78393
52253
42712
10680
54020
55932
17095
61470
81810
92616
95794
76552
89148
21861
37950
68907
7583
32548
36698
17030
82324
34037
56359
11627
2692
78774
92947
7474
10896
87587
76528
39867
75062
68442
33474
3045
27863
37241
8293
28536
4598
83646
43708
82436
22787
57795
23038
85964
40229
41837
67627
67834
96975
13055
14149
96911
84825
12216
20338
28119
50327
17685
25389
74991
61614
84492
76324
88613
46523
58390
62916
17747
36694
41648
55344
59806
55571
80591
249
45665
18785
52717
64727
41417
33227
24468
48326
25421
72333
60718
18156
68045
92201
27775
15926
95555
73462
88695
79658
49242
17266
49152
28951
44834
5038
51208
23737
60804
66832
55731
49281
72376
41726
65569
65537
12385
22542
86335
72597
3434
58131
56101
28661
48048
83945
11875
15903
9643
17249
58889
19201
93705
61328
90289
51636
83969
25179
28915
