59974
33291
35978
9482
63037
76969
35272
27544
30530
23569
9114
42766
66884
6596
30222
31601
30362
16587
6573
43552
64179
39661
14032
75363
44690
51128
21660
508
44573
74879
9244
48579
3144
37570
61818
47861
44315
7892
51674
16716
53589
67701
27171
56993
28266
14519
33219
39494
45864
57837
50630
31784
41507
47287
58410
33922
39704
25115
19770
61501
39404
35614
15924
26019
35825
65216
16641
59883
29817
26302
36825
74126
67010
51184
11745
26840
61743
72986
25098
15858
59855
32089
38671
645
28589
73059
27491
52353
11027
11224
71060
31155
59715
72832
59024
620
42563
31402
61538
64886
56148
3324
47257
16691
46391
33192
23166
34406
33549
50475
60143
11890
59810
20825
26461
11521
7629
49156
41686
5764
39143
75316
20376
11042
72749
72552
5451
46492
76699
50202
65258
57469
9063
36345
48662
11334
74984
23176
73750
13223
61537
5988
47206
33698
68213
5722
58347
4322
16272
38375
48145
13137
824
20345
69993
20406
51151
26626
60051
32901
40014
10830
55164
58121
30743
48250
9083
44277
4583
18940
36117
43360
69022
14985
21331
70454
35861
5225
30126
2899
32194
73743
17367
16570
39491
13924
26596
22948
46245
51956
34234
30005
73783
26360
36228
24896
40928
34114
65126
24402
2754
36552
35696
61284
59777
74679
60746
74042
58596
64696
68921
40984
59247
42328
6467
4300
55226
50506
41604
9759
68906
38279
71318
61278
67418
69190
30246
5901
40462
26934
10553
30210
69619
35719
37027
6383
26414
425
11455
5321
30840
13397
70296
60534
23442
53584
34506
5027
24331
74533
6366
8347
16499
39905
37185
10772
47459
34970
23608
30228
21348
18577
73441
5201
41048
68007
52545
75245
25208
47372
57790
33760
52379
46906
14032
24752
56656
3360
56985
64419
61417
30403
54941
71573
24164
31326
30528
35117
39263
23402
73227
38601
13326
45304
46891
43138
23644
58107
7926
12411
69724
46020
53970
33683
73123
59669
6780
64818
19005
55334
14810
24335
16984
50094
29750
7264
60760
37473
49543
20171
7632
30800
74333
30161
12794
59567
76825
13339
22835
9823
13095
15956
66766
16572
70921
32254
44411
48929
56793
9240
56348
40750
57154
37005
34596
74204
70515
11744
11220
45031
23906
34315
9500
61394
72937
33671
49002
27673
18648
70414
49882
43183
75255
34420
4002
67960
73389
3468
528
70193
66658
55559
57818
67108
70301
37199
73890
42759
42723
74449
65852
55867
51317
43969
56253
33875
68172
32456
10011
76139
5452
39760
51403
10783
1530
31920
55043
19605
12435
12066
16588
61979
38091
40490
9419
76578
58439
56250
23884
27789
58719
54696
40347
61338
58859
8225
18409
30438
68537
53166
20808
1200
16433
73260
57700
7555
53389
44027
27901
17551
32759
71228
3164
54898
15513
52013
64002
13071
75628
47249
58960
40040
7277
8240
50854
3952
69634
21414
40580
1673
54421
7927
42182
73956
69986
58904
76591
74008
33099
17705
72070
56225
48806
14582
55341
3321
71975
7677
74964
47669
55063
60962
16009
58606
53209
15285
27049
29200
2613
65549
74784
15047
38251
23254
22521
8084
50237
6038
19882
39352
32545
12422
49399
49800
67410
35124
38210
46222
51098
70292
64132
41664
38038
55511
45139
55361
52734
43748
56215
63918
61303
71586
1818
19780
1791
61112
8956
23828
18428
62947
7808
20344
14778
44743
56719
39655
63111
66985
64687
22812
27133
73161
27743
7669
5619
26133
34850
26255
46552
21152
11621
37647
40397
6209
55855
17779
8070
10280
25732
43911
35157
17179
59462
59012
53890
2559
44360
11739
30363
36746
72232
32599
59796
75741
1593
39320
48732
29591
65578
66043
7316
50189
28367
16630
68228
37957
51154
58202
50635
72378
51733
60970
51818
59378
52790
63264
58070
34858
15255
36959
36217
18371
75833
64835
21340
52966
1758
54172
19883
6883
67544
17001
50325
47207
63176
9704
20502
18652
67006
37020
1962
61738
71714
23664
20081
14683
25222
39104
72458
24316
74240
49840
48445
72040
27487
27251
55760
21999
24137
3909
59253
68731
15078
54436
3991
17011
23549
56881
552
15272
11033
46141
7136
172
12160
47310
26500
20763
20976
41897
63664
29594
12854
59377
56434
65124
76109
43261
3877
9820
44439
38320
50006
9724
2554
14882
14695
75812
59618
36932
59750
65190
56879
63257
20513
43517
74547
50488
42584
13582
62946
19293
25486
40695
20422
28807
14630
68133
16774
71964
45142
58313
59003
58585
9258
56762
24735
30382
50168
75046
70010
48446
61956
56337
21554
6596
35880
53905
73302
39872
8761
59504
24855
3393
71592
56624
38036
2165
62283
41317
3096
11916
72800
55995
36402
69811
69861
28273
25249
44516
19343
23733
1362
18754
34318
64247
61960
40978
59897
58754
21214
51285
11499
47556
60099
41330
34569
47271
39987
70224
43974
64840
19094
36001
72758
6429
30952
32051
73899
51444
1556
49168
71359
65350
40653
23869
46863
12618
5331
45903
23216
63958
71606
16073
69921
45664
37515
74378
7357
52194
2416
58404
43515
74908
57981
70415
34180
30580
38816
32860
66000
60280
9501
49270
61461
3260
43969
36642
38685
52407
13809
42887
20994
30136
13964
7360
46985
46166
25713
33199
50113
55212
16742
40116
65382
52268
46495
58698
33255
5962
15263
50283
74656
36081
71878
10458
43812
46291
30304
48046
35618
34202
35413
48758
29843
17916
52842
56519
16390
21715
31811
19899
25384
43010
43203
34604
38051
38859
45562
64398
49794
33437
50921
38139
24118
74579
44845
57240
39608
39816
65038
15860
69332
36246
36715
8272
13950
65695
15116
43026
46867
17106
18724
59580
14607
54855
39408
18825
24878
52894
42496
17208
63137
280
1242
47273
11544
40497
37269
7428
29942
8918
36992
17537
38573
18681
22159
449
32455
68235
24407
62076
55686
12489
53744
76996
62264
61967
7124
19455
33995
31672
18775
53546
35649
33712
73333
23216
36656
4937
34386
20546
26129
18361
28778
45824
29162
69909
17966
47286
58698
2231
21007
2881
4289
69210
43443
28817
54314
6950
59713
41993
22326
43647
56410
38617
52165
19296
22038
56221
67531
54125
40712
56926
71734
52110
8048
24270
20679
56535
28851
42185
60852
14404
9632
21895
9913
30986
30449
44181
33679
13041
69156
46307
3930
50517
26885
35745
39794
26260
26275
58723
50030
1826
45540
20948
74591
9535
53021
34374
51137
20947
35569
18599
74057
55928
75917
9895
27818
1117
62366
28614
49715
59659
71568
70315
76637
29759
11701
5814
58555
27168
49742
20807
38811
76691
14280
55376
19107
75530
67094
24029
46457
10836
11630
908
39012
57438
69203
359
4961
66262
67103
30535
42522
72960
54219
13578
45409
64353
74476
21117
33317
63273
52115
63157
25295
64454
70930
23910
37676
22419
57614
66255
46646
11239
12237
72157
48481
50306
7189
65099
19927
72619
53879
71123
64913
70324
53230
399
9075
6479
25312
47192
43147
27922
70616
63968
9798
71709
30605
55410
438
39252
60018
53631
4059
32160
65587
38212
22365
42808
25809
73182
46555
66062
15682
13896
28596
40268
17784
2875
7832
18228
61764
72412
65385
33943
26183
25332
48723
69005
30733
60281
74325
1019
39262
49913
53844
66955
60154
33950
5219
27957
63392
59957
43976
14692
47476
51113
4069
61699
31355
57645
46474
54581
15316
3630
46892
75380
48956
59174
21876
23114
3966
14709
12454
64883
6261
61642
50764
22412
3983
1456
31399
7876
61929
14579
8234
9176
26801
13602
76907
5357
22100
6518
41110
52174
44876
48624
76663
11558
19253
34658
37180
9199
50156
4291
76685
76393
4740
22158
8785
73534
64671
18300
57950
41434
40150
60829
72220
55016
50645
68934
32575
74135
46334
75221
66120
48667
43416
33320
39383
1256
27028
61443
16518
20338
3643
64400
43877
40312
20791
25384
21573
50318
10997
51024
50467
47529
52004
57191
46164
65254
2597
10499
60647
1580
61158
22140
45372
21088
60285
67744
16231
25694
33413
33357
10928
63413
8016
71470
60610
63012
22970
2781
54877
4288
36549
5510
60467
62991
3534
20812
67212
75295
61675
26868
40607
14040
7768
49175
21797
53960
52661
71278
73923
63501
18629
25142
66964
76477
8830
65018
73488
21361
34272
65712
20470
38024
45291
3212
53505
54256
14457
17080
57106
58631
2037
64341
17505
19639
30559
35139
25985
44040
6798
43308
63176
376
55616
71031
68127
25597
6337
18001
31428
11411
26645
75685
76314
51801
27588
14564
69730
15470
70777
41784
60984
73081
18950
36562
41884
36838
68736
10236
28203
9908
33531
57400
20937
51683
54450
27175
66405
36187
29101
22197
17362
75767
46975
64658
21894
15113
53170
26252
26017
52495
5281
46183
38651
67723
55626
12551
62521
51176
44951
58701
29958
63040
64336
31276
43043
27906
1366
32943
18467
28041
3398
16164
44037
4328
72896
67096
29174
2058
58987
58310
65834
58806
47431
1019
60031
36791
37286
7144
60342
49305
26743
47394
39399
58215
30769
19446
22049
35514
53977
38614
29195
32268
21560
3688
72289
60603
24604
33630
22422
13025
56921
22840
28914
8239
38532
57077
15896
34626
70596
40625
64687
65798
61013
31016
30731
61166
59338
51401
41135
37150
38151
71757
74593
10408
29160
15927
29779
9634
59681
18398
22849
51369
28746
62741
36780
57975
31903
21051
69914
29239
56698
61654
28015
69354
44109
33939
34172
34321
9704
46160
32130
234
16619
46947
48907
16793
18785
39227
24590
43371
68497
31580
66877
49200
68962
24872
59788
63969
65906
52305
26432
48276
23139
3371
27754
61377
49130
2590
26047
45212
60718
57337
12605
12779
43954
36058
14756
49266
26894
42506
33718
52482
70920
72925
73268
33216
63907
13535
30375
1849
14497
73874
8472
8835
40619
24220
34285
13191
57145
12102
9952
64555
8847
55543
3501
49428
70031
67702
21671
41272
7085
61495
48072
57017
72972
48028
6780
45430
32890
15557
873
46964
11594
3675
22325
40041
9366
50653
37475
17905
54438
72342
37867
8881
60737
72726
33173
11193
45807
17204
21522
20767
60378
28189
63935
15174
55535
17334
22087
43814
36236
53278
76772
48260
73775
72519
30194
28994
63488
74963
15944
47634
26316
20026
20884
50139
29392
6442
20801
32934
69174
11760
28111
9795
17095
27986
50960
35844
40541
5703
10875
34771
38164
54270
56670
51119
52388
65707
63684
12298
60013
936
49585
18078
23136
11216
49526
31309
70846
16294
9390
1480
71536
16325
5892
44535
24697
39609
76142
47783
25284
6402
37498
30778
74421
3769
16843
41273
75767
38186
608
36156
54442
45049
59513
61033
30942
36834
42447
56523
26336
12944
15719
3082
37112
74503
2091
44424
70037
9262
65678
39996
56254
6147
8865
10368
37621
13434
33614
30492
29066
401
74120
33789
61338
37314
59813
38920
54897
69220
74418
33200
10379
45003
60945
74216
41075
53107
68489
16283
61270
40796
60690
6198
49279
21439
32540
56110
42400
71767
64651
57126
46753
45299
44177
15377
31432
64128
22528
23822
34942
2467
16234
66506
67106
25203
32687
66127
2540
26013
74538
15569
29840
10289
34601
44849
55668
62482
9063
32947
9096
51019
31111
64882
41962
30621
72431
30140
23586
42181
7743
17784
22113
6970
54268
51003
71513
1620
67934
59657
11448
54800
16554
74113
30175
5336
65308
39914
13761
62807
20141
62033
12667
40890
57949
52333
50415
41754
26926
26057
6388
16855
75093
52264
33845
16934
45749
38392
38612
28298
58729
30365
48115
68929
50069
6797
51047
19813
7722
66076
53378
59427
73652
71414
3355
46888
52378
68497
24588
9927
14050
33390
9368
39080
61942
68612
60775
1386
44463
16980
46551
74097
62156
35548
75560
50995
47903
16019
25349
56188
13748
68203
55434
62097
143
34564
45134
14713
12417
32852
59726
2560
64694
17877
11507
74445
50527
52823
76226
59627
48711
21701
74230
69181
66388
49988
47804
44931
19931
6677
67587
55225
74928
64155
57510
64702
12105
56520
66479
5010
9958
48826
37921
53192
44392
25571
41058
74603
23707
62006
43195
70469
10625
10213
53942
4674
27804
61952
29291
8044
75799
20359
69687
31368
58937
68137
51361
22341
60920
69117
5562
16845
73390
1957
26993
34147
75290
42939
12656
36084
25798
70740
48134
57739
53033
22441
53802
48125
35696
34724
46393
69075
46453
58879
64268
66165
31380
61208
73961
3467
72622
6280
4499
52743
52732
53011
21953
21902
56234
26771
20937
66662
4661
65013
30767
32578
38634
59845
12854
2672
69229
19236
64225
31315
51091
40183
68822
16244
24100
4524
44071
28851
27936
48902
76295
64964
61629
29231
55510
43597
18386
17885
50017
53355
50460
49517
10001
44405
71890
49292
68726
45432
66630
9629
4303
5393
29163
53436
20073
1809
26726
8145
76242
69898
43482
10880
66785
65576
24964
19310
51099
8251
42479
8998
15364
63913
54029
22129
30745
31624
45220
64907
21550
23121
65864
42618
25809
8248
18202
69178
67641
55744
41493
49164
2092
73956
65488
26757
28220
55719
2165
6314
15070
4421
54678
20506
67775
24715
55735
49436
66298
65648
38635
48406
52786
28415
54958
24087
31337
47405
59060
69725
48075
76293
53301
62216
62778
24859
28198
41856
40854
73830
16837
54641
1281
29022
62473
21604
44852
40204
43059
16394
73001
72473
11909
4985
56255
71791
63517
29729
37315
63268
60501
67520
42593
63180
31643
71201
67879
30478
55376
2964
76866
15183
31896
46319
61264
3315
54661
75033
31593
50802
69391
14511
1218
37998
42932
49768
70831
16635
73056
72779
30557
17304
15617
36136
69609
27882
17466
31036
3576
45543
47746
67822
51645
64567
76920
31110
13152
54391
63238
4974
6417
8232
54062
20680
50521
31068
11093
23030
49000
60176
28707
51985
27121
24421
70708
20001
28142
16873
41559
34316
1361
37130
22232
37962
40001
68219
58251
63916
26701
20007
27671
71988
42360
68146
71005
29128
3561
17254
73548
1817
33309
11643
8395
74968
32963
30176
5522
65591
39420
69918
20981
74013
59758
62021
7597
25891
18147
42181
46525
41492
43306
18806
52854
63234
9362
51699
11423
13019
35383
44305
62453
26739
24554
73166
62787
69978
52897
24821
58846
53998
54080
61853
70848
48491
37154
48873
74367
22687
47200
51283
75729
26706
25541
13649
53782
68531
31307
33833
59545
31174
32534
17985
16020
2280
8884
47103
43776
2533
64149
1775
28446
47201
42196
64763
9221
45443
13642
29764
76664
6168
60203
23183
4811
64523
43439
71795
54042
54418
29272
151
16814
11196
34027
65632
13253
56950
33261
31152
26213
44317
21011
7403
37772
13181
2862
68074
1751
36088
74689
15242
65813
14059
28624
58151
46568
67594
21127
33081
73663
1244
50172
14505
40978
61201
73170
28117
3212
1975
7739
2655
10990
36436
40145
12212
54726
2678
33296
35920
60027
50166
66156
58614
31619
396
39611
41445
32859
27915
26615
27431
6898
70237
35211
39771
48970
43065
64766
16450
48124
19088
33032
72814
6080
13600
2488
10894
30598
74848
32856
15415
48732
68434
48735
22773
38812
74846
46297
60191
25920
66331
53756
2696
44013
55256
50785
70497
71922
60033
2244
4851
5563
59573
40018
47267
18342
71276
11607
52199
52953
10694
20521
27500
8742
40839
44157
15474
74661
31870
66340
44335
4652
67229
54313
23312
7301
34475
5538
56279
14084
3972
75280
26477
24411
13442
45716
40816
9925
12381
38400
20696
57155
24621
11040
69236
3742
70017
21107
18802
62266
62680
53522
29731
3650
15309
1187
56988
74294
76496
75818
74953
70070
33454
36573
36540
34362
36410
30715
14275
10616
63877
36488
56328
13072
31762
57495
54177
21887
73060
4197
920
76902
19968
2277
13078
66567
25191
17870
8152
48940
21292
63341
37147
54108
3836
42544
70091
34258
13539
62265
10359
25083
17554
539
1433
71132
19550
21476
48857
16230
55661
5478
24177
4407
62746
48987
59691
5566
10040
59829
25135
3523
26042
45848
68201
35024
73345
6109
53015
48984
59839
23875
5447
66179
70136
62396
10375
59203
70304
49425
76527
60726
33471
2779
4200
19368
25937
5559
65952
36644
73915
17997
38933
22487
45736
37726
39487
4321
47393
6207
13811
71888
33434
52574
13345
13019
13609
51688
47599
47473
54930
67892
2470
61931
26838
65040
33474
72484
60914
58950
18240
36916
52012
20074
4776
38651
31560
34571
37985
5248
36432
40707
72699
12878
40858
43669
20960
42184
14963
6330
39164
64561
24233
15608
49636
16114
57111
14600
3075
45257
62841
41794
2294
61250
5631
46047
38377
34741
35927
22363
30091
63459
20219
6285
30109
64166
45321
17180
21224
6805
23489
21119
38587
18929
73281
49873
8316
68759
31669
7248
50534
68841
14610
22217
60136
66979
63105
63713
8062
15119
2121
32690
50313
40422
35661
51048
12354
8628
67940
44415
47637
63790
29664
31035
12992
2755
38382
10308
62201
10836
31228
18276
74103
15065
72233
20213
13465
66658
16381
33116
22571
46743
46689
68364
28976
58404
53738
1417
21425
23052
15991
4570
30218
51624
73666
10634
74918
32636
23996
28371
63305
9063
38056
44423
27555
30782
42529
72100
58621
72740
18863
16099
19619
42711
10053
31014
37922
465
34470
53580
50067
9873
25598
25826
4397
22838
29757
503
27961
32937
22902
8492
68143
50036
5926
76814
5790
28322
18919
36777
19024
71107
5740
46371
4203
45628
23911
41603
51116
76186
41014
15148
10799
22337
32269
1410
20993
48837
62772
10047
33086
25956
11193
9018
61375
32998
17625
17500
31459
3234
9567
44633
32286
47414
32439
58328
35063
67394
68756
38519
47002
60178
37637
28966
27583
18790
9863
6213
22618
28192
29180
25445
20641
72866
61281
18832
33172
53673
59797
60759
18158
1882
75461
25150
15875
28095
58460
22685
59482
45325
10704
31758
57113
59853
25696
14541
4711
18166
22001
50025
67820
11196
27960
32238
8509
5055
21433
61869
75340
29250
25158
33457
67101
22973
17068
61046
30731
65778
18391
33983
19544
61889
74966
3212
63027
32976
31673
7799
19596
30891
2199
22609
14811
67404
49284
4030
9927
14887
13215
69618
29754
22780
54929
60598
60425
45897
16465
68571
7266
68907
61189
3842
22782
4234
73236
1813
55638
62951
2630
48990
6945
50818
71612
38458
59011
22788
20244
44872
33362
67277
49157
3780
49666
75395
76233
52403
51512
23633
42336
12051
61316
24335
45753
76089
76335
26332
40340
53726
65356
47764
45602
60630
53075
56623
76398
33686
70104
1769
39805
51474
72763
15927
7096
68336
4624
18092
19883
8972
75286
3232
57205
13473
35701
46906
52528
15937
38744
33746
6770
4985
16739
68910
36930
60060
57846
9886
16271
71363
59502
55430
9802
67325
18645
3368
1572
49681
13552
66643
64425
23373
60998
41932
4244
10257
74993
37823
56412
76085
12901
48778
73356
27708
61645
34902
67425
36804
37381
48051
17908
5107
31154
36871
57743
33304
23829
27187
66060
40242
36742
57186
4113
54961
44173
63903
25144
34007
28228
17010
63275
51171
49097
61750
38213
56986
28112
6298
41411
58426
9708
43882
27321
52996
40278
28785
46136
62765
64086
3845
510
56881
42822
66008
30654
17885
34735
38214
26974
20216
69474
47792
55184
71549
41769
51691
63672
28887
10870
55437
20420
39665
45000
4926
17425
51681
51095
62759
73210
18128
46901
15371
54004
27586
50228
7878
52773
55468
13070
66021
20618
54302
21472
19972
74015
311
14336
48622
2138
6071
46173
38444
73593
3238
20565
41349
70865
66350
48073
34934
384
44071
54845
53407
48842
59711
3540
3346
43792
66723
45801
18968
21216
56663
52648
11290
21837
15694
13906
28105
10142
55639
34911
26306
42197
18860
49550
47898
65934
36776
38872
24313
47375
3020
11955
38846
32750
12702
18490
16887
7309
49686
36834
72115
13003
73758
14391
14631
1133
27718
38205
29017
35106
30297
29154
32212
27148
63528
59696
63648
72081
39089
18513
5261
73881
50388
70835
14588
48275
30409
76075
63650
29664
37809
74309
48722
62265
69503
14921
26030
16691
64923
50826
13154
21408
72875
26105
27149
36354
7078
45038
23700
39769
45647
55478
71061
8188
20162
21296
30053
46596
69894
24041
72062
11795
19599
28591
31137
61812
43830
31843
70364
16980
49280
74311
72168
51461
21632
4407
54689
45540
12410
39589
63779
13736
38973
62452
66605
54531
13051
52950
76229
11470
66880
74833
23496
13476
51613
69852
72796
40744
9704
69055
2484
67947
63498
32896
19710
35389
2436
66650
62869
6117
12879
52984
17191
58540
39439
12696
71554
28915
39410
43650
3247
56357
5227
8095
38571
28702
2622
65887
8662
58627
16151
15459
60866
49956
22964
12489
40370
60876
44331
24325
4196
51241
20001
53332
19397
29455
40729
24940
45919
63087
64837
4568
13313
56668
38467
57560
17627
65462
74207
9452
60021
18295
625
61441
27523
40331
23971
69212
927
27693
34210
12988
54979
29877
2494
49564
73177
70069
27983
46926
33065
2571
51006
35659
73862
54328
7765
7566
75597
43943
44988
47201
73187
64841
57433
3086
2370
5261
35283
70176
17992
52326
50987
10115
68853
43492
70808
52045
75518
33524
42781
71328
34243
34563
12657
19600
59313
43454
12179
52486
67524
26725
46336
60951
17613
39765
57035
26647
76156
37493
19279
8327
25859
47345
69292
76678
13094
31890
32652
72147
67754
76734
7864
25048
70489
12923
7772
45442
59999
21511
35947
4077
64005
22988
13856
36972
23928
45359
67171
42847
63660
11799
59557
54957
62490
26810
9728
69544
40595
67859
24765
59097
53304
53392
27763
69056
38648
71288
54225
75813
50149
36082
29288
75565
39107
1352
40160
32428
34478
2963
32149
69337
12583
16472
70342
9055
2778
62607
69227
1359
48695
11996
38736
47019
39427
5230
5154
48310
63515
56629
22948
66487
62453
50802
76358
244
31266
14974
20171
52946
56108
13452
38670
41395
34112
65050
66313
71417
9943
27098
11977
71598
60087
27304
43849
9006
47289
20188
24657
74348
75223
22975
59386
70361
27412
23722
31433
34036
57183
28441
57150
4299
72550
49487
7993
55527
17347
44323
40
74382
31973
19889
47158
20401
61446
55547
6491
42454
37268
18901
36652
59888
49407
50889
26807
8114
74430
3687
13758
30163
64302
8646
8005
64314
49935
19400
7569
24099
34181
35503
5079
53554
64840
24677
38591
63636
45856
75618
28891
46894
18642
32447
31191
75821
60247
64815
1207
52684
67095
38421
13991
44187
24329
43439
52491
18732
1869
41250
18148
72386
12033
73304
6340
59330
44588
67093
23078
10683
7130
31600
30061
56794
58805
54812
67391
47486
56588
71405
65421
51003
15099
40855
68546
12162
63822
44690
15181
33997
42251
9763
28045
68535
37267
43404
75497
32818
13549
48916
75849
70339
14568
51721
38716
66856
46274
105
68511
56537
65409
69727
61126
67156
28341
36059
37410
19450
12161
3939
49967
41160
47564
66429
45649
50720
16888
6135
60987
14509
70190
35405
23211
57774
7852
26721
74757
3161
76117
20953
10754
12721
74307
30386
41749
55482
8379
56883
42563
28409
18997
17100
47444
16201
2198
70197
52570
33136
3084
11907
40045
32344
36869
20949
26600
40633
73852
3925
58132
49531
4570
39049
2630
23962
46749
23465
67272
69762
6407
37492
48641
56930
18686
13251
19833
11517
76579
63271
15606
491
13585
17654
60268
342
68492
39408
74140
17888
57796
3544
74740
43250
26788
65958
47807
43655
48451
59513
68232
32176
9831
17201
25672
1248
48137
71091
24370
21527
62880
15606
38175
67805
53637
35107
10980
18756
38625
44313
4188
54055
41351
47350
8890
9417
22321
76994
8047
63782
60994
36036
37684
56327
26829
33440
9117
33729
44105
6617
47530
14340
68594
24760
15867
26529
65132
57150
46768
23197
66094
27638
24258
75595
48193
27507
71794
72677
63532
27961
18883
29250
58277
57112
61350
66875
60750
63371
34794
42336
63314
11231
29542
76408
74267
56079
34037
42797
75833
46308
16477
35638
50800
76601
66420
15022
45311
18012
2855
497
75984
24497
11664
7279
33385
42153
73915
18065
13206
24695
62301
953
25337
21307
65026
75070
11280
15656
66882
17580
16400
70600
75310
57442
42027
22399
38773
65781
35260
41292
75294
46546
60723
51196
43449
47369
58049
33009
25446
58549
46641
56872
34961
12336
19633
76888
18753
34387
42668
40918
50028
21218
12574
39534
25801
24510
955
43676
23561
19901
59156
31472
6082
25436
24735
66367
9874
33140
28594
19718
18372
45882
74955
73538
6026
34208
73295
29363
73352
14674
54989
45983
10416
38787
68566
34522
27296
66046
25620
76971
13740
56056
27452
67626
54457
56858
40441
58790
11863
72516
31351
33227
70409
7557
36544
29736
1469
47991
35134
4239
46242
12328
14822
39349
28419
33259
26781
23377
32031
57716
32130
11449
43994
58755
17671
51688
38924
18032
28310
54453
28308
33541
55908
4988
63337
46689
4860
12767
39444
19080
76235
30520
21237
24184
15539
34245
42712
43910
71462
286
38060
30863
36625
61658
62080
61187
29114
38301
21074
4715
25128
68071
12357
32667
2606
45254
56319
52667
63923
61795
72517
67999
14313
55130
73835
9574
1543
8427
73499
48576
837
48869
68240
45041
63196
45922
6929
67706
51280
26550
821
22295
65476
53217
31503
23842
9736
27756
47239
42102
21352
28648
26018
33160
22260
31474
49296
49088
44720
27034
55968
14398
44191
44251
42090
10598
67201
59821
28544
31158
66206
3694
15050
8911
25557
56599
62037
16366
12694
54330
4359
43855
27169
59210
49185
60847
54369
55915
34945
44392
68872
58272
62211
5466
31023
18323
21100
19660
38474
69486
22827
53793
40815
49553
1989
12663
20697
64469
12715
24492
21261
41277
40505
60417
58240
23060
48357
31344
40739
37873
7602
63338
2260
775
40673
2017
44602
26489
7507
41788
13813
53747
14613
52305
38591
1419
70497
54196
70675
38238
32973
14846
46761
17479
71882
64497
63314
71299
1842
45215
14902
65248
51895
56427
24776
65396
36004
36655
42083
43617
70939
6228
20372
52142
10403
15752
13267
10153
72330
19258
42894
10000
19463
62545
37124
49575
34301
27130
21052
20027
3141
66393
25095
57517
403
63030
72512
43210
19914
44400
35783
41048
43455
33768
6852
36619
22767
65492
60478
26622
40558
38044
17632
14421
22381
13241
48708
50622
1199
42289
41120
16008
40000
11696
69930
36395
30443
37200
8896
7463
48422
43953
43184
62161
20172
22771
60713
29272
70519
112
12029
40270
23655
1927
22819
64842
51228
76747
40253
29898
10556
50906
56107
58637
69961
58697
35289
69174
49458
54829
66884
23565
59236
46964
25413
14720
42517
16538
56951
28047
44077
12663
43587
47157
17274
12502
51853
42746
40246
2593
71778
10893
72471
63616
34201
18391
32843
75312
23403
76091
22869
31984
18536
16201
42648
70566
43015
65114
18183
17536
39962
8037
24303
30199
8228
64464
75114
60726
21344
731
61057
65576
5311
36846
23181
58399
43573
21690
67778
39257
67137
17549
76584
25709
63703
59615
54423
28868
46620
70554
40766
74610
7078
9614
64304
10307
30117
42650
56228
38074
42545
71607
63264
47885
8217
29118
36674
7644
52589
68074
19018
39713
69049
7432
46798
15353
75287
72227
45219
22280
67272
28820
51230
1707
39430
38974
26285
30655
55033
54319
29132
55791
1012
50891
15495
76802
66467
9707
60265
27163
74364
30258
40399
21146
47375
51976
37220
48784
41827
25616
56826
43055
13270
42908
7466
31936
49784
56288
4200
10071
75685
42852
65646
63752
4645
64131
69347
75757
8978
7656
14663
53575
47149
72152
26582
19921
68533
21970
54286
25413
65734
50483
19631
16598
19170
11447
43847
71492
17510
37914
17270
56206
53220
48092
29189
24882
31560
76322
12070
39296
18313
22353
25879
74997
74774
48046
65945
18195
25338
51921
18096
59405
35325
73200
54438
14799
47697
64496
43648
10748
70014
48446
26132
11106
5170
68043
61805
19369
801
24165
37742
44241
36972
22811
37911
59800
48553
28473
58910
44650
71303
2609
51933
31115
54604
69947
22691
3744
43814
707
18578
24252
51818
49704
52661
71174
66948
12621
34756
11839
58827
6705
22229
23226
75696
52457
9689
22269
13499
37477
3560
15875
68610
11439
8969
29755
67624
70535
72930
8620
65357
11148
55177
76847
62935
72398
36325
5510
26773
64935
50668
57451
71788
5103
6713
75833
32592
60391
1153
2383
25168
71069
46987
9227
31575
45638
46794
58251
26059
68834
19248
46278
57531
2264
35912
35465
7953
1362
40912
62366
19802
39396
17666
14655
57214
46566
17821
47936
75633
7857
29524
74851
26397
64934
65403
14684
30825
65554
69826
15596
5657
53694
10552
27188
18851
67202
52260
35911
23220
1593
44546
59842
64742
56416
59761
37808
54023
20745
65429
3757
74734
9940
26950
55452
60916
19964
41621
9788
29172
68447
34909
65005
3960
23479
30309
9624
58418
18279
37777
5741
20116
34559
47912
71998
50205
60696
29870
36697
52769
46419
75854
73019
59203
27307
1987
70207
46377
17267
46779
7733
40892
65842
63737
76680
9835
27635
71101
9128
74635
7273
46042
27486
62349
75080
13229
68446
27308
69983
28037
7854
10857
76537
65522
21621
15549
55938
55750
19687
67386
19431
66315
26325
23871
46742
32448
75417
15934
24429
2355
34567
48147
20694
73060
13495
28283
66656
43676
10822
44470
38185
37985
42252
36411
7935
3335
44665
19935
52310
46436
60153
59754
8315
45416
31607
47278
39
31878
22205
26372
55752
20948
67505
64629
47225
62531
4299
44474
23418
39979
26330
39480
32546
29879
2671
26155
73728
21152
66690
18238
32098
18328
73296
45412
33212
9718
17646
7471
45378
10409
1111
52923
25081
9282
19193
12093
75551
55875
70894
51757
69363
75141
52871
46037
25175
29171
16746
10197
18018
20673
17564
63341
74042
47416
58585
35142
25126
67601
44536
5941
37098
11627
63116
75781
68323
75771
1685
71104
10067
31719
56366
34138
8967
29527
22479
71802
45747
18432
9506
12117
16263
59038
16530
46032
20386
65790
24088
20714
75365
24205
59712
27261
16747
10240
44640
39959
65068
20777
37568
1857
47153
14251
75660
26875
52137
36795
56111
28513
70394
53499
20938
16423
53508
39635
39778
38660
5719
58822
14192
3390
19012
63455
31081
3250
76617
3398
58198
60677
21590
43218
6062
8357
46093
71388
69007
48021
53087
7054
26795
43081
57232
57839
37711
50846
31572
10405
49351
38165
36500
40013
5101
36348
36657
41561
1769
22616
40201
55367
4626
34956
9910
36257
60907
46623
22908
10638
21536
40916
73243
51293
56608
3627
56722
61474
12668
53064
45317
46222
66821
14629
28933
12855
59820
40305
68350
17481
26075
66396
63022
11511
18321
446
37384
46659
35387
46883
53720
44301
7310
1780
44194
60027
14240
72622
36555
58342
75014
69071
61649
30076
16824
67914
21118
19887
43673
18825
61176
40738
57699
41346
34444
44035
25991
37999
44272
29658
60018
74206
39912
12308
50267
9097
75855
15804
67464
17795
75192
45055
64049
48297
45717
33506
54356
72696
74308
54659
46367
31112
60698
68312
27181
32132
67279
65615
8183
61813
25
30419
58964
17115
36285
35640
74267
39671
3728
12348
22413
35720
7515
16746
57279
34704
44549
58356
59357
64810
25498
45932
55835
40442
72962
63655
9141
6000
5948
21911
5270
74267
19905
60195
42709
45183
56021
66789
68483
69954
59839
22264
56401
52248
70842
37411
50863
61521
7653
69031
18039
21020
5605
27745
45560
29947
2130
7196
72662
57658
68790
37262
72671
32508
11426
60421
50217
26477
8811
70910
33878
73214
10497
65898
5049
8776
31936
20646
18419
24792
45048
47653
16278
57907
71143
27356
23147
7462
36735
13489
19606
31157
61114
36801
70959
57142
63264
70629
70996
36169
53963
41448
38913
69454
4602
18840
13818
57723
39546
61822
16287
2945
5091
64659
42510
10754
46790
47866
76727
16841
15580
66804
23120
50533
45338
70267
38425
51547
57513
36479
48002
56000
69986
16263
23408
71936
73414
37389
20430
1966
3539
50064
35456
74440
43674
31366
18691
43757
36389
44558
73089
7678
351
17352
45432
12551
76804
34482
74066
48305
69983
21959
60039
11365
3418
5990
21150
25910
62528
6661
47011
47468
67095
31255
22522
74601
36273
22673
55650
11569
20489
42261
16756
34451
56594
42953
47435
64446
55507
20519
64437
44010
24511
31818
15351
30149
54754
28274
22256
10974
47605
52964
31812
42529
69778
20553
17376
6287
59131
5152
45429
21106
493
31899
30901
37474
25114
15995
26419
59479
44444
13193
60223
5731
74013
22106
3175
6771
66827
10918
23273
68618
43009
1806
8652
47458
9441
58335
59983
34640
20534
12679
14745
66874
74821
7299
43039
13808
11851
13882
26973
59541
57993
15642
34676
28968
65837
74901
47313
67555
60059
75983
10093
30231
55144
23527
56953
6858
3359
22904
43418
11310
68156
3283
842
52495
30037
73490
16559
17449
66001
42019
27901
76460
55264
65231
30118
35549
73275
68134
71378
1146
14237
46913
4498
48297
14814
54860
29829
73525
32664
40206
76110
30823
55322
9534
42573
22757
66858
17956
26849
26169
69791
8449
49007
14121
18717
11443
55620
38678
71906
34417
67462
51483
28669
75960
44265
50804
22870
23872
53022
35720
840
35830
4638
70125
44227
18030
63172
75439
7199
16436
19792
66716
17091
33103
70327
34167
21690
32084
49784
24919
51919
13458
75770
15755
67527
471
42273
21444
74181
35727
48351
58399
39036
6619
46031
27805
6365
1838
5796
5969
68216
279
216
39998
56615
40635
19505
15395
29141
51051
25302
64683
44502
55230
43976
26333
5800
22107
71043
50021
49295
22181
58652
65821
45919
65498
73028
17963
22434
37906
61866
63440
24681
20041
26822
2699
62023
10041
62746
51208
39353
46143
64091
55360
75858
9783
5901
8501
31195
51343
3750
69354
62072
30710
57720
6006
29813
50919
8842
61987
1639
67566
27816
22807
16871
40637
65134
57694
14729
16219
40668
25058
36619
59834
46371
30832
51761
5299
1614
52168
68301
5608
26204
39689
27659
5742
55665
36438
8323
19685
74716
35745
38768
51518
33772
15099
67453
54688
19267
38549
34663
5086
55500
56526
23246
38553
16033
12457
60853
67653
39493
43201
20696
20410
59761
35653
32733
27154
27154
34394
32180
71122
38855
30625
76120
44502
13344
75271
60519
43822
5202
48994
39630
21455
46895
54511
62886
35767
34010
55613
9715
26753
29968
9917
35562
28505
23810
9961
35250
70756
26663
76630
61156
24487
42798
60935
64165
1339
69930
76255
76506
11466
62758
28771
37914
63577
43655
2770
17431
74617
21281
53769
60158
12451
9433
21487
32055
51944
71466
76434
25534
9994
19732
13453
38159
45499
27702
47615
27337
13288
76780
13360
17793
33305
65004
33874
3119
21160
66442
61266
34581
51419
43771
16233
76100
51575
41270
16556
52825
16163
2262
38404
57397
2335
39517
41283
18026
75704
14419
9492
12569
41737
18052
74565
8120
9166
4551
67220
27912
40696
42514
44515
68149
22360
32939
71249
10199
22778
22802
75607
31790
31008
49746
51676
1242
23927
28702
47413
62384
13650
63000
70372
52128
68786
58556
44467
19867
48575
61636
39125
29355
33037
50269
24746
70514
52605
56670
3837
8780
52911
17112
23244
47913
70441
13257
26044
75498
65543
20891
75846
35213
38559
37129
56145
6908
22511
43970
19173
28447
19493
63030
1849
41130
57619
36813
4050
18465
65110
9391
44033
40631
70625
42990
15504
25886
57899
42727
52200
22033
15785
9640
43042
27182
67265
18331
17144
72191
71252
23801
38439
26263
68623
17554
35492
41657
2175
64928
34056
73708
67438
7251
3465
74620
61630
5487
22686
76066
57513
75657
29958
30251
37403
47801
67150
63918
1076
3330
48222
24574
47454
65756
43462
10599
12591
56603
70826
46926
75515
48768
66183
36249
23938
17117
1737
58542
5985
23550
37090
50304
56904
18059
13857
42763
43232
18042
76269
43873
45606
17145
17365
54605
25472
16393
60909
44092
55050
3982
70663
29979
13493
19715
18419
57548
74510
53098
2388
31138
55055
36329
69625
15148
53916
71984
37445
25559
68227
67311
62372
21659
34569
66325
24394
32575
43117
45291
19609
60409
20316
14862
40510
28886
66104
2795
51145
30543
46661
6070
76720
20396
66794
21843
69911
17179
75088
19557
6773
51337
47611
48604
76254
43681
57801
29449
74433
6442
55451
26862
55125
34810
21320
72528
59877
67177
21232
53958
11364
22648
66172
56428
31895
74264
73696
33328
20254
26359
65961
25405
60143
6174
59745
58029
20383
52646
61836
19474
36685
10544
31790
76501
47045
6043
43291
31712
33694
14544
70834
32031
24929
49474
31215
73960
43502
16354
47011
47299
76477
34990
6171
10597
25949
5745
8058
56935
14836
51558
16860
5291
1356
42638
6848
31262
28398
34049
69152
29065
66206
15065
52408
24178
11987
43770
46785
127
21449
73405
25505
29994
36365
10212
20489
4456
39020
488
56955
33868
68480
29349
72181
12777
15097
16360
31438
69164
28892
23183
45412
37759
30162
71494
55968
58226
57367
73386
44775
65221
25908
57038
61501
14360
54812
32755
35080
8347
41281
76133
694
7417
14488
8456
15428
48575
44895
18017
44373
27843
65873
35953
49603
20984
5932
72220
21533
37901
42072
15864
57876
62173
2707
3377
10444
74001
24989
59769
31516
37449
69326
67293
3025
44067
45911
36402
74085
32202
12732
17038
28920
14319
30355
71572
37320
30213
8641
53047
25587
75094
7882
66639
62606
58059
59658
73386
44528
44505
37261
10665
15712
11631
28144
49547
36503
10044
51826
69848
36988
19773
59434
64635
61339
69212
390
12075
68169
40436
13293
39691
34246
72409
75362
26572
61271
38141
32445
19004
40254
4428
58079
63152
44865
25425
67099
38453
16028
46129
61132
33644
10452
38389
47246
69476
72042
29134
15877
3610
48487
6745
55892
63051
53850
13026
507
39858
71707
17244
6336
65236
29459
11014
54912
25344
46307
4338
24890
10829
3885
52807
73793
49708
62490
25214
46652
62333
8705
13417
4132
3533
31505
57823
30745
1140
24859
22613
10969
32741
33015
8446
50454
1926
16154
56571
34915
10247
65177
64734
1595
58488
75068
6024
58510
39491
10290
39563
30504
66865
19244
45961
76704
71433
48457
3267
55650
71490
66822
61318
32457
2313
33191
12039
31749
1006
56199
33879
66876
48777
70736
29050
441
17242
70231
53298
32350
50214
19263
72856
44814
14605
66392
41290
66372
9849
51596
40856
57834
11681
21110
35977
10823
24339
54335
90
71591
11968
10782
30662
33016
3392
55475
43762
16327
58127
26377
70887
12997
33216
67006
37354
2498
50261
24896
2968
22268
73385
49757
66675
65316
48124
5559
47714
25269
238
24050
45404
51186
5159
72603
16333
71242
68682
76351
14041
59067
63186
246
30685
38776
67957
34938
31573
30024
19277
25152
15056
67773
57165
47057
49167
11325
76785
67285
29629
33489
47854
44493
76017
5552
56712
53771
43206
55023
32554
49056
4387
52959
38952
17026
158
59771
22433
19448
60836
7180
23769
3388
48260
61531
53218
37372
68337
75186
16154
16108
14046
41143
31087
53003
49923
76190
33591
65440
24638
26122
1269
41394
54725
23920
23949
11289
57136
52241
14353
70124
18044
43985
51548
50704
3145
52832
48963
777
62013
27909
19052
65096
48457
40802
55494
12457
4329
10392
43512
51112
42577
48432
55541
55768
54179
26170
1485
31552
69405
3374
61264
54026
12928
26613
59043
30720
62203
17586
70036
2125
8773
23315
25146
50422
66010
50774
58678
72203
46661
52290
39446
32094
1795
30131
45784
49127
62720
17065
60004
53577
20859
57278
70202
41509
24100
56378
19898
58137
631
34301
11458
76284
63888
23800
18538
58632
19933
1912
42187
43941
64587
11776
64886
71606
13129
14298
73714
12426
43089
25433
37709
40082
46933
24478
47939
16682
19902
63870
26004
46309
68615
16484
12376
15921
69616
70576
42470
18236
33038
63707
73978
62202
41672
60766
70860
25532
805
36374
4445
10959
56289
67702
59877
72702
32815
52130
34752
1764
65911
23851
17847
67866
272
71987
13082
6729
18761
66967
10051
37109
12794
46092
57774
7351
30736
18375
2892
43461
22317
65853
19311
51679
37061
35348
51328
5193
13132
73908
27788
14432
54262
69710
42701
16099
26207
32247
23029
58064
63056
37640
72749
42103
64139
42694
25771
4775
23390
38977
44306
10891
59843
54579
75811
19809
16464
6671
66866
6007
27522
34099
12195
7714
65501
37219
18795
49508
43366
55523
18171
3673
56625
36913
15655
41887
30742
11501
28533
9543
16278
64998
23105
16804
924
36331
69638
59191
64255
37242
42414
37508
37564
47872
29722
27869
30072
64358
13901
43305
32706
76332
42482
67321
16095
11213
26119
62039
2944
72926
26457
68067
4902
37476
50918
10619
28109
27313
58834
65758
46670
21091
23953
37637
8302
72361
76204
31118
67940
49283
27606
70775
21672
52285
13510
14484
38791
65671
27143
8861
16195
6924
53442
63654
4439
72701
2573
37460
29424
69106
49973
26977
11535
76388
66135
10085
36188
21514
22341
11817
19420
41005
12188
29888
31074
11770
57329
52309
73756
35948
45508
22547
22428
37164
30060
48645
29567
24806
59554
46291
18123
41113
62522
57477
51665
18098
21828
16271
9906
24205
9249
4018
70565
13794
59513
55354
13086
51280
69841
24113
44971
5465
68657
5543
37216
14361
17876
29028
53402
61795
76865
63340
33728
48346
32582
34470
55462
1018
2340
13777
41267
31673
66653
70772
62163
48709
55026
72880
51743
42394
6289
13491
12807
65048
43716
8036
7433
70551
29797
72470
35363
43680
61645
75172
69341
69594
71052
8111
28754
2310
36330
57815
28285
46663
37668
44987
15881
22209
53986
63390
29744
26245
30350
58561
23805
31934
10399
65983
6437
26883
5747
71464
65703
66545
59787
61750
47613
73277
7984
55382
42954
61067
29347
26211
66075
55501
2298
12325
66915
72715
679
40624
51175
26860
65978
75981
15152
45407
69575
51554
58558
11456
67258
59366
23489
55418
29191
62853
24091
8925
14254
33532
30794
17437
46403
47602
5642
27167
70100
20068
28950
34480
61467
73299
68870
57059
10235
17179
70597
10863
54368
4723
44410
13811
29087
73140
62238
535
15132
55839
54997
36112
46659
53888
7517
24479
16766
20265
12972
16752
69741
22724
28974
64298
10043
54337
52411
68047
41109
19824
35783
76033
37149
48196
51859
49927
52453
47221
67722
57243
35680
35695
44902
13762
33962
53804
64928
68463
55607
3859
76422
11468
55785
53083
49238
53166
72003
37200
6649
15315
722
37960
71891
47579
16540
74787
68463
34633
15544
22565
36887
26652
21757
29794
13897
72390
39087
29964
3670
74960
6756
25516
53932
35032
19372
13235
62131
28144
20207
56875
38212
66316
28544
4871
44644
70080
7423
2667
42569
46947
11461
18281
75604
56788
36904
22642
67316
46784
38670
59798
17476
40845
64303
35192
52250
11063
61771
47688
12656
32924
55450
10374
11655
32613
68866
75664
5623
15915
21195
35576
9524
12060
23903
17333
38403
29225
75501
76221
14938
38725
18164
31100
60997
28452
45668
29659
69156
38101
64881
25816
54418
14070
28345
23653
7128
22562
75861
47232
63648
59026
48324
42103
63262
52069
7410
15533
51976
28677
62167
7485
17455
69624
69300
68834
22141
215
52281
17761
59638
22935
23442
7092
31396
46385
60752
29516
45498
70248
60979
74986
23762
22375
67917
2970
39394
38828
54402
15660
31744
37829
796
61344
4015
48374
31586
21214
57458
70180
11192
46663
50773
34304
30474
33251
61747
11531
65403
63704
58769
411
22338
43675
32529
62535
15531
55103
58108
30845
10604
22815
5935
35557
47406
16449
56486
76058
31035
76586
38022
56997
51127
53656
48851
60509
44494
54703
59394
7
47557
18667
53481
25685
56613
48807
68451
4622
8986
17344
72151
19171
10083
31250
3144
46305
68762
26573
40984
33464
8978
53082
4613
24191
51760
57072
41565
56801
65777
60765
18238
72920
42683
68419
11046
37556
58345
41266
68633
46520
68142
52195
58561
35578
72915
58024
68592
68045
4739
1686
37177
45221
68075
35132
72044
74046
42375
63587
7736
42569
62992
22729
34042
55643
7913
29291
73012
49068
33865
12887
23417
3529
48611
9315
46013
60847
7224
46310
76378
59037
7991
16681
76909
72732
58155
37082
20350
5926
67570
38037
53502
27064
47229
39974
13219
61549
55187
51079
47615
36912
34041
7578
831
47173
39780
73989
32383
3045
36439
30056
68859
19989
1360
44739
2544
74978
70428
12688
11152
30626
53051
52386
63412
46978
51166
67169
11125
30168
37877
61731
47499
41924
22829
71585
61238
15080
35550
21115
339
737
67571
60649
70598
56496
60707
56743
35574
38226
63132
76603
6342
69288
49823
18743
30399
31044
38806
29917
71843
12657
4674
34068
50300
40533
27754
61462
8355
28854
70901
65699
67565
24661
70473
71238
74327
44996
44260
46401
64763
49552
26247
25895
5459
691
76242
32878
72633
69537
28354
76960
36649
39812
35327
20468
3526
42446
25083
37086
32977
54594
61765
10863
27833
20400
52003
42810
55428
2643
2542
49837
28795
69569
17751
43160
14003
34630
31216
40909
50512
66029
39541
2244
8204
60093
51048
26577
7301
5643
62100
51132
22373
76890
33730
70885
28467
12620
63935
62338
67231
30059
20239
463
3754
27072
75850
67961
32067
46623
67220
68607
23998
38469
37267
5661
13424
15663
55641
5046
26221
23961
20609
61589
69626
16864
70511
51528
36079
40845
6120
2346
24676
64646
20761
23860
30516
27786
17675
42623
20607
22464
17755
22096
65673
2101
6176
8416
60432
34032
26078
12759
1259
70332
2535
54813
49349
2049
2329
21509
24569
71751
31523
3878
904
6665
35161
76046
62621
69434
39479
26181
70402
50990
71841
50420
35732
27047
55993
43129
25896
1891
33442
11152
76129
73910
33809
48711
24810
25202
47572
64910
13693
68207
25146
41129
58198
73808
18858
51651
54002
24148
46784
44913
26881
10805
69322
16736
5226
75809
54457
64316
12686
57483
76898
13142
69468
45510
66652
42544
58556
64109
24420
46784
74839
49025
21956
27072
67811
1951
23546
36118
60301
67669
2844
56205
42039
19226
14082
40486
26777
15423
45316
14212
30315
63710
7450
44371
31824
29325
40250
47204
38863
36639
6884
13888
1963
58751
53042
48094
34491
45818
41019
74683
63643
35472
37942
3357
10297
53414
23660
71204
29468
57700
42198
2733
38069
13942
73782
65309
61882
56617
22257
46406
34792
14908
29273
9065
75606
5584
69601
1096
71241
71525
1834
36758
41233
41282
52707
30078
9970
25736
18077
40645
15102
63612
36372
36357
18096
53320
65001
45551
39076
63981
25204
24179
3954
30263
49423
74471
74658
25317
32230
66786
16081
2739
46187
46716
67681
54678
21974
15908
29383
30779
16521
46029
72165
924
72625
58446
12752
42960
13648
493
1444
28870
73440
15207
43835
75334
69002
5574
57748
36124
3308
30727
70096
66906
25617
6799
73536
32384
7955
57042
19019
32171
64076
66544
27268
19503
62849
2781
5751
4570
51071
56859
22692
70463
5520
35301
58636
35540
19174
4218
24840
18201
18184
43165
45834
39492
62642
42309
23299
38781
57606
66974
595
28307
43425
2491
40175
1586
22097
65069
28460
30978
51306
32781
11617
28437
4824
37010
15275
47908
3686
50056
39451
55406
52149
39669
66826
45119
33968
69561
27748
59673
56004
30993
8762
57057
9949
32632
19201
8072
56524
47955
5377
75308
13677
32791
73040
38731
64980
51834
30548
20116
62135
578
319
54426
28623
16734
32980
77
63008
22951
43705
4870
33568
57810
72509
3599
10332
32301
25784
15125
20270
18475
52722
38124
18603
4182
68195
63157
45216
49576
62146
8942
58133
43742
74810
72158
15074
29722
13038
28659
45902
22667
14932
34978
59998
21211
16527
62835
25378
33357
9295
54158
32875
68896
69924
9813
43721
75757
43128
16064
15113
15713
15442
49727
43060
76023
42414
59744
28034
14877
49545
12765
48541
30041
18403
61809
37355
48473
40109
49519
72875
5788
67506
56246
33168
66063
48130
11813
1379
27656
27002
31247
3634
23249
55935
60299
67423
34121
7168
60060
58780
41637
74548
53263
27882
60310
18888
2070
18793
73239
37251
41024
35482
4630
38061
25210
41208
44124
39401
29087
65517
68387
51004
455
53264
74771
12006
59367
5043
30504
6749
52844
30291
19700
54144
35501
55722
36253
44561
68909
42206
4146
50156
37530
17204
8583
46188
7069
10647
61706
57221
52078
51498
63354
30580
37843
32774
17516
30682
28028
73308
24433
49255
8119
50356
5351
13524
12347
51406
45241
64385
15083
12574
6790
47781
45785
39885
75316
76939
62940
49738
71534
70561
69751
69863
10817
22252
31375
46632
44223
768
22177
55734
6286
17788
63414
13642
55241
27698
76381
32717
68984
23347
13755
52347
75214
69297
57945
7401
6095
8742
24881
32404
70844
66802
56398
63328
15181
19314
58880
3506
18537
74227
37945
54173
70965
19175
239
68800
2127
31414
20246
60329
7509
57949
30441
70011
71855
14020
8445
56467
4406
58241
9483
10833
32479
69147
3759
65281
45472
273
29345
28112
65774
17744
35336
33748
20057
27803
878
62965
70605
11941
69468
53040
38549
68122
62586
28434
27357
28019
25139
20144
72372
9673
35579
16613
40548
39008
6686
62894
38152
69349
3463
30639
48770
61723
37849
5608
68614
52886
26366
7554
45262
19506
33889
67332
39922
9166
55170
30170
61083
46058
42462
1604
64037
38136
16231
62333
52759
10239
56231
58434
46760
50601
17525
43274
