6675
2910
15120
20133
7942
1323
9805
4420
13175
6945
890
3381
9393
14687
13255
13665
19603
14862
2575
19015
14330
8019
8127
13800
5254
10489
3372
5483
19161
13534
16420
19784
11324
7400
5396
14555
2860
14108
20921
1672
7937
20307
1075
12605
17295
3402
16491
14872
7950
15796
12878
5725
19532
14310
4321
8868
379
20702
19372
13614
2860
16329
9843
6050
16330
15832
1167
1808
10484
1510
3604
10920
19298
705
11995
14880
15889
20362
5368
4113
3737
4691
10030
4764
9059
20164
9542
13599
2904
11513
19566
16638
7453
4140
14310
991
20323
12770
20717
19694
15003
3933
698
7106
4958
6166
14376
15466
19002
10828
18385
16704
592
15773
2987
19680
20794
7952
20015
11860
3643
17589
10046
10952
7903
14130
1046
16764
10081
13859
16907
14820
12499
6028
6177
11080
16416
6022
20156
15296
12894
380
6658
3536
5335
17432
1073
3332
14886
14591
8987
3792
11966
7518
6800
16591
5366
6512
9450
2558
5897
15957
16299
13827
15451
18984
6850
14607
1165
7341
3349
8686
9217
16781
12849
7343
20457
12063
212
15036
13730
1037
9035
1120
9198
5824
15744
2727
14647
20913
12284
11679
10519
1630
13066
8505
16244
9212
6179
5620
12865
19583
3054
14190
20328
19932
17583
5144
12156
1886
200
13669
20354
9797
9478
2814
8847
17120
5026
14925
19820
2434
16544
4588
17671
9624
18268
15338
15588
15966
13424
11513
19496
233
9914
18951
8126
14804
5906
6478
17626
16258
4858
4242
26
228
782
5119
14725
328
15186
3853
875
19023
9427
7665
3044
20945
5797
16737
4830
18295
6948
6403
3902
8709
9031
3290
15375
14690
11110
14766
19968
12709
19348
9072
7671
16494
6807
4799
12315
1678
17348
15993
17448
4188
3000
10090
1164
18380
11234
11258
7870
1534
20276
1774
11550
7905
5536
10285
18367
9026
18942
8157
9465
7669
3715
14786
508
14958
12246
10450
4846
9709
4045
4464
1645
8900
3236
6642
17537
5974
997
553
744
19637
243
16790
15445
13056
12696
14644
12011
4767
1495
14501
20011
20373
15420
1036
14261
593
4071
2756
12034
18993
19351
14883
14728
5499
17027
12079
8512
18433
7540
3772
11689
2993
8494
8942
14495
6478
9445
4369
7910
14454
13524
6411
15904
7513
8977
13163
14366
1227
15461
7440
10995
12814
9783
15000
2876
16719
9856
6316
828
6299
13833
3764
4284
18981
19128
4660
6736
2695
17842
16866
15332
18123
14154
18907
2965
10445
16064
17450
2916
9695
516
14996
5181
4728
13505
10075
11518
17298
6640
11244
8339
5046
1361
9855
12022
2351
1806
19419
20067
18487
13555
1883
8946
3018
5845
19033
11206
9173
16779
12981
7954
18482
2802
5163
14667
12323
4762
19958
14337
13721
14390
3765
20495
14600
7537
20640
16601
1160
187
20590
4789
9811
3572
19359
20963
1166
19263
11121
15758
20670
10319
7441
13692
14136
4840
4536
7746
6044
564
8584
16953
4191
19934
7929
3117
76
15547
9308
11819
5487
15476
12963
17298
17862
20744
14947
17995
15387
6015
20023
17883
8970
5345
15866
6543
14596
19036
15464
942
4958
19549
554
14410
14377
6221
2117
7448
9878
11405
18806
10960
526
5821
1644
10934
6547
18045
6489
20558
16575
10511
2934
6711
2719
2219
20395
12014
13707
14674
1352
5739
6437
3791
498
2560
5451
14919
10621
510
2603
9833
19402
16538
14330
11297
9526
15045
16752
18118
8232
20161
18956
5275
3948
9943
16728
5059
5568
3181
7809
4621
6210
17732
20413
4847
18356
16552
4896
7007
10261
313
1661
8413
5109
9607
1534
8804
6189
13146
9177
7783
19577
13223
18727
464
1083
12406
15449
2372
9861
12856
11233
5002
12603
4607
18898
15290
2243
341
12557
5962
18761
19206
16234
2508
4611
17002
2663
13251
19829
4594
3336
3652
16634
5876
18611
10930
1161
274
14182
14025
400
4388
1400
7572
10079
18070
14096
16986
18955
4884
16510
2227
19341
4841
14293
12449
166
19559
13241
594
754
12057
4474
9881
13607
14709
18509
19204
3096
12013
6532
14864
570
6324
7761
16712
20122
18557
6580
653
19288
15295
4766
16743
1053
11734
14026
6154
18317
9403
7959
13980
17368
7259
3764
2682
8915
6981
10353
13970
4333
13420
14077
19428
19633
16484
1697
12474
2984
20474
7369
5022
13887
17580
10562
4650
8996
19112
1077
17698
18633
3241
13118
8118
20019
8411
15769
11491
16682
9896
7346
19162
9460
5091
12239
16840
11992
7009
14260
12300
18052
5623
3483
19816
1540
19735
11774
9991
13448
13228
11850
19436
1016
397
19122
2379
10926
17215
18549
19729
4136
15178
11949
17485
8553
1085
9581
3802
13996
758
15518
14341
8804
2234
15566
10697
19482
7826
16213
10762
9275
15070
5741
14102
8461
20203
4430
16959
2199
11953
7084
19918
11619
15816
7654
6281
2352
11680
14083
17581
3344
12391
3394
20895
3810
18636
17998
17828
6685
987
14108
9848
8043
18370
3139
11371
17669
15464
19791
15832
20648
18917
17634
14399
12780
8757
7560
5514
4925
2494
5669
12277
14544
18616
19461
19694
8164
11428
3119
1428
17138
12437
19407
2652
10866
9604
14999
3815
16291
4887
3465
18511
2863
14409
3011
7512
7521
11717
6040
19683
9164
17580
3239
2790
8569
16726
1338
8431
11660
10229
13309
12583
17940
17476
9673
12028
7717
10863
12484
16694
7556
2701
3319
8987
15374
4767
17252
11853
2117
1108
8385
6929
16600
14013
19718
13076
17094
1636
19118
19302
2399
1090
4645
8680
16575
14045
7399
5377
15368
13256
537
9948
17643
14756
19438
7797
138
2445
12440
19707
17197
3503
7825
20000
8871
1967
19660
18554
9164
10214
12029
8206
13145
8688
6466
15475
8928
14011
12613
4873
10671
9419
207
6141
17564
10594
17490
1812
13295
1701
7930
4068
17148
3033
1354
13114
20203
3932
1359
10822
3862
10889
6547
6372
12862
163
15648
4179
15067
14082
13902
6256
17702
16076
1163
5141
15428
19698
8902
3098
12705
7931
5488
16325
17022
2327
5528
14806
10034
15201
18322
6571
12688
2063
2563
2875
9786
16318
5363
7894
14658
2631
3031
14873
11537
1598
14426
1400
574
17177
4967
2195
15412
16677
14414
19531
8336
7027
18944
9022
9574
1074
18193
18573
7719
5759
10298
13527
1953
12079
7375
175
19915
19549
12731
417
5019
16262
6158
8378
7967
7225
11825
3188
19180
14669
3822
15088
4662
16851
8510
11190
580
10915
4160
5112
16119
7650
15211
9126
3039
13232
19937
5002
6170
13072
3328
10899
7034
1616
5101
17567
13458
19552
14599
10881
15661
6800
14494
10034
3538
19114
20814
20731
7536
8639
8876
12297
19658
2150
20067
3769
10064
16486
10403
16363
3626
17524
6183
13676
19417
4784
15002
17251
7379
4106
20766
2901
6578
20482
14352
4915
15219
17373
10227
16417
742
1291
15143
19538
17479
15477
17646
18615
12167
11885
16267
12462
10039
7142
13447
13951
18315
19474
16689
922
14047
1057
6393
5836
19601
12575
15866
3137
15858
7663
20274
8867
5058
15347
1655
9136
4335
5422
1255
625
15026
10760
20612
10727
4038
2704
14506
10441
485
11145
13903
9136
6369
9683
7894
9483
3876
13466
18431
17438
14837
5556
13806
2501
14256
19035
9087
9383
12016
17386
18835
54
19323
17637
7706
4794
18498
9009
12389
165
8740
2122
16654
11561
14
14259
1239
6126
13961
18960
13083
11192
4343
2280
16909
11796
16435
20806
15875
2307
8541
17535
4734
17048
15231
15614
5297
5291
9784
442
340
12232
14794
18289
5348
11281
3145
3038
280
9632
13650
1261
19730
2185
4917
6080
720
13108
16881
11474
8199
6992
5067
16280
12443
19971
4355
5816
13045
4414
5171
10401
12930
19733
17748
16474
2891
15589
14606
15406
7998
2637
2260
13989
2825
14575
11426
17567
16822
6224
9093
11369
799
9187
9981
18697
1583
5924
8553
2614
20379
10431
9247
19457
11531
4353
2614
7136
20105
13919
14082
14129
19037
8083
7515
4420
13850
9621
8891
3849
20593
3357
11370
3352
18720
19190
7000
13103
15438
12382
17302
17454
9822
5979
7257
7718
9309
17144
14404
2800
4121
19036
8648
6547
14225
15243
12475
8461
15491
590
14739
11538
16430
15102
12589
12842
3588
10086
8623
15093
20387
5502
16342
6026
15873
12804
16492
5349
4642
11181
5985
19902
16896
18121
357
16782
11493
9116
11480
5557
13783
17800
12318
10463
3696
8488
4162
2757
937
13384
7958
7855
17835
672
20324
1175
14418
12191
13853
18761
1775
11868
3555
19510
2192
18880
15508
10448
1318
1295
8078
6680
5890
3174
5433
2443
13532
14102
15782
7411
1890
5518
8186
16649
14794
4487
5878
9561
12036
13832
3399
12486
12823
14474
14101
3628
8383
2734
18250
6356
6855
9267
15968
17546
7696
16940
839
2658
17526
11197
1235
2441
18411
17413
13574
8984
4371
10383
16487
2107
15788
11972
12662
8312
8503
14427
4146
8371
17887
20320
16977
19838
7413
3314
12340
9214
4302
19677
6765
20657
10874
14464
8766
16523
10049
8794
14135
12591
12635
2230
20786
7043
3308
3165
5711
11748
15019
6434
11359
912
9558
2416
13248
14851
20860
1064
2052
10433
4166
191
4038
13843
14883
4068
4562
7868
20406
4719
20944
1579
5366
19333
8509
12947
7026
12200
16325
16397
10207
19308
12441
6463
18759
20436
19952
10262
4719
8954
20790
5679
3102
2045
14590
844
7261
2477
7269
11282
15464
20706
13933
10790
16311
11650
2362
19224
20281
14282
9109
3479
13318
14428
10522
2620
12854
18094
712
811
203
19563
2540
14924
20137
12739
13922
5472
2566
2494
14498
18767
8049
5829
3163
5286
4035
10873
10910
14637
4324
14837
7826
11687
7932
6446
5031
12339
6168
16292
2249
3495
16228
224
3395
18452
19947
6013
14533
16212
5376
18259
19956
17568
2031
15414
10509
14734
16734
18309
13165
13976
19170
7423
9376
2408
807
18688
4940
3439
8519
1824
15969
12845
19774
13557
8735
6066
4032
20455
6372
20355
11279
8633
9113
11296
15125
5352
2128
14979
12419
14531
4700
15019
9020
7714
12884
13230
16201
16732
11125
5277
8529
11008
3755
3113
2228
14277
7436
10035
9460
4925
5250
9201
19825
4716
11051
17253
680
10950
6391
9055
2591
3094
12469
395
255
2484
7537
15237
3270
20454
5590
16057
5793
15375
10156
15111
5258
6284
17054
203
6188
2411
15979
18555
504
17991
8343
12777
2466
18174
19894
7496
8869
3099
13748
14684
9424
3423
2132
18682
11924
5251
9323
9438
12178
2096
8015
11844
7190
12799
5977
12006
19410
14053
11716
16564
20536
3142
170
10089
6577
1467
9642
6026
7115
4878
15431
16057
16825
13305
16016
872
19517
8198
2663
20306
7403
3665
19673
4963
7850
20466
5313
8191
6140
17711
14377
18872
15983
8070
4806
14329
5327
3392
18302
6895
20506
337
5841
12984
9936
7876
17145
14323
15421
7324
11544
6887
13557
20357
8317
5256
10811
17632
2154
15443
17165
5533
4724
14227
13175
3411
2712
18508
20490
15731
3527
19261
8465
15971
16965
4595
16552
11150
10540
9296
4138
11296
11592
12810
3029
2064
18607
18255
12268
11894
1759
15527
10881
5235
2011
20162
17308
12016
228
4832
13493
12687
8512
13903
9530
2758
9633
9175
13109
15778
3092
17650
14462
19279
3221
8271
17136
1389
14044
285
18610
20927
18118
14460
15692
15566
4698
17608
4764
4586
4925
1279
3932
848
11565
3985
4026
14606
15735
16832
17204
15171
11126
6621
13773
9965
9761
17897
5569
5466
13367
17221
10457
3232
4889
10385
1619
11944
6132
7457
2585
11444
3329
3038
14884
3314
15155
9400
12148
15336
6525
7009
10639
17303
1829
12565
7157
16253
20697
19670
10131
12258
18292
11803
13908
1108
3613
5696
14192
5526
2605
14537
9279
99
123
17129
3287
10816
8077
20967
1318
5976
12661
2943
12436
15305
19510
15383
10047
571
7593
15128
14421
9009
9280
2196
2672
18840
11710
17575
14913
4444
13554
3349
2596
8666
9782
1003
3075
6064
9696
13754
7769
19177
17444
17478
8846
5397
4132
8910
8770
2196
6005
7043
6312
16587
16047
1859
5008
18335
17984
9431
17865
12583
4654
6456
4097
10838
9808
5689
19722
4837
16063
17958
7060
11480
4926
7250
12145
967
20195
8934
7248
1396
15257
1381
18929
12324
17347
13668
1650
4694
20327
7103
11964
9417
12061
17639
12589
15531
11915
2727
11546
7787
15055
13014
6753
11104
14487
14695
7841
9978
4968
15771
11846
8094
1089
721
19477
5400
9915
13235
20776
16401
19279
15258
8534
9391
20084
18812
7762
3444
5532
20833
13662
398
8570
13398
16669
19237
9363
19312
2082
16476
10878
8690
5144
1303
7520
8914
10198
6427
11664
11589
686
6035
4380
2955
5811
10414
16351
2893
917
16581
3551
411
17619
15762
11439
16826
18075
14741
16694
218
7240
4120
19849
18430
2193
9258
9292
3557
3498
2577
592
17757
19810
16664
16082
20311
15776
888
7576
20133
11554
19219
7497
5088
17707
12051
15751
