19657
19336
4025
20342
19114
19614
19288
23208
6571
15263
3424
4785
5204
349
11719
23855
6186
13080
13911
21808
16644
12219
12552
11839
24748
5519
16938
12997
4096
10049
8265
7072
20720
13499
18137
4858
923
5900
2065
22457
17618
11780
13924
25310
3046
11633
18306
4796
14093
21447
18077
6063
18375
20015
12399
15855
6215
7951
17457
8271
17277
26602
24478
24542
1488
12363
26567
16282
20592
21339
21207
10820
16794
26741
1550
9899
6413
10122
19204
5384
3250
10759
2627
24068
11616
23495
366
20858
17949
12293
14896
6044
2369
5018
701
13021
16219
2487
12414
21400
13063
16232
24408
9780
19512
14829
3363
14981
2215
24958
17416
6743
18917
26699
2116
18561
12125
17141
24338
5556
3450
741
22892
12327
22800
18622
16193
7408
13639
1873
4026
20537
20610
18253
18855
19805
9430
793
19551
10406
4694
8472
468
3940
17187
6872
61
6483
25152
3119
9853
10802
12947
18106
16096
4643
16728
2571
2366
21396
9648
15558
9288
3297
21886
12224
1496
4284
6074
6141
22085
1283
4031
26149
3323
2603
20839
15017
11801
2118
414
10936
3164
12271
235
13385
16665
8478
14699
22748
24456
1044
19184
12569
16628
14188
9495
25412
10751
11860
24887
252
8258
21335
14581
2383
8857
18809
3389
1868
8813
9070
3027
5260
6060
3271
5111
11989
16779
9514
11982
685
14011
12725
21509
5775
6625
14190
13817
8085
4791
11530
1738
24139
24457
24232
23694
22139
26818
25585
16449
23339
26477
1167
13842
12247
2815
20871
17809
24668
4001
13996
15453
26922
10483
14242
4394
18644
18692
2555
4775
20192
26438
17025
25974
3509
21991
9089
10532
11590
25154
19704
14576
20306
10067
19325
16176
19149
10378
1522
23615
2807
4263
25881
23092
3335
8228
14911
25307
8780
24000
199
2446
991
9327
19774
5871
19296
10855
10070
26940
15931
13901
26609
7597
24479
5134
9564
18977
2955
8330
7229
22772
23301
12226
17515
11798
8368
7666
7281
25413
5538
14946
15382
19018
6816
10470
6796
1577
17078
3733
2498
482
198
23255
13336
26908
26443
24688
20519
23865
6548
12257
19155
22509
22680
8078
2407
11872
10290
3793
9867
6787
19658
25285
5979
13183
8485
2551
22767
13209
4675
6463
5547
5593
3187
6557
13810
21658
23109
2965
2868
2204
11955
3077
20777
8069
15461
950
17352
12998
26480
12613
9657
23321
738
3622
20988
3585
14444
14782
20020
738
1524
15799
24675
17079
19262
19697
11778
4066
8431
7283
11133
16157
23118
19360
22770
17152
18984
19534
16044
10892
4502
15867
26744
11804
7196
10384
14619
21051
23552
19863
22174
10736
8741
12281
1111
958
9860
5144
24477
2888
4830
1235
19056
25778
15632
5016
18498
122
16180
6499
9294
325
9968
20973
13076
3150
25957
11408
9037
3882
9765
18614
10593
10799
5210
11234
17195
23419
20343
18094
1102
17704
15134
995
1271
10021
14478
17455
886
160
13949
25921
257
9295
5426
12272
23687
11278
24216
8753
18631
25866
7544
16824
9066
3940
15190
5101
20131
11009
17853
14887
4082
1055
26322
2119
3919
5146
8018
24339
22129
6941
8169
23515
11683
13916
24984
5296
25647
24717
6162
19608
6867
23703
20019
26655
6181
12658
22990
20551
24475
26046
8153
25848
267
20360
14799
14634
26268
5455
5338
26399
13016
25965
25250
1014
24638
21521
12479
16170
25536
409
23303
18665
1206
11212
5132
17976
18756
11573
22173
21932
10383
12204
20119
2091
23336
10375
296
22697
25194
21238
15088
8670
862
3540
23741
621
12432
3777
6153
26040
877
17404
9226
1215
17724
16894
16470
2783
382
3442
240
17367
4131
20920
10283
19757
4346
14617
11290
25527
21341
17588
24730
8142
25111
4991
4309
22389
25251
13362
1700
22103
26218
12397
7376
7086
848
14329
12301
18176
14356
16732
14955
7500
15858
7494
20962
19507
12159
5673
11713
18265
7305
10957
8747
3474
19016
9761
5695
21137
18996
4006
11459
10900
17868
11341
6725
14355
568
521
1437
23800
9276
18935
2329
25712
25122
12186
15438
3495
22771
24539
697
4346
3553
11629
11384
20654
6812
6334
16823
17350
8535
19394
10570
15553
21110
3778
13236
20474
21695
16785
234
21297
898
17735
23015
4559
23782
22719
16493
10614
25449
22731
7965
12911
24907
591
3
6726
16032
515
6233
26631
19152
4434
1454
18284
3837
5135
14578
2190
10544
1527
1353
7232
120
15969
1057
26980
25697
13722
7226
1805
8789
126
16090
24379
21105
10673
15305
16341
15719
15411
17488
20529
19363
12377
1257
21863
19012
16376
17554
16292
15025
20725
5132
9322
7365
15736
5883
18860
22592
6391
23521
13334
1924
18687
12915
13299
20697
2781
12775
7553
25613
15890
23496
15104
2388
22668
22673
21936
12255
13338
10562
12367
18900
22200
16673
9593
7714
192
14472
18522
13655
682
19918
19503
18945
26458
21141
6827
21365
20591
448
20853
15111
25924
1399
10342
3470
11696
24848
16209
6739
10760
18356
7164
11406
18420
11811
17578
21341
21126
24060
14634
13083
9262
8125
13019
4480
20147
3964
18014
15298
20157
9784
8733
19784
19518
13071
21306
22319
12806
19668
10824
5723
21006
11420
9614
8987
68
17054
6066
14922
14877
23021
14826
7470
9513
23475
3389
17598
21679
17875
24896
14036
20313
17171
18325
13805
19875
15957
22598
4745
16285
1480
24407
21460
26072
831
21570
15384
8693
10158
20715
23460
16265
26925
20987
14500
20581
20427
1635
12398
15873
12799
10222
839
17488
14053
17153
6265
18743
4052
11567
11610
4704
24248
15180
19753
9987
14721
12611
2655
17947
16736
5587
5511
806
3488
772
14723
25430
20072
15127
18933
9670
8052
23684
6423
534
3859
20597
1936
26703
2033
3888
18132
10362
2097
15410
8870
3962
17238
10286
8444
18890
15854
2644
12575
2121
5644
1367
15326
14242
5632
9695
24574
3256
19397
15197
10552
8439
6216
6485
9111
20926
4664
9173
12748
22216
11981
26380
6000
4009
5569
16702
15421
19254
21542
21652
314
10613
4491
19096
6057
15212
15950
5742
9006
9149
10391
14686
10958
5879
14431
15453
7697
4288
11812
371
38
18654
3698
12176
24706
19885
3943
2440
19477
6938
24651
9806
14801
25062
10841
24020
16439
14815
21927
13504
15312
13880
8302
6154
9693
21889
17430
25713
22099
4841
4506
14078
2494
8591
12019
13457
9281
12385
99
12703
23047
8523
24849
4221
16370
16249
24772
9822
19078
24840
4117
10208
928
22582
19838
9557
24400
10026
18376
18902
15648
8750
9726
16993
24064
13121
6980
16459
2392
12265
2147
17776
17081
5085
11916
22583
14448
24433
6934
13939
14720
10810
14454
22668
20619
11234
15634
17893
9613
17166
12922
8798
21653
10938
9347
22401
888
8886
4369
11337
24035
18977
7721
16031
18885
22956
2760
12759
8320
25386
13523
4143
10538
2123
18780
16183
1388
8400
15254
19803
22134
13456
22382
2238
25572
7681
15118
19385
26698
12659
17646
21737
18079
566
7753
15703
9681
24083
4442
22336
3829
23464
22137
5901
5448
18053
4621
20173
7176
11036
5359
8166
19040
25598
1833
8674
18700
17431
10546
25014
9521
23883
20192
22998
19408
20139
3672
14036
13271
18464
9084
7312
10187
21768
20266
7785
4719
19813
4764
21474
25602
10731
12921
599
19951
1698
22304
7855
7318
20825
20709
18611
11755
26884
22689
20588
14360
5036
12618
21971
16716
2101
4812
14754
487
5973
24514
6528
10377
18903
23966
9658
14214
23423
11072
19493
16791
17569
19774
1631
16017
17330
21969
17517
18370
20984
25303
20879
17533
12093
12498
960
23644
13279
2149
19970
21725
6435
11990
19662
13370
7159
20173
1777
3473
6151
3295
6122
1116
21894
15215
4831
4126
9023
17730
5304
9956
18180
12469
8091
20299
16491
22246
18438
19987
11193
15035
14300
18119
16206
16402
10158
20304
15560
23926
7371
9254
1212
10139
7706
1522
3839
5199
14892
15075
4650
8637
4646
187
9948
26295
5748
15909
7697
1727
19498
9877
25881
26602
9468
24187
21195
21458
10005
12038
10088
3630
19492
8962
12236
6088
12138
10973
15582
14899
10568
8051
8529
4918
25414
19188
10140
1466
6670
23911
13996
2804
13087
14262
23577
5383
23093
20277
10661
7857
5430
9919
9521
19888
25920
5104
23498
25249
5885
20561
23832
14893
21520
6747
14375
6769
23482
23211
20959
25512
9701
10094
13758
20927
1466
5217
486
26996
3525
15448
17785
16220
17358
8769
1639
6064
12523
10068
21138
20795
11512
16241
9081
19427
10441
11950
18377
23177
15342
23908
20490
5886
9677
13261
6117
20053
12910
25852
7979
16903
24887
20464
17753
21086
12328
1606
22592
6778
25457
25179
18393
682
16431
1539
21429
6120
4477
14681
10738
7955
14975
20035
16249
13345
2554
14552
15508
24449
26952
26737
17094
15819
13279
12538
18459
6149
1777
18316
16678
5586
20622
3432
25017
10305
16269
9689
9799
17128
19074
5599
20870
4690
18513
14284
1176
16244
12057
4580
8376
6888
15051
3342
25737
20140
16362
18369
3402
370
21540
24165
16526
4637
22902
25680
9617
20845
7175
26345
16428
23519
3995
18236
6057
316
11279
6194
1578
25387
16612
21293
5804
8366
12508
4045
22153
8846
12034
14754
14275
18876
5886
24966
7332
22285
22366
21086
2034
11305
12272
9717
25096
10281
17467
26093
13472
10354
11510
4011
5293
26842
24864
23541
844
12390
12510
19339
12674
24005
6388
13136
12696
10781
21435
9331
324
7040
14544
9678
15538
26666
21572
13986
1519
1898
17512
1685
12550
915
5153
1505
20443
20902
20233
66
25180
20093
7366
22724
13728
5758
1628
16263
23503
12498
9125
16568
9458
8281
16969
877
20660
8308
1521
5148
26357
11023
1036
21088
19775
18529
9997
12394
9641
6769
4292
20088
12545
10135
2224
24084
4374
9140
7094
19012
14836
11518
1483
6729
2281
1788
21197
9118
348
1843
18104
367
19509
12955
22173
10563
12935
6385
15525
23128
20970
7745
25131
20594
20062
12095
6567
23815
5098
4906
20310
17386
25905
7191
14167
2946
734
10157
5793
7102
11254
18642
9248
22583
11788
24810
7270
8786
22915
17942
12918
26576
25004
23617
10715
21236
26639
21234
24127
22321
12830
19846
19896
14558
4028
25510
4117
8918
2061
17265
16631
23136
6039
26462
10122
20216
23230
16720
3939
21400
2774
461
5611
4782
13713
3421
19761
22995
19400
7684
17941
3318
19342
8812
14281
16027
8448
26498
14986
21339
7305
3434
10628
14104
19682
18890
12389
3421
7023
13497
11295
20585
5660
22506
13649
20150
9766
19649
15951
20490
12406
25360
12525
2673
10296
10630
4851
14413
610
19165
14330
18115
680
18190
13493
5883
25236
21187
22243
25796
20538
16681
16608
11297
12954
2544
15707
7932
21663
3825
1443
4078
17764
2899
16066
21368
8470
21457
1739
13129
24517
15604
19216
13996
5812
26416
14436
24732
14879
765
13912
392
10924
4277
9657
23357
16707
15453
318
21268
5607
14937
2479
24762
14142
12313
26273
3861
20357
12770
3806
8978
5
7906
2001
7824
754
23452
4967
26672
23049
11596
24257
9716
9393
21943
19814
18785
3795
4298
9837
19234
24164
12070
23577
21242
19097
3133
22477
26398
4177
25204
15902
1989
14102
19260
10928
24196
24741
19950
16696
2706
24942
26723
12057
18045
1477
11989
10115
22520
23886
678
11429
17962
17760
20115
20059
15259
19024
22220
17563
23437
14958
10515
7577
10765
25188
19046
2082
11268
9251
26202
14173
1567
496
16886
5053
18943
24388
3818
25404
6926
16713
739
18610
1839
8568
20460
9643
2352
2927
19241
23094
24191
12095
14611
20225
2830
7540
13235
16922
26204
9398
5749
14377
4306
813
21659
3193
14463
26121
3530
24893
21368
9047
18349
6471
19895
6175
25629
8595
7638
16882
2282
9155
24176
26106
24536
220
19493
24305
25792
12933
18960
19859
10050
14647
1759
10528
26748
760
8663
16241
21570
2666
18937
23852
21066
14448
22668
13155
2786
6889
2168
4654
6232
11909
26980
2137
13582
19244
15589
20880
7601
2278
3228
14318
1324
12813
8563
4253
23350
22526
2219
25000
11284
4895
5549
24029
1428
24250
4451
22550
8727
22576
11306
1486
14794
24113
18047
3208
1354
5143
4915
9419
8057
794
7308
9379
9977
918
10041
23457
23484
1376
1353
26970
19126
14648
12177
19925
23167
25329
12537
18373
6425
2451
22281
17694
3906
25938
12861
17157
18662
2383
13722
11328
22173
15524
14548
15821
23076
5093
4477
19647
18619
13546
9324
7586
18115
19297
5112
17664
24745
24384
22960
10372
2131
21648
6456
1195
15013
17917
17018
22714
22264
23498
15902
25603
825
8297
8247
18561
6770
14864
7892
25571
21871
22855
23768
25446
25998
6390
19591
24314
18684
20076
3013
2990
14920
1274
22428
10776
26831
5733
26825
2885
14595
10858
7108
12966
26216
1605
25187
17603
10757
7818
8626
8554
18011
25444
4952
5104
3566
3419
8041
16688
5348
20752
9660
17121
25838
11405
20896
16713
6763
14135
25960
16272
17531
9357
22983
6455
6191
7003
16082
4511
17051
25711
15185
24846
4996
12148
16650
7389
25468
23828
8578
13037
4575
12569
8312
11639
26849
21700
4600
20666
26582
25159
18945
19295
205
6310
18388
17553
16058
17983
1089
8353
17438
11362
15256
1581
17430
26436
1208
25864
12029
5550
23351
8861
7167
20922
1751
8085
26091
13965
24497
26328
26771
7952
7225
13192
3899
25153
2550
11073
964
26550
16348
15220
12588
4561
16856
17219
20236
5575
21071
2455
3030
11555
17555
18780
12472
21680
21276
19311
24817
20923
3183
16998
10415
11078
5229
6477
13483
4937
5042
15473
18322
26436
4039
3277
4800
14055
127
466
24635
21770
11148
9276
4121
2048
8931
10055
9119
26726
8186
14496
9944
21346
22964
26376
5398
11311
10671
1491
16904
3508
683
23447
17063
13556
7014
13384
807
14032
20616
5528
16087
1584
8737
25460
1460
11082
16946
26337
19072
249
20199
16373
5619
694
1238
20411
9331
9660
36
5534
9238
25013
7789
24774
7665
22866
25829
19193
19867
20616
320
2176
11355
12110
21899
22058
15378
7587
20925
7199
11255
26100
19541
15114
21294
14219
8401
22714
18852
15731
4816
14714
6913
23912
18829
17907
19410
996
25224
14411
15561
11739
20154
2319
5908
20648
16438
16236
17327
25296
20327
1707
17199
24788
20929
18131
20701
5
7472
19257
14106
16184
9111
11810
21301
11377
4366
15121
534
11739
8003
6467
15174
23917
11659
26463
7014
24721
4565
10020
25104
23134
748
483
20445
10597
21335
24540
14444
21696
16551
15060
9092
16814
16396
1963
20262
26372
6692
15284
19146
18981
137
16117
6533
26218
19486
8550
7468
18253
12886
5271
18991
22439
16889
12522
24133
25394
20171
8480
23143
6512
5339
16272
25940
23226
26061
23729
18465
23829
6580
15712
21082
18366
2144
22101
23386
1838
4991
26680
25963
377
16524
23393
12890
24961
11833
13541
19938
47
21377
19268
5899
10377
17543
10184
7463
17287
10237
13200
16417
12912
26906
11234
242
4209
9978
7559
13177
645
6219
21687
26678
8865
346
23910
15180
7030
19056
12567
23497
865
6813
13532
2899
23855
24183
13048
21072
26234
7919
13547
18514
20265
4616
5877
11749
7755
10149
25086
14526
12852
3085
26377
20386
23080
1150
8841
25993
10564
20283
13884
22285
23548
6963
23884
4051
23551
9656
7828
21884
22390
15032
25336
392
2108
11276
3285
14704
9320
24755
903
13886
10061
20378
20769
14611
22850
6938
21703
5221
2133
19830
14616
21763
16499
23295
12448
1055
12203
16878
15937
7791
240
261
24905
16167
17021
15378
17702
24702
18130
26985
9254
26123
9165
21197
9484
6061
1028
26699
9380
18268
9383
2444
6736
14015
26595
9284
19643
4259
6712
12243
19722
4252
10636
12752
21115
4571
16704
19693
2277
26596
21816
18243
15383
1467
9784
13843
14732
3
1210
20445
17492
18499
6996
7577
7303
19261
12087
20224
12642
15843
23338
25725
22643
15928
15020
22774
13865
1809
23945
6153
13397
19134
12012
13845
19925
22025
4314
11622
5023
2026
13327
7692
24691
19188
26010
5617
26409
2736
23595
11917
13729
17548
2350
14968
11033
1807
127
891
13737
14123
1620
9603
7530
24728
1898
6123
10693
19185
24056
1757
10009
1797
16680
1796
22580
1693
19548
14441
6722
18501
10421
12513
24683
3672
23142
19335
22303
1396
17519
11203
6293
7495
1973
10190
20209
23045
743
20321
26819
13015
22892
10201
1636
11282
1024
3081
15676
1897
10678
14221
23663
2039
18238
5702
26718
16973
8287
18902
25793
18652
13496
7346
16154
4936
13801
16575
19869
14898
23263
1786
15475
22360
868
1384
3262
9178
4340
9991
20287
17580
26859
24719
10363
20067
7877
5465
380
10126
9742
10346
6956
18859
22183
8907
22548
11858
8914
25481
17314
6250
20509
4548
