3330
15131
1486
77019
54353
7619
55219
34112
32044
2747
39616
48382
1197
4552
51482
80739
29315
53120
30511
73388
19784
1644
77508
33065
42502
47725
18877
50803
54439
68443
62081
67274
11545
62928
5536
24499
32122
28914
37037
74719
22901
31440
38082
49199
6184
40364
9421
37962
76457
68102
28349
74105
80853
43178
8040
38842
65925
28832
36669
29784
14630
40609
9416
43124
16315
26849
45280
50973
52625
35584
61393
71122
10863
38122
80094
20296
10008
58990
63055
19024
5854
37988
43634
39471
13996
50983
63209
52377
19984
31483
72824
16192
23635
67680
40218
60822
73046
29020
20927
3714
74732
52790
10236
33206
11254
39446
64111
71615
59663
11011
50381
7167
92
29749
34841
46765
24799
64521
55235
77411
9777
20258
49819
78687
31793
21900
47769
78899
35478
46163
18443
42680
49676
36499
49770
47919
49543
12153
61721
79264
36065
12510
21914
5243
47969
41372
55575
6860
1763
33681
43058
30140
62605
80993
30362
1658
65293
13240
30938
66704
32941
17188
65592
19266
77864
59656
77727
68241
23668
34998
11225
77830
66780
66164
25068
21002
58232
60447
38663
29378
17379
49253
20178
66520
76193
11500
11480
28292
32291
68672
52338
8345
66409
5114
7992
7108
57082
10284
29646
5224
34499
12664
47266
70781
68458
46912
70798
67846
33157
6353
14454
56481
57780
18849
59415
23314
64304
24535
56865
17169
49766
55641
12683
5482
25156
25280
43066
1227
21807
9569
7565
70151
10183
50525
15408
63129
79223
62871
57531
36005
73748
60069
53391
44936
6442
41920
73860
50303
69222
21286
56482
51749
48067
6447
55570
68143
71092
20548
77983
51857
21051
28979
63287
66067
64388
6383
73280
56422
67529
61701
63201
75209
51954
54873
18622
18760
70920
68239
23639
20052
12679
46997
20302
7621
34894
62661
25043
27147
78884
47553
157
17684
60985
7143
36487
5720
55790
52548
71661
34649
44954
9693
61962
27206
52097
18592
49296
45439
76067
24649
28450
71130
59127
58296
22601
4572
17602
67088
50689
26091
45696
65179
79384
43888
62070
46169
18867
37282
32337
54871
34324
39525
14958
56427
20667
63842
3903
44118
66648
24488
44687
57507
57147
68144
14274
73236
44568
25550
31204
14587
11882
12051
76597
49494
25635
79872
41885
19252
74781
7133
50410
9244
64744
63047
62506
68796
56913
39319
62511
59927
46259
1519
37487
17816
79516
79264
11021
50219
10638
38208
8912
58331
14673
14439
67405
47622
7098
41344
23411
10020
20922
31956
33275
47358
79398
76017
25530
76540
15414
13626
52493
63927
29915
5609
31600
79573
60322
71272
80843
68642
70440
47276
47433
54555
24705
47282
73918
48246
69754
7908
76900
36110
24774
70476
11386
6443
21464
24193
25154
5614
9143
44959
28917
60906
24295
75977
18214
22157
46033
31809
63336
29830
79705
70880
75940
52464
61728
59010
19626
80108
23718
45344
5660
71886
35469
53985
79042
50094
50397
18106
44629
34551
8735
19842
41652
33940
56433
32211
23364
28709
70509
4274
67800
18625
9198
47144
34661
9742
1712
26601
55407
46667
10770
17881
10374
38335
67827
57862
13935
54195
43486
62209
31920
64466
26068
48246
33068
37121
10645
47395
35487
43720
60194
16790
11391
46576
15314
24750
47975
59327
21038
39003
60761
66167
58427
32098
2038
45518
48332
59353
37189
44470
80778
12641
57943
55059
40161
28169
72451
9357
74903
3894
40891
44667
79748
4816
33313
15296
15641
4784
53599
14522
70175
51102
63314
4164
47828
25880
32674
1318
74348
38108
9633
58235
44498
70150
14269
65096
8490
29853
53580
33492
53828
45391
24227
76746
44591
45029
8875
57779
60192
20466
16568
2929
47125
31412
42879
55159
34058
69461
33764
61436
26679
66916
80917
62486
74780
53676
61079
47098
13978
358
40835
4146
7952
39178
65236
79296
28534
26945
43879
45831
45594
7942
27607
14728
30077
34979
28533
53986
20464
32303
71065
76699
70256
51677
17871
72315
47251
20160
48112
76064
57454
55890
78476
41579
61910
72700
18249
65089
61087
18056
79995
19686
39659
75906
49240
48268
41410
68589
32374
44370
14987
42521
22548
54728
10525
28562
43402
590
80564
661
20446
43331
67323
60059
12091
1923
10482
10696
29151
45250
22732
54525
64346
73334
7152
69153
77807
2745
55666
65950
78832
17179
61966
22552
16250
12270
120
28888
77226
32499
19738
75223
21802
38050
5219
32374
23165
23030
2617
28362
21506
64039
1883
693
62840
73553
29453
28615
11463
75018
13760
37428
58998
38137
11717
30095
36071
20242
79558
4060
35555
14542
6610
16178
10691
44519
15771
28495
53460
39096
40726
20886
8494
48619
55214
3620
35609
74021
41900
72393
38917
1940
11271
74553
51637
30704
63941
44274
79422
21679
36907
12279
60497
61371
61575
68011
69371
2590
70935
28530
34102
41310
13189
11225
10366
57747
47970
8958
53298
6172
76684
50906
50132
32930
65221
20874
17095
52709
42489
48317
27068
38802
34356
48688
25881
38910
11789
34605
7759
74948
39603
49930
24134
25162
58371
36198
45951
45274
54947
57158
36757
77852
10686
11694
43193
65121
19972
15099
16129
78330
22613
78933
40981
48695
50243
80098
37438
80563
72889
35644
35754
50796
4083
13245
76944
59081
62083
59361
18732
10389
54205
11066
30240
66480
40192
68281
4192
69340
72978
52576
79576
53596
70742
15780
26924
74985
40325
69376
13003
71814
31182
78621
20505
56019
65331
52173
50576
16432
64138
67367
70331
9967
54404
76028
78998
60651
46421
1856
53741
55664
28241
72844
69807
46456
76216
67177
76110
75196
49573
65727
25726
28676
4233
74419
55096
40805
69982
45495
60739
41353
7475
77691
53501
71661
70756
56801
15675
15259
11922
26254
55931
68752
14030
1508
61810
47264
37605
597
64231
20805
47913
65451
62403
70303
44917
45506
63227
52797
41674
31102
78811
7745
60730
17497
39001
61746
59176
77732
42275
25507
68978
1943
48734
57329
67549
52956
33109
59185
70404
75822
55914
39264
16660
19063
47172
34980
51702
1038
32909
40544
71458
51568
45494
59389
39844
57573
70097
9059
35238
17515
53051
63519
70450
31944
78612
40814
72618
38160
37828
59248
59830
52655
28556
54672
72321
71600
68118
56160
14273
29476
26802
48585
32617
60167
43215
26727
51644
19052
36114
59691
24264
70496
42021
51067
54757
51524
58743
68564
68369
78972
72908
30143
75825
4508
8225
33585
76622
58819
454
17925
68265
34279
57088
540
51116
21312
36010
40733
5119
10257
43567
43367
45340
46392
3175
31779
59648
70831
26764
13022
9374
61739
80095
46372
17049
28210
10940
42897
47829
34393
61607
16568
5995
56635
62049
47487
59263
2622
72627
70025
66184
55872
61925
12099
7460
62855
35948
77523
54517
69877
32238
12609
12
56938
33443
50497
5416
13156
25970
20777
35547
30257
11669
26662
7706
22637
59010
18867
12895
10351
33806
41481
15620
6997
19832
44298
21837
80201
71512
5214
65923
38771
18634
18985
61273
22365
59891
7748
9645
18262
12022
66472
20684
3526
36972
73985
18810
65304
51686
62863
25070
1205
28616
53039
36502
16933
44731
13688
70459
42289
34623
77210
6067
4876
64036
28457
25567
21288
76747
62008
80089
3092
28638
37615
55012
10787
36024
53967
888
4760
56722
42532
5456
41989
56483
12705
33674
25683
65012
24506
79690
27972
8517
77418
64003
43220
73191
31893
15908
13214
29791
53168
56130
4787
10420
59757
55311
37461
68701
10386
32031
40145
80514
17121
15115
45307
18117
41042
59789
6596
29364
58668
44182
60526
49199
53938
35863
54664
58576
242
46690
20916
53812
7338
23556
38686
80932
43236
21865
42872
63320
36296
53764
55440
42105
34487
80914
57011
44585
67973
1850
20074
79498
23465
34883
65819
1703
38831
28874
58835
24219
51260
47374
31534
52636
22817
70841
52473
35083
7432
28022
30447
38963
44907
34842
33264
28612
37237
53513
62008
6875
31616
3733
22483
55712
53117
72597
9406
30939
57411
22336
35657
33003
4382
2532
31472
35429
76464
19840
7945
44117
37078
31626
55688
2876
30937
1869
54053
21295
62549
13459
64407
37671
414
11043
72954
31050
29190
12696
66956
66558
40619
4565
26462
38733
18917
28256
76614
57242
58597
29842
40129
66390
63361
36696
40093
26926
28269
11370
61156
1285
59131
72318
21132
25554
17419
5352
51852
17390
62173
1623
12713
32292
15267
30911
26695
75861
65028
68358
9259
24831
29515
29869
3381
16977
28318
7094
43267
57373
13834
24157
45136
58019
20636
27852
16003
40414
7114
78126
77844
5510
29400
18072
53233
41785
34823
36623
46623
39254
50280
12394
9268
9376
67670
70389
54649
32787
59313
15022
4797
65174
5998
10208
50629
32381
1956
22594
54864
78057
40737
1804
55462
44270
73587
21429
69160
1890
65147
56803
20274
7997
74436
46536
63461
42761
50410
1981
69434
72911
32045
60518
38033
46067
39268
13553
35943
7494
70814
61172
9062
42494
62195
30267
13382
52900
77777
6011
24329
62345
3580
15366
79325
42750
67117
73099
37338
4111
44955
37417
70547
7298
57406
20944
53857
13906
78863
77604
53395
10227
72350
33910
48218
6705
42372
49753
24249
30794
65439
72806
79449
79036
57444
14269
39930
64436
16950
68089
64814
77292
41116
4870
68752
70904
79457
59785
29010
4694
43501
61140
3908
28287
69649
79948
16920
75814
10144
5753
1457
12076
4721
13114
44516
62870
18680
6995
27959
63084
69044
39988
48407
60918
40139
74831
71798
13053
26658
41485
79832
63827
57089
66509
36350
46960
53555
10282
7484
42194
49075
176
61133
70376
6874
66995
50974
69995
8597
75524
52480
51809
68842
70514
20599
47664
17875
27272
25199
69740
69516
8064
68239
34917
67991
52772
24021
79040
50487
42324
38641
19983
55417
31785
54822
80008
55358
48501
19979
1879
25565
22213
80759
62433
26765
37077
43955
2142
23304
50758
61193
5905
54492
32374
8954
72464
21203
49948
44286
39691
32138
39030
49868
61539
28254
44321
61274
1728
35930
15236
49166
61190
72373
52226
44634
47701
29769
42450
950
37332
36518
70148
7608
5018
16317
67411
9510
76760
46097
20377
4708
54446
72279
24603
44065
24297
5542
45123
60044
52485
62425
57532
46044
19021
58522
29157
25461
33204
78393
40141
9422
17327
54162
50367
3254
55849
16924
18282
50079
2994
74725
20480
41516
10717
62987
73009
59876
5157
57941
69803
78184
45499
72752
80768
3017
16726
73582
29805
10418
14960
64785
62674
10917
43929
50278
33186
50313
5971
68028
41049
37257
53473
8283
67869
63496
39564
48033
61114
13881
64395
78895
19406
40243
2990
44579
15494
62736
74815
77095
39659
24879
12982
11862
50581
76776
61512
25911
26650
12517
57515
73842
33978
10032
53625
30951
65858
57646
45102
34158
9644
9315
77687
71912
27095
9272
78473
72061
31800
56143
26819
5583
78773
68015
67458
25684
52946
61298
44487
2929
79106
77676
77766
43273
74099
6111
19838
13893
57502
49009
12208
50525
34113
51959
34422
60981
60979
4627
15225
20379
47500
69128
67662
25108
59182
64454
44679
34078
28660
53105
43682
14488
44414
12676
22240
44310
56742
11619
14300
16409
28258
46678
34765
43395
4222
1201
13602
69888
9333
13832
21385
47720
27796
53592
62029
44176
3347
1953
66930
48481
30881
34879
40277
51368
28339
50144
76852
80596
37920
33320
58215
38175
62020
3464
56490
42811
74823
3493
15209
25382
79330
43940
57807
34312
53109
27715
57522
31305
39671
50707
894
62208
61547
17305
75292
62654
41188
35532
13559
11432
80397
57801
3316
1467
33055
15307
38539
14154
22160
39702
36150
76531
45444
54602
79837
41441
43859
72380
65515
21234
65519
22664
67672
65871
7864
17739
12452
39340
18213
79357
24325
41430
39185
29428
39325
25289
56840
26131
71044
4468
19221
913
59909
27924
4146
34934
34975
23196
40642
14705
18690
34790
43366
51844
59188
47596
1674
39257
63136
48527
65387
59070
28449
39129
7496
38179
50088
73966
60698
26548
20432
20244
77122
11050
47786
80067
35429
54741
15042
60527
60902
64476
36557
23059
33800
12716
12389
39952
15854
55366
30411
49836
19402
1923
63800
38325
65230
6923
79464
70748
31258
58715
23324
3038
69546
76205
5298
23981
63523
53993
2754
78838
23923
61402
11599
49196
40010
43099
10785
59586
10656
7280
67451
8629
43045
45928
20182
77119
29879
4152
15945
56648
76843
67572
18563
23079
8811
37422
50703
20399
24200
47152
38570
29645
5148
11454
70933
54605
75119
60845
31825
47500
34420
15441
62379
12239
49336
32402
74366
51803
59006
33389
29168
74710
44329
66993
79770
2635
12911
65184
3343
53931
34847
6966
40192
19558
49527
78430
45177
59706
18252
25567
77852
48258
53126
24429
62616
55
56207
65252
4557
30284
29033
19768
50423
75675
61105
48032
5197
63445
62564
12080
60973
45367
61148
48238
7917
46200
13478
36012
56904
65006
51852
61844
53788
20865
35018
78770
9132
51959
30127
7258
62575
13351
44074
13923
63844
137
41734
17308
9879
33322
27340
11802
49277
73637
25932
13131
77992
75325
41647
15293
11471
50583
66083
66960
54382
72780
29828
55946
23669
24341
69436
70689
77471
28415
9071
37707
8585
10229
38725
20489
38205
4573
59908
52266
2307
18691
63162
27204
72419
37233
77516
64797
57073
11512
49486
1231
16493
59320
17608
40898
52453
80099
19456
55316
70810
52800
32802
54572
73964
75612
21241
52388
62835
28835
56552
8900
44635
53611
32970
75802
6931
60097
78162
80015
63130
69485
60304
32918
36110
69969
17921
7910
16290
69111
40378
39711
6028
3752
57728
10065
63496
67392
45790
68623
34276
42079
52796
5219
77082
48883
62257
52475
13891
67217
72334
26745
56246
75602
38422
35320
38229
13242
61293
5274
23391
21860
51019
43942
7568
8504
52349
54167
64578
17431
75097
45368
76165
25086
20420
30220
13562
46142
67850
21058
21072
27844
44386
36285
56201
64403
7435
38049
65405
19111
39310
5217
35041
26117
22145
11550
26987
12615
79461
48106
37252
40091
50782
36363
18850
70627
44228
10651
64513
48535
16178
23291
13238
69582
65474
7736
71168
38148
36867
18302
171
44277
7281
37977
11186
25088
47240
35626
1592
62239
47044
61942
48971
60434
75855
1139
69142
60875
74392
7803
79026
12868
45388
30227
3544
75412
54196
19214
37197
23153
50819
79306
22067
28704
6066
59412
40920
16656
60011
1526
4292
39004
75158
64519
7092
15391
64858
36
43854
14929
46364
59186
79209
49352
73501
64941
9099
33290
50779
26458
43454
11190
79167
4249
34760
7299
59590
80006
61349
448
35598
17927
52683
23851
2838
13888
60658
46677
24755
10074
74614
1050
4659
17122
25834
36438
21304
75149
14283
9611
39723
46361
4606
70255
65601
64551
37447
67155
73231
62893
36783
60246
79901
67568
24753
78519
19226
66046
24497
66562
34285
38265
38465
35529
73267
28064
2226
21908
42761
69776
53635
41420
54639
32887
70553
49737
14463
265
78860
74099
22769
47243
26473
78261
21109
29693
67657
30229
52453
26845
17917
22144
9668
18318
43636
44451
37110
47944
68843
3557
27037
51480
5096
11960
4653
64264
54483
45782
76653
76466
32666
78640
34170
76165
76319
47465
56682
10122
12984
52081
75778
32921
20883
17957
37005
38652
68315
20148
19545
32645
72331
11213
10679
28379
58166
34732
3239
37272
61505
67715
36206
11070
9550
28517
58253
60911
10782
50734
34831
36076
14625
8350
3710
24741
7901
60780
27251
7048
65369
31951
41376
79349
63389
42168
35604
41429
47472
45299
13626
78338
8549
47468
32486
1938
45907
66927
73094
27165
44048
16391
23880
35334
77729
80968
53782
66967
6873
22257
42722
5548
64483
27176
17327
62402
56053
54938
60111
16352
39907
6434
77635
79491
78021
80838
23394
64272
36407
34665
20552
67363
64763
8274
514
25628
22484
10548
16972
15745
52705
21543
38823
12110
68941
6813
56554
30065
47967
25030
10828
36234
76763
15068
57484
54879
17196
27035
67541
68086
42220
66168
38641
49852
29065
38082
40272
55243
40518
35774
56829
22207
77003
42108
57061
23449
19178
37495
8909
49189
65008
58506
25856
33654
58195
50046
19282
16570
18830
70136
64795
41072
67526
65471
34667
39957
68544
18363
8638
53142
31722
53449
36069
36143
63650
15155
18585
42282
49167
14020
21484
12956
61898
47673
6078
42729
32632
61627
48480
45143
77463
25234
38385
60832
50226
56899
28571
27898
64275
59433
66193
21137
19157
71914
13464
75444
12339
28200
72766
72412
21791
79256
28019
18360
55771
43151
63379
78214
73158
26864
58476
18804
70876
80299
2427
7524
26628
39840
11221
32430
68703
27576
15244
53512
4026
19116
54377
74913
29824
4975
49729
58675
28888
18998
5589
1590
57478
53201
57322
8049
72304
32769
15361
46579
40463
5880
12067
39856
58752
35841
28125
20103
54902
25828
4764
16816
65974
34052
78126
73091
54943
8132
80445
43859
8276
67059
67344
322
16143
26825
5439
13854
61947
59593
63171
15801
75486
42974
42591
63254
46553
55906
21639
27655
39870
66690
18028
63516
76565
20749
71985
58365
35890
1627
31182
26409
12567
13466
2686
21199
35818
50308
33039
1905
68834
24324
35045
52265
25643
27375
4547
37876
31764
6536
37295
75667
55601
42180
47801
65176
74730
43492
63544
49877
30319
62256
25593
59472
46558
24672
53805
72067
38379
134
52045
20319
56347
78576
45477
36433
66396
19097
50538
7245
28244
35839
15513
55071
42605
43119
15110
64792
47882
77772
55773
69061
74753
39759
23081
61308
58749
20448
28943
18016
57471
79027
42398
77235
3296
79278
16877
67787
40685
47079
23280
29141
65471
43330
62305
40726
19501
38695
51031
30353
61033
47130
43910
79154
35061
12836
80346
17929
10744
11031
57017
8259
24744
33319
5853
15970
56773
77716
79714
42404
11800
5260
74674
1841
2070
11509
39602
45269
25237
55608
13305
26150
1242
13537
29461
12816
24597
8435
16505
1396
65834
21193
26271
32223
36796
17919
1398
41647
1463
62366
21840
62736
78122
18190
8955
16236
4088
22070
63410
15801
12322
18207
59479
32075
28482
63910
58855
21827
39462
65896
3850
58864
45464
71377
15741
69234
56158
26125
60590
66502
40762
37127
28035
31026
45840
66455
75344
25194
74871
29766
19267
57011
22502
18846
39309
30317
50997
15053
50624
63142
34373
73664
53424
80361
35117
58651
24351
4302
70762
76582
35224
30131
14474
1364
52631
39464
17941
23949
10420
4391
7760
59963
44850
6154
70463
52298
47448
17983
35206
28657
74988
42135
25645
66261
56183
57188
37846
29836
68113
9912
68628
5894
41745
68650
33146
80576
77352
36612
42836
20139
38219
77848
55918
38393
63756
21688
55320
30568
49500
44125
10866
62158
29159
67784
78906
74132
60491
64932
13279
42632
72606
11508
19433
64970
39100
73744
57743
49048
66346
24819
31260
9749
74538
1472
69854
55164
43419
37771
74189
71218
44196
21804
19773
78761
65748
38405
58696
63689
41089
35165
76043
25034
63676
70029
54075
45268
4405
72088
74308
79959
54137
7720
28254
61334
67308
80419
69436
52390
33756
23293
46202
13109
73996
39438
60426
42022
69065
79980
25667
54393
66933
50107
37247
21102
3053
10153
71944
41538
4929
76199
24502
65826
47784
75905
60455
73508
56886
79110
35356
39798
50051
10482
39835
16182
65568
42201
11718
33784
1529
60367
25616
2574
40433
67563
42967
30553
15383
522
20531
21862
46772
61063
75945
61572
48709
34080
71100
47522
53115
51596
59329
56870
72212
24872
72149
17519
62933
35457
25861
40196
25903
13827
75057
70885
67460
18472
58679
2815
74340
66797
8280
16678
4624
13606
12080
50762
5202
34106
8967
7204
2895
8457
61039
61562
4218
16177
21578
28998
36375
52128
44818
23613
5240
12020
24636
62011
17567
28254
68458
49611
34097
71230
59547
39972
80523
4711
3737
36112
58788
32715
6126
24734
2823
23289
60228
17159
38995
15082
30696
55157
59648
16876
28978
44288
5289
31014
11892
13594
2976
16546
57180
37490
80234
36464
61200
16934
36569
43951
25317
77329
2848
45966
13948
20828
57558
43961
26634
32744
69178
24103
16114
7714
29087
68792
26145
8296
964
74772
28989
15672
48851
79839
25083
80751
56883
68160
23164
21894
43509
49521
16339
5769
18736
27281
26645
63042
14985
73572
78101
30522
59194
42244
61172
14816
63885
16961
62842
67194
64878
5060
79267
43135
68731
67217
28321
79207
22784
19899
9657
36722
3123
18065
53485
58421
46593
33446
28302
46740
18563
56182
70171
80345
41352
8492
43898
10658
64976
64537
25218
18673
71747
10600
50699
40941
60436
55476
43834
52045
7573
41258
71493
77749
23232
54523
17527
43057
4279
59722
65257
23998
60176
51244
66422
18088
32425
7237
31273
43846
2748
75934
68500
41890
47391
64228
73871
70404
76139
62325
79380
37470
59926
12660
11603
62314
14503
58164
58007
24120
18533
24216
7044
41692
15765
78393
4435
31404
24759
79097
36355
49799
22460
30988
67886
6032
68021
54246
18229
60778
30131
70279
4105
70557
5230
35955
65919
21623
12124
32583
32367
60727
58449
23838
80137
61594
42509
77297
78893
32744
13831
62325
56254
7864
39676
40821
25201
31488
29067
61592
52024
72433
9760
28214
29829
39775
27171
78613
51061
75439
12628
63000
77964
7937
19502
32742
61630
25468
35741
34976
43969
45816
43157
12692
15589
13535
22704
69399
37948
53621
5636
14152
38748
61567
19599
1615
9150
15072
9599
48412
7098
47926
14099
27059
19825
46770
32615
46005
42998
37118
48816
78363
7906
49538
53221
74227
61220
40239
53037
61717
79001
59964
42571
8359
9461
6159
54595
58549
44966
37443
4096
74732
35576
2087
12011
71981
38339
40808
43194
60215
62382
64733
4603
28093
18758
61431
72299
26327
21823
45068
78039
20684
55509
35721
50686
77292
3655
77156
11993
59732
55001
80436
58688
17539
58685
33648
2051
49625
46174
59868
54593
58272
69200
48699
68688
51538
78743
24750
49298
17122
39842
18730
78521
4102
60691
50631
45807
58522
2903
2508
59292
41984
45805
15768
50444
15179
35812
80884
41780
42444
46645
32053
23801
5291
76042
28437
47910
13663
48817
74280
62904
25056
79234
31604
43439
70881
2185
19738
78427
77932
65263
72586
53736
7590
25755
6059
58744
17417
7513
46895
18588
32104
69021
76860
50967
57309
41478
37279
41430
42526
39034
38876
80624
31831
61881
28152
13254
20289
47992
9983
77870
22063
78661
66290
31970
40753
70594
22328
72200
56577
65360
42125
44558
69243
10050
69896
48021
16610
78322
28550
663
1205
76587
51668
47549
45369
59861
68481
22521
74656
9575
47050
68932
54175
39556
26600
74686
38549
5196
54372
27664
47087
79846
25026
23951
48056
591
75019
24616
18982
34937
44044
44626
23472
16659
26412
22668
2467
5673
51435
17964
13612
51304
40814
2873
73320
41624
9807
3142
23622
48942
24546
26756
46262
24925
37322
10146
75204
42121
30305
38452
50412
38343
54230
19797
48537
26404
33465
31298
75745
13673
70674
35796
4056
71296
19976
65177
42949
39045
40901
12976
36433
57668
59318
29496
54603
48971
46009
59732
50201
41283
35695
57212
47714
27601
76865
34563
73334
62331
40070
69897
61926
57473
67514
76037
42592
38018
23123
65072
49771
2208
37925
64120
18953
53745
990
48919
80386
54955
9363
7280
13237
16427
79744
75190
32474
30353
24495
53945
73547
36772
74320
57822
77608
3894
11391
39137
65073
51275
55444
65226
17142
20595
35139
80417
19099
70634
63883
65263
10599
80041
35684
57098
28476
66370
78473
13925
76641
7229
61198
5682
76250
18554
67387
69053
23465
9826
72214
8142
33414
51855
26406
59330
27522
47404
51155
62111
50425
23434
36652
13906
57990
45705
25936
68487
36968
59567
70670
50644
57898
58232
76216
68403
74417
954
14594
70914
31950
60651
59281
60560
18227
76665
65438
44382
80298
6918
35633
48215
52857
5151
45698
36054
65754
5487
33291
75155
31223
57492
54530
26089
68859
69398
24707
25879
35323
27847
69409
47064
30723
21380
31613
67362
27909
58238
65743
20200
7620
6853
74545
72748
29622
7546
3420
51413
47984
18991
14458
7432
2972
6838
3514
43006
14638
10499
67793
6178
5468
71366
41982
9725
58219
10481
13382
62512
76006
77610
542
3013
4578
10813
72591
28027
76629
21122
73860
44668
39348
60278
31615
57284
4540
27769
79425
51384
59584
20843
65096
78313
65865
49123
80538
59452
30068
48134
35808
56455
52748
11216
22262
34025
57417
55123
17647
8359
67641
10737
19590
21247
34346
26319
54727
27483
40577
74736
63819
22947
78701
80938
68851
7671
37613
66754
63275
69456
38472
72687
24808
61186
43979
23981
38156
41121
55444
77193
69662
28732
6950
16244
5951
52178
69093
12270
28630
5983
27881
30824
74582
26683
38688
27605
66741
55944
43716
36086
68277
52759
44204
7673
50048
56398
25421
28661
18108
19551
14897
9253
28230
73023
49496
24470
78458
33761
45923
3327
38681
47231
24984
43964
72531
2100
42790
431
78324
53545
23370
40108
17163
15715
54971
69430
71925
52333
4352
14675
44625
30280
61634
62794
24916
72547
42836
12268
55684
23400
1214
65286
12178
68492
78232
80073
40145
58754
44740
38900
21107
60222
20956
26431
38362
19489
32579
2940
16075
534
69191
37252
65319
9087
74732
40620
61660
41021
79148
15562
27657
23418
46154
21039
73166
1996
2535
77539
49361
10801
13211
30400
45629
4402
29445
39500
38517
29141
66222
62318
16567
44291
53207
57468
47219
17498
60371
65727
33282
23920
70911
45996
32508
51981
45565
53535
5786
12283
74592
70926
41154
27581
65546
47199
61552
8089
30401
36479
27929
28363
66521
5760
60683
15584
78139
80022
41625
50356
1322
59839
66259
7304
1494
9749
1922
20403
45409
7969
41224
43412
28607
59437
73366
44873
22812
26821
22335
13951
38917
67699
48018
60535
72448
43207
10981
70081
52287
48191
26092
18928
43919
49016
45057
46578
9967
40953
31014
2402
21724
37625
13110
44979
52969
18245
35705
37539
79780
62167
60574
29145
44436
29141
42818
3373
56230
64213
935
1619
2463
37051
4257
42420
21380
63863
21745
18529
26861
5054
49308
31252
19824
29411
56742
13453
42817
71225
65968
48661
62415
11200
4393
76331
38050
57417
26560
44953
40448
67320
62215
18210
54464
30765
21491
36194
9214
44623
67808
56546
32452
5454
23666
11478
54337
71803
34638
6613
77987
42614
16766
49301
78753
29267
6084
66832
62739
57379
21622
60566
1627
49146
21247
24953
9644
43130
56159
71111
31144
47116
14472
77056
15825
15126
37729
3396
41109
50317
66504
43199
36732
72720
39064
17989
11405
38750
43043
5692
25548
22046
38464
26066
28848
65281
74301
43940
73538
55142
24184
52335
10944
36914
35007
34663
47150
48265
69495
8594
56390
42390
52362
67776
29815
46090
43106
36130
21753
29229
21122
15116
76944
29398
56755
26631
2574
52136
80675
31527
47107
51748
75331
77142
20440
7653
73639
9692
62938
57780
73696
70564
50329
35656
79318
67100
50848
36609
33687
70552
11167
11794
11869
7395
35299
36193
60651
75379
72184
5356
55351
35319
40637
3217
19147
77256
78301
22697
36518
40778
53014
27139
28600
72678
25378
65009
52842
8701
54187
16641
62931
49907
36756
75418
74128
77797
37130
31585
74739
71096
63961
46247
28284
25392
54723
3928
49565
35889
49123
72179
32110
9574
65312
64921
9681
25500
28477
19276
4705
34737
24125
28285
38819
33223
30899
74170
24231
3775
36048
45482
69376
75115
68974
35303
14677
19173
42545
7951
20516
56845
30349
50334
65997
80499
56499
56843
31306
27609
6749
28677
52110
39180
66104
45906
66051
12655
34826
41189
39958
42780
7065
41818
17037
44904
31283
80686
23200
30914
65892
34928
20205
24144
75553
22029
16454
24197
34763
62205
19037
10595
65663
2032
50383
78385
50899
57772
28534
4801
61587
13807
21385
3105
29313
72619
72174
36611
18931
2442
13712
37411
53110
53751
51747
74597
23841
8183
48612
9801
48980
70330
70902
13076
60255
9970
54671
60172
8199
25335
29281
31392
32059
18428
5740
41089
78821
72929
69865
61272
26252
40038
19457
57374
32517
58601
52115
24018
54274
72013
36173
14602
18443
27079
4882
31378
16041
49773
57490
70946
16538
37254
48095
41255
46582
21904
44851
32592
35352
9714
49535
16619
20616
52390
80599
50092
37621
65770
1097
23561
50408
62892
45860
9013
56971
77944
27573
74695
44456
77583
15412
61254
66495
52005
62781
45123
47215
7727
71418
75
12894
76608
75262
24848
63668
64983
40981
55355
24025
72038
21264
36606
31624
74036
66045
12345
39328
42146
16616
24410
23643
19297
7925
68770
55474
48862
30241
46452
19790
61710
38814
1028
27119
73666
24338
5707
73947
35585
13958
2925
13760
70308
33489
15313
71430
22811
42191
21599
35652
53653
80505
51065
41029
24132
24402
55248
72886
25639
52875
25023
63056
25081
3259
38532
12212
67967
21447
65091
4464
66150
14218
47045
35340
41570
79633
77205
43657
63372
16654
73051
40639
46923
20038
71554
30649
12547
79953
15628
75328
3515
18518
25037
7816
58032
57888
80116
987
59583
1785
19894
2952
24496
11026
49925
18304
34510
33196
51006
2437
515
58982
16648
63487
13096
80859
68216
1668
53041
3263
77938
52946
36439
67214
17042
10508
28680
73897
70848
33912
74009
3926
48537
61937
7363
28610
6722
31734
73555
5422
51424
17534
41924
13868
62883
25918
73455
43260
66193
32736
4650
54175
11190
5497
35839
45703
77825
46040
54763
52385
72650
66630
16759
60648
20672
36406
14299
78839
23991
44387
43486
21003
45806
2080
37658
3531
29031
64952
46197
34333
73879
37875
66106
79358
10581
76825
14206
35749
18144
27102
10126
53572
8208
56026
63117
25204
32031
68604
18068
66117
64817
13930
9714
62879
64805
60856
30675
9679
57064
28378
35901
329
56327
36880
79893
35007
5410
16917
20824
73043
61833
41403
56622
40727
23934
64088
37384
5238
48649
5093
20050
20342
13218
71152
3340
72861
32633
10696
7090
80405
21186
55584
26532
56958
39525
67307
15912
64934
18193
25122
32258
43479
72200
64644
53597
75069
65878
26987
7788
45906
55475
54479
73161
16296
74776
62705
40751
75907
10510
68910
31531
22193
13690
50390
68845
20830
60716
80576
9461
1696
19031
7180
9872
53811
3451
540
62161
55866
39230
50184
67844
38412
65577
44580
22934
3903
4662
57056
13000
63267
36408
43061
68770
63085
41379
7887
73269
50198
18786
35539
27649
66400
8983
40302
61925
31525
10093
40463
17156
41787
60641
21450
26268
22856
43975
1266
15539
54454
60537
386
52722
56995
53986
577
73963
18391
1425
8336
69599
61843
54161
22224
50472
31203
15885
3829
33125
53199
80913
31369
18492
2572
67491
51158
64801
46810
62128
77964
6085
8417
52780
23339
29650
49269
39769
77150
70411
51715
48384
12068
72168
71951
6062
27156
42854
54836
63989
24044
54277
75190
70516
42694
68124
70960
28745
68488
54639
80949
43586
72494
56616
13557
51307
13663
10740
77022
45329
51776
44868
31172
25645
4392
30123
42687
13397
30090
24175
3583
21636
62344
79441
12183
43201
57483
56871
73515
34222
13548
61553
35191
63751
29453
5512
1397
80186
47761
68058
8850
56542
27348
72843
18766
39795
34152
66125
27511
42113
55214
33056
18065
24693
4677
25316
50276
76814
17538
63523
72073
12926
6525
76084
28826
78812
48211
53114
8478
10838
64837
55995
80813
79667
80605
76684
47934
30606
23104
12914
76299
70199
55044
39811
50397
25196
27799
43251
11946
8341
68569
2195
56495
70437
25344
64179
7795
47324
76878
59632
72307
51922
41545
10001
22171
79981
78974
68299
28911
32347
36483
24997
11990
79027
62208
7741
34640
32238
44817
62529
32372
17019
26427
9738
33913
15416
69648
41795
45863
12477
12001
48343
80032
59738
80519
4288
52360
42400
30141
47428
29142
43765
390
14394
54446
53809
278
64627
68973
67814
74480
45467
55216
37948
14268
53814
80353
26650
41346
42183
2968
57137
3400
80716
26178
48330
72939
30189
4664
11712
7669
72196
33510
57344
19068
10614
53702
68341
74307
71295
61680
28216
2103
80252
62185
48156
66696
27434
1622
68735
30482
60012
41667
10453
57799
29169
2860
63271
5051
15876
20958
59465
65115
9045
10795
79472
58002
15981
34745
54858
68650
74919
49582
12144
80019
28297
58570
39230
25476
69506
55609
43300
28611
15765
3636
23069
80010
52716
32066
5204
68984
63688
55560
66854
40153
9236
26418
19754
64908
56194
33565
63181
34495
43973
37443
45603
9128
51758
64113
52400
79930
65273
22808
20340
914
9863
24894
25652
45142
79231
58177
67549
18321
64878
24200
71692
62941
63854
13406
57769
245
26946
40828
42970
58326
13575
529
18868
67082
58141
56240
51068
36616
78461
67255
35619
57107
6230
58759
56040
30245
59424
60493
35487
5656
6313
404
60783
75674
19077
52892
34569
74810
13712
36259
34269
43091
33423
68334
15535
54700
36733
57341
17262
32569
67073
72728
3125
78441
49117
46682
13931
75749
61265
25833
55693
74074
13542
15638
13491
56915
375
80943
72847
51367
71953
3054
19865
74362
39587
3206
78048
68778
76584
36242
59188
23881
45433
29274
3591
45449
70840
72578
29018
45569
2120
51721
70947
55403
32816
34459
74731
43295
35902
58867
2670
26599
28896
55753
70532
58552
49837
40196
29660
53482
2546
68596
60280
69316
73049
63382
5660
41479
13604
66525
2552
69301
7503
78289
7605
77486
36180
53303
17196
57615
31119
33093
50834
45751
65562
16096
59432
16007
74771
62004
29406
44126
1056
45711
45072
49974
7845
25554
55232
31031
16053
23997
74699
56613
49668
75838
74296
31352
27517
16398
25778
54576
64967
21096
22359
5347
35482
4983
4522
4573
74536
76899
25683
11195
42310
36175
63261
32572
22737
18058
59456
77828
11798
63536
10677
60549
50282
79748
43663
7413
16312
5140
53873
50319
64721
19329
1322
20782
60773
77418
61653
3973
13047
38140
59317
49988
48655
56152
38302
11064
53817
74529
27783
48634
28491
4656
21987
25386
3580
79638
33446
72192
58664
2125
14813
14926
69240
33603
40406
5165
27974
51908
11671
20419
16054
29859
20058
30726
40504
76358
14614
49424
46825
51307
46377
57511
3705
69610
8241
70511
43208
68768
27610
65382
57426
32404
4785
6995
9602
80587
28271
37564
1762
2851
64266
47747
13096
60205
21205
69709
32628
39652
9296
56871
71750
1021
37754
36333
46708
4730
73146
20688
66289
17039
29102
22850
69537
41399
52162
24569
43177
61939
14754
46262
59372
56369
21827
30146
15904
12350
54547
8804
12272
68720
20009
68553
67842
51666
64847
24064
77271
20748
73620
15513
18539
49750
51718
5313
1890
34625
48668
17140
23395
60618
19826
27312
47601
50788
60750
27098
65460
59353
54311
63824
15479
71308
54533
54386
34874
40006
38059
55573
39039
48940
14753
41790
15090
6793
3486
33087
46281
133
6379
42313
20595
23817
57387
75206
68165
16262
58574
44809
28783
33538
64141
29637
75573
21022
49127
1991
5162
3102
23914
75144
67503
73989
68742
12507
10577
6493
68267
74504
74593
23416
44434
4882
24621
6791
47281
139
76171
79636
74808
35970
1973
69725
2017
926
62872
41208
29349
37082
57366
77933
15473
17069
75780
11469
4431
7028
80534
75917
30168
36111
15534
45783
41935
72637
62156
11893
35865
30100
55527
65570
37761
50401
76450
75383
72440
44112
67306
65343
78665
19609
17875
55264
14746
60751
23993
35726
11167
74238
9580
46798
79825
49001
60382
12676
39676
27109
40038
41209
25782
58733
36999
39132
41354
46346
29034
35228
24797
6847
58151
51735
16400
56159
13963
7658
39587
23187
34219
35742
42275
80956
56847
44739
42555
17345
44442
580
29590
54454
72126
21814
11068
70137
68492
35366
32178
37402
76225
33742
53756
61206
7276
64852
30198
2648
44315
17456
49224
71605
78870
20111
32431
38138
57275
40144
7904
52820
57824
74219
76376
31340
11744
49449
3167
80909
16348
70676
72644
14971
59915
70260
24897
42402
40180
42730
21982
56928
52952
16941
60563
29776
23397
42278
46063
43516
23604
5154
5246
54758
47164
29693
59264
42907
23032
18293
76444
45188
70619
59074
63731
33779
20228
20791
64961
64359
67444
9653
549
52083
74052
48301
78850
38897
17492
22432
26951
19614
44590
10581
74361
50202
67473
2445
10648
9327
80458
55151
58382
63116
63292
32467
32196
3557
10864
63181
21575
696
58096
55912
33671
13294
1373
80965
68737
9083
60552
61647
34202
62965
17861
38387
53355
14269
34244
23577
41525
34605
67298
4625
72042
43535
46396
589
38827
71013
40515
22362
20767
57818
46427
22193
8000
5683
40541
39600
74818
54844
31581
62400
56133
11123
32701
69818
62282
45947
56856
23803
6675
38160
40036
30522
40258
5217
64214
80018
3699
48863
76825
47168
67606
61984
41153
50627
47004
76792
34722
25842
59659
57349
73414
72678
68060
1518
78715
4478
79386
12552
74762
13481
64285
73708
15972
71828
54284
29279
5327
7663
9073
72031
62086
21430
16159
1023
15319
53233
32070
33736
63454
33872
63855
13205
29439
64055
49163
17281
56585
5946
38861
143
63861
73389
3864
69629
77638
56515
62043
75061
37410
35113
9458
57377
49182
18093
5638
78915
17713
70328
47404
33415
53031
21718
37530
54254
45173
74414
70150
43208
75604
64218
40377
60556
31118
11749
57816
60223
57590
10739
28012
36959
68860
61258
54255
43298
70790
19683
50327
57184
18266
9021
20200
68746
35343
7926
52113
27773
48148
62583
15992
53111
35240
78403
15457
80381
36201
13123
8025
34862
72064
449
72362
904
59473
7087
33527
74037
37248
33260
15231
41513
36967
29210
77094
48771
66804
50151
21007
42629
57543
57733
38574
63594
24993
112
2201
46140
59065
39260
41327
58327
57432
3337
16545
77
28708
37100
63389
14630
26265
74187
7097
46947
76107
42844
37116
71336
20145
29394
44080
55956
43427
67277
20244
41982
55420
68814
28294
73013
56026
24876
15933
67276
50690
6013
77621
63985
33657
67781
70524
32913
69773
11812
62681
46889
12043
80919
3684
38619
65457
56285
75216
78491
1611
2124
9741
66501
39907
79248
35347
77470
24313
5967
14041
52779
16450
67012
54195
32537
53189
13157
27985
63458
66321
35715
55980
50633
54234
40031
11579
10010
18778
46659
52756
33497
41892
65596
4679
27733
10267
46842
47348
23433
46513
58881
22741
46567
48445
37471
20037
33537
15444
11474
73048
31221
23375
58997
71644
63812
52557
18191
9013
37080
26839
11817
45983
37928
43369
37898
35636
22257
27729
56617
45333
66474
31688
57045
56709
77772
58757
57652
65210
42764
77729
70727
37524
17471
20701
19006
2072
18081
8247
31269
41390
40233
38364
4626
8981
59237
75447
30650
1273
44029
50335
5496
39571
45967
71655
36273
21719
70486
73455
28727
16979
49239
21136
18775
17963
16483
5461
6641
15673
59130
35597
40212
39561
59530
45604
26931
2131
52139
27505
32672
2002
44494
38915
32163
68209
78074
20668
7664
20461
48522
28136
80098
12998
55902
7726
52375
22655
40053
49581
31506
5285
28876
57098
41839
65492
15125
48405
22175
78140
15247
73068
23728
66266
54366
8343
54159
80547
21815
13723
66733
40788
26883
41202
356
36758
13645
12487
5732
44941
43593
68239
32286
24775
45570
60043
77068
46473
25576
71690
60146
68716
41669
41939
13518
62495
2323
16673
38040
59662
69803
34607
53901
50784
35180
72186
45454
50655
7407
40286
74560
25
61339
12273
78856
17067
47257
28867
36405
58860
17662
67479
4993
77663
11528
55667
80557
56659
23655
29667
48073
6357
27290
6477
55445
43789
37427
23397
28662
51150
52160
57880
16136
7622
13327
53765
31844
44365
5397
57783
42527
78139
66651
43976
12784
6914
41861
35496
13915
46043
3664
24443
10478
23228
27168
65096
50807
61959
64771
12773
41312
74069
59422
63448
25096
63769
21650
77137
54111
30570
72761
80379
63126
80488
16435
55889
1969
65856
46912
45349
18410
68730
38241
2923
65131
29240
3168
71861
76376
65481
12184
25960
80014
6067
73299
79779
73572
34630
74478
42775
35973
51413
13923
22506
66430
63344
50346
27934
69874
59485
78564
63726
39024
47710
25431
13049
19757
48227
44199
2471
21084
23864
54167
74696
79647
17513
6307
41444
58840
23113
26257
72813
80400
9730
50772
35913
19515
34687
67493
30939
78495
77038
42934
69153
33895
69473
47124
68688
40656
13043
61697
73035
54951
72048
29274
35667
8484
3197
49188
68328
59136
51614
9774
43558
75078
78158
41395
55035
24825
2321
44182
54412
1562
51022
1226
5591
68812
61048
78141
65115
50959
73204
48521
76300
52564
32532
46143
42259
68403
25626
60080
55570
31095
47680
15993
22957
12619
52612
17338
13180
68132
60010
80219
23653
30682
22673
54267
27542
18771
51879
11095
67552
65254
13712
45292
39839
66153
55866
34505
23654
78416
10204
55995
7735
20363
70676
71062
6664
57282
5784
1333
30409
8999
79181
30527
54514
30784
7347
47902
80866
28616
31082
61637
6042
53922
22333
3141
2248
59889
70724
78292
5415
50678
25831
7115
71099
10766
79030
54898
58650
74967
1775
16082
33622
3264
7319
24998
14575
5138
10449
65415
63454
24327
77196
54787
77965
13766
58206
13553
69409
34135
52183
6620
55593
42481
2136
16562
14697
66422
76650
70887
5607
9303
79963
44243
42934
23441
2740
41076
74801
59492
71590
697
5647
41628
25074
5405
36484
19950
49039
76748
17609
12337
37174
54845
65858
20126
33202
68764
64437
43589
77332
6651
56307
56117
65034
40252
75558
77448
77535
28918
11722
22065
42638
56617
19424
57371
65448
42983
54869
33711
7869
39138
9466
1737
66063
79404
34725
75072
35858
1295
4844
11568
32759
26553
37689
30134
62352
79179
55785
67879
50718
50710
9399
55621
30350
131
13230
11927
71098
10582
59563
2652
53523
65158
46185
36444
80532
26412
47109
62211
6642
40589
62162
46403
40128
71045
41911
45221
38303
59218
37604
38323
62531
22258
3852
33853
40832
37722
20516
76078
63755
62493
3314
76298
26117
52061
24401
32326
71594
41992
49744
6532
26688
57090
56162
5162
39547
44227
25232
62862
6069
62173
73938
36936
22499
48445
75678
14676
22298
76459
3791
78666
79976
45047
76166
37932
59256
29602
33398
24955
9725
67086
75209
1255
43631
8443
54296
73321
57892
3536
77752
60662
59229
36226
5704
7570
23105
48075
9839
32654
12296
3970
7162
46457
77085
61986
39563
31750
53743
11986
53037
45735
48953
21617
42124
7190
14492
74644
794
18948
45126
77830
73283
74408
38796
55683
54250
4941
57803
76352
66180
74576
11932
78330
38498
78405
48622
64897
50037
66893
60334
71297
19642
80910
26537
16846
50549
10743
34178
48889
38633
77118
61206
27595
1181
16833
55565
6780
2667
66757
10059
76512
72170
10510
80524
10632
34323
59427
64455
27345
14640
64493
5017
47946
21600
26628
35490
70743
21120
59838
26605
39845
13988
77893
21040
61962
25610
52340
9004
47946
72559
4350
11918
4560
61475
66418
64588
67055
50904
27879
45507
124
8200
35304
68149
38499
76220
4829
3096
58538
15225
69262
46145
48453
9724
65820
20848
25143
118
18357
53573
67281
6371
66339
31176
7859
10901
61091
79310
30324
53149
34701
65095
32320
9561
25300
58821
45621
13001
27724
18271
22873
72564
47107
25747
22316
72488
42350
72226
23910
63886
17321
4412
18797
8243
50082
37197
16476
57970
40146
11312
65259
33991
78161
49231
55559
16167
76437
45565
23711
37220
80271
23866
13970
749
9626
77678
160
43433
8080
59201
3667
68044
54747
37222
8169
75186
50629
43344
1977
2168
56597
28533
21824
7914
5151
26831
72407
57351
46958
38921
35883
46224
2824
14279
80272
47104
28126
21774
27634
28894
41663
51698
59866
25965
49048
61750
53898
41140
39178
10166
19021
15825
52487
64817
17566
12041
31250
33003
77675
52299
3299
40414
65453
31578
11492
4072
32095
76689
33636
78295
1729
60401
65485
8697
21480
6677
80211
18881
37387
71295
72083
6899
58357
48371
32733
69161
47850
4665
58400
7422
40335
53800
8289
46039
43083
66142
23911
72538
39244
72468
8255
25414
3343
24582
53559
23098
25000
57488
37688
19738
57434
40692
35605
37851
75435
59057
38802
15824
65479
13797
75115
16549
11704
23778
75947
56145
60999
12183
38830
6160
17441
19981
26387
42254
3113
55122
75457
72224
70366
44091
4260
66869
25465
11641
9036
45570
27901
29918
79483
66050
60114
9514
13425
31524
40112
75606
66286
75838
73885
6129
61763
24496
34028
16176
35733
27139
32642
72240
31231
78145
70846
16984
16882
10262
80764
45930
37036
6651
7165
8864
11843
16835
39543
3563
28700
29367
49317
40150
24653
63548
29315
74057
43642
72644
57824
62914
7496
47114
29687
27237
9084
52279
18308
21564
54215
11385
73336
63378
33817
8459
20449
37826
26742
69176
57874
23117
15969
43745
55986
7359
33316
78166
40731
61651
12465
24561
10905
3629
35480
37190
21692
261
21142
52710
5556
52292
2006
62003
63697
18846
10831
12950
63316
6207
43721
38956
6342
57139
36196
53047
26923
18470
66576
27585
17977
938
33707
38555
9491
1262
40994
75515
51557
66083
38504
74900
64427
17522
65932
56535
17362
67337
8009
41352
74563
2989
34439
60963
52448
15602
1266
2781
75372
27509
65428
8631
34435
18050
27556
63309
61266
71401
61922
47509
50013
1452
29101
67451
33524
10955
62699
7674
18617
6208
25045
68708
42360
38775
18901
1842
32243
55205
72524
70815
19113
32018
3572
52526
24643
17040
5743
76349
80475
75691
9971
70681
16161
33155
5250
67113
63363
72268
3018
40486
14623
59711
49037
50223
73753
46257
64286
53284
11356
14761
63385
13409
41583
21471
68677
44554
33237
4312
48714
38957
75192
78102
22665
42650
51964
73956
16836
6703
6044
34655
51010
77113
55523
72401
1183
74653
2352
14567
3694
80749
42167
27617
64780
38974
55136
25570
48283
78957
37375
38757
19983
39834
17095
39119
6640
18669
69627
10892
2765
36164
20443
19394
27905
7262
65407
33234
58309
12074
58443
55285
24666
13721
71663
46802
63025
68035
40282
26821
34313
51533
8114
11972
51075
5391
33755
11491
29798
60180
57026
20439
40186
7235
74116
9832
61987
23114
27744
38767
1380
40994
1525
23151
5613
78901
40209
2968
39891
34916
35224
30694
78115
45853
19645
27248
22466
37658
39896
78892
20164
44637
5980
49208
46975
61551
34948
37988
8835
39728
14033
13099
73920
68968
20434
75377
11620
38284
38881
79478
48736
80221
37798
11175
6277
72058
42114
6166
23696
76357
15714
67160
36744
57059
39102
5532
8504
58373
60341
63644
40053
32692
48799
924
56333
66433
73679
56663
24154
41066
9178
34168
20538
49097
31536
14438
27212
33350
36950
44313
29193
61005
47622
74729
66245
14386
60780
18151
51569
59137
72101
49922
48342
73258
37518
55315
47623
57985
35926
8109
54555
5548
45545
15251
20886
48701
16234
68558
40516
28711
48141
6254
79449
42422
32942
69941
33384
56335
46681
28787
71133
10583
13783
20420
60129
55679
74585
38982
30010
8820
21189
22239
35676
13453
55506
7779
74337
22925
25017
19450
26152
72241
40114
55456
836
30316
49680
52367
31124
7045
30506
42663
48106
33650
4807
23237
30475
58550
73573
73793
6410
39381
7566
65161
50705
20953
9888
45251
58013
73437
17776
75512
74004
10550
21706
29044
59606
9986
65703
44946
12733
8232
46851
24709
35875
3063
15449
65441
67422
16115
9414
46631
32051
72466
43687
58599
62196
15108
2792
57656
53583
52097
4106
6307
35253
25732
8840
72046
55474
30749
23943
25980
27240
3429
25967
25961
74467
10626
74410
491
73569
35762
49335
41477
78304
17125
34651
45005
60363
77307
22294
11373
40011
27812
65917
20887
40230
74782
18650
1057
54558
35721
65900
38151
79240
375
26339
24472
15935
49855
79332
22449
25134
25480
34669
36942
56951
32491
16487
45543
68906
585
51301
8975
55260
1475
77477
80991
59987
30009
29897
7329
48428
17434
54330
41001
80514
5610
60211
43526
65140
63377
35069
14086
61065
25208
32004
42959
23418
32935
45589
35562
61876
30018
41146
78945
34960
78154
76892
14529
68049
64079
43660
78699
71930
30755
21478
56373
73993
8754
14466
7134
15684
10558
10304
57134
19014
44559
49375
23867
31694
24911
20787
41768
27141
21923
18385
41240
73962
61549
57623
19048
9819
46166
18733
8643
68762
56754
55194
22367
17482
78396
32165
34300
140
7760
48641
27789
30218
26319
12339
18191
52271
66829
34683
78414
67938
15718
30461
69711
74733
37759
64131
33136
47638
27674
79873
56524
77121
37289
34844
32914
36135
79371
16895
78285
63016
38316
16684
18703
75249
33678
39084
55926
51057
43102
78979
66480
61262
35137
38747
57131
51071
45670
65963
53701
12085
5357
69243
65138
1107
37420
53967
19564
14991
11483
14966
15213
55772
1429
55118
54824
32205
76695
61125
52813
50320
9389
47718
32347
71165
39968
32150
24375
37810
30940
9459
26883
54876
32845
75864
40522
48948
57601
34151
50776
65252
15136
32764
26919
43932
70361
18073
22132
50597
59271
8803
10879
37712
74064
43216
45393
7612
21973
53692
26800
31155
32261
29063
1366
79712
26733
42508
10168
5232
9698
25128
49594
29922
61351
2421
44496
53131
48026
13147
12575
64490
12824
25842
97
54805
53601
31214
7328
4222
19462
19887
74002
44302
72575
15139
18394
61829
36489
38779
35855
60955
12493
54487
13422
36309
3283
5366
76371
72079
27173
32927
26381
23634
79880
56469
17479
6115
40117
53354
25922
30464
79623
7915
68784
31679
27364
69860
32299
71981
878
26680
60244
25984
76484
5030
8
7410
63889
6219
2085
42986
12494
28593
66202
40513
21491
5305
55044
63749
48776
8594
14164
72917
35210
23245
70790
43890
32282
53836
7141
77894
25895
62087
24026
64933
38819
1035
12516
23220
76739
7648
42009
39562
61144
70325
64058
39833
24139
33753
35188
64081
45286
49641
48539
1506
50653
50281
47825
31571
10723
9713
56044
39900
33280
12006
71486
46796
67056
59281
33582
22632
7927
39568
68060
26401
67609
11119
72521
5825
36262
40515
69260
78689
1970
27915
68129
39746
79859
80579
32301
65782
41435
57134
50405
62522
35374
65599
65731
70707
37109
17092
16162
54553
29472
59472
41945
27252
66971
25723
80107
10978
79711
19249
4888
91
68169
62836
66556
28961
792
65678
66613
55351
31912
8447
12442
64660
45771
44190
2870
22100
58151
56096
22828
43260
45227
34931
22869
1200
9419
16094
22093
43714
62835
51415
49883
35441
4735
54800
41383
25516
62049
78855
55998
21065
11572
75784
23680
26127
61509
37097
13267
39236
9866
21698
22224
21972
75931
52638
76659
23423
52084
65083
39705
10309
48092
7858
35826
7504
75448
68371
43005
62606
16145
8137
69427
16634
19788
60581
14659
30726
28344
56130
58389
78951
65722
78916
29306
65421
39596
7677
66704
766
80188
57886
67572
11166
55696
53974
36168
60708
80712
29754
62012
64476
22268
1945
39760
16196
47236
50587
42576
6334
27374
67766
59144
68761
77714
25236
65279
66476
8266
37220
74776
61936
34573
62667
39066
26873
56027
54159
6258
23577
67338
50944
27135
58657
73742
40995
38459
27789
69200
62548
9673
71522
17005
38208
33233
3678
74183
66877
33553
78924
68698
36806
33438
65867
11716
5998
22384
6195
41239
56712
59995
61379
13907
33217
36097
79001
27084
77531
65493
56879
5147
1222
78691
35478
27600
9357
37676
61842
47933
66779
5165
53258
302
13160
10566
39354
37197
72531
36928
46791
78130
2558
23056
7910
46567
14313
1928
64961
75937
76948
78173
41743
1610
55396
8123
35991
39068
14561
52076
51273
34704
1898
15215
58153
48885
17773
7229
22448
62164
17783
77839
51393
69599
75012
74340
45197
1002
36348
6519
65252
55713
47026
56108
8969
4985
22658
17283
53856
32660
70791
