61648
15378
1537
41890
63917
29982
38341
5661
58227
1207
39099
29628
65184
43682
11804
18881
3964
66647
1062
5203
63843
8610
40306
35211
72186
62013
35212
23998
47003
16483
65296
23867
47086
41759
40662
17580
9342
61099
20969
51881
21742
15302
70753
14375
47854
30877
64275
54728
31614
46321
68986
35317
68309
62769
23997
68550
31470
18550
9733
46257
39872
6772
38936
65649
61785
37369
6535
58334
32078
46118
7464
24194
31769
12234
54705
40172
45264
61470
62930
18589
27478
2243
22989
25240
7128
69264
45413
10495
72902
48799
22888
19520
27835
60999
21171
41318
45131
37652
30376
46668
41225
48106
39054
51092
63010
71793
60150
18734
51729
26122
19741
39700
69888
68904
40835
72586
10592
14650
41246
19075
31021
20749
6748
45182
2304
52206
42635
50856
51546
59020
7999
36139
54738
23780
53391
44771
39804
17126
72716
58377
67191
23957
65936
37793
41000
66748
38326
53246
37216
16268
61636
13254
68439
49002
9314
27752
10523
45909
35062
68065
2785
57077
1133
69765
29607
61551
68447
46043
50715
25757
57408
10850
64540
65594
11431
43295
40003
19515
17845
52489
2909
67985
37923
21411
20848
20227
65632
54432
65167
25785
32318
46422
55148
13595
70640
39904
63753
50536
19810
31431
70003
8330
13669
59179
28644
49190
53054
55652
71196
13953
30985
15005
18002
29206
36487
2864
24068
45317
39961
38468
15089
23853
66112
66842
16135
3362
32435
13168
17015
59738
28460
61332
65641
29049
5839
64155
10796
23108
63712
43922
21078
62554
24816
11104
12341
8351
15668
14767
10480
64546
69330
71847
31325
32166
20888
42291
56823
966
51131
43919
9083
51377
36481
30598
52215
59790
9379
6763
24336
3897
12299
57205
59479
32898
50294
37670
39936
46359
26901
29188
62566
33280
36470
5654
39558
57344
22498
40995
41446
7859
48323
63227
7634
6635
6180
46425
43971
69725
18725
10320
22164
50544
16113
45883
40283
59893
44237
70265
2031
42130
46880
40621
18900
8729
1818
67892
10665
16542
43770
3223
55890
53061
52720
16744
7183
72114
29275
55185
31496
62970
25079
5095
68131
70390
34447
10902
43900
46048
40708
64191
56271
43413
52207
23828
15997
68427
11841
15069
6473
20636
32332
46314
9438
45793
58028
17336
53495
12202
62776
60449
22602
32577
13024
6140
43210
39614
46098
10659
65343
8861
70812
41851
66204
61148
60504
12319
27501
27176
28095
52029
37787
18192
39499
28794
40078
6985
1630
16649
12294
1912
6408
70606
16573
32366
9169
15561
1596
58733
62444
51390
22985
46081
48155
50314
17370
24498
67061
51744
53001
1182
21761
29657
18035
62923
38069
31625
23422
42834
54008
50822
59527
20207
3024
41372
17238
61749
10168
45836
886
37726
16642
66451
13677
28488
48901
4238
70020
50044
51299
54147
71059
71008
37922
33531
22125
40315
15117
50140
61531
9880
67670
42027
28415
48220
3602
3951
16295
26522
71880
71080
3948
13414
53552
28461
6799
66247
41109
19885
69239
66717
182
14326
8697
68249
48030
5050
50388
53844
57998
18335
14647
29424
48772
15869
30922
17898
54731
5978
45822
22097
46598
14065
9458
11169
20722
46986
9427
52320
39815
62011
24526
65730
62914
5627
35269
5559
45282
11199
43565
8705
21469
66614
544
11876
12991
38655
3251
11894
20487
37170
18918
49551
35853
26972
17075
63986
35939
27372
11613
21328
15680
58026
15655
22062
4115
56439
45205
65213
1954
27448
65635
43799
51710
65308
46665
18929
55339
41477
27063
37532
44849
4811
16051
53334
45970
16404
13804
50613
54121
8240
67361
36540
34195
24696
22171
2942
41573
56246
6492
68790
20465
46936
7691
15217
47542
21758
52102
72884
53578
39219
18474
27423
71999
35129
31433
72619
49920
58437
57416
30671
48951
36313
53140
58174
27052
28912
67473
27421
34251
41076
63967
26104
5995
30891
55953
28932
38471
13296
28499
13087
11290
11614
71367
40812
15316
33032
61740
64618
72979
39875
70228
10012
9152
44069
48497
69843
13072
51894
48691
8816
65619
45924
23760
7718
19236
3238
72232
6155
35526
60902
24140
41312
34535
63577
52843
23046
499
54915
25624
47464
39208
49299
39996
2127
26217
56206
22675
28784
11994
40175
3334
2666
59599
56868
46788
43588
71937
41372
37077
6675
38566
67820
16133
35577
23756
22056
59682
2057
16394
535
32106
359
14042
31208
17235
37333
13879
15105
58816
447
67423
42894
67501
38080
31493
35390
11456
57238
54694
15001
55828
16328
39677
3141
27907
64688
27045
30640
66239
38155
10691
50712
53277
22588
42102
19366
7886
11169
61164
2345
35916
62718
23338
24103
31741
29837
9687
23566
12399
39296
20422
55281
22296
42149
12446
53534
62265
48511
10887
8196
38007
39117
1931
35282
19661
444
16887
28594
15105
21928
45661
36564
6665
47544
54464
29567
72298
52286
8338
66354
39445
18734
46429
65833
25655
550
25268
70163
34995
34196
11781
51104
27309
52070
64679
51344
61406
13657
58578
39351
19823
19117
1774
48372
38812
6952
56147
28569
39943
6647
36618
26084
44558
24892
50280
31292
55706
4232
36245
42640
58853
1961
22716
52225
35015
37599
69345
18295
41020
66865
40409
5769
48957
49389
41963
15614
16642
12020
43210
37217
46386
64291
12155
17066
15814
53134
66794
67390
37960
22175
18803
56816
59579
25180
71095
25625
55327
23839
18654
8267
65291
1166
13523
53292
6031
38939
34792
44390
43622
61870
66078
50459
33188
34303
57985
20445
62842
15528
28543
63684
43083
60550
67451
56664
58105
33032
43810
38414
20297
21719
11585
42408
63216
44718
35497
31245
39744
64260
34313
51008
50580
36796
9766
24300
42748
72958
28640
10068
16348
48638
68188
59456
41215
2177
49314
51292
40684
48856
2306
19963
12714
4374
49368
61290
64182
65363
33657
3063
5661
6827
70905
22111
59992
59945
47779
56318
43484
7428
21804
67354
11930
26380
1956
54753
19314
39902
1906
40752
2262
37618
6955
42717
31766
55358
52950
65788
52385
9411
21063
24214
31786
48845
42990
3680
69206
39425
48707
2040
67496
31758
15753
27818
17039
63950
46908
12456
45238
20454
58640
3928
33837
64233
72959
42391
39377
45427
69463
49035
53149
34097
18382
30967
31258
5814
34066
11207
30371
38143
1961
25363
54974
59712
66658
4913
49455
7040
55807
43555
6743
51535
68992
61271
35940
37193
18628
63925
39966
56378
56982
14323
63662
38080
55282
32308
63050
11152
49811
9152
33297
1193
59730
55789
47176
5357
2437
43619
38566
58126
47257
48469
3403
37437
58845
24562
47807
12405
4582
20603
8642
65255
5056
26896
45024
65150
72112
29660
11318
61466
9907
12519
1030
30490
65089
15649
55818
10706
23404
37779
44281
11524
37615
27194
5779
2995
70461
3277
32091
2795
65512
63446
35704
17157
10050
35101
31879
46030
4451
33032
70105
26342
66287
20655
19813
11198
71027
30299
1330
7386
33364
65823
26914
2039
42813
58750
69942
3862
20787
9164
38194
1950
28582
32305
27581
4064
53846
36264
67080
23028
5007
11686
71816
9145
69587
36285
54594
59353
65923
40152
27154
27594
40785
72353
65767
38729
45493
446
14414
15570
64746
14594
46690
60642
54197
3640
25189
10429
17073
48027
71046
23619
3513
62640
65575
64270
36291
14357
49577
65383
50997
70723
55334
68854
33480
46886
31859
31047
64821
6389
16688
65913
59000
68013
2934
48339
13128
66000
60668
2616
46927
11011
58677
46113
72484
21517
61705
41409
32275
17531
27886
28476
41918
20168
22444
44520
35074
41402
37466
47022
2953
35816
3656
66426
34367
60159
6650
69645
20051
61068
29485
35404
27628
7939
48921
46177
15333
45046
9859
27279
4687
58666
47998
65084
15505
25299
56437
42687
11510
28040
42056
30288
19884
64241
46897
63519
68036
64149
33714
61268
60107
41992
67972
19974
44420
72897
22582
66575
10471
64209
50561
61396
52226
27767
49396
3387
11115
41569
7560
44181
63455
57429
3730
16578
16442
34038
7168
42716
68659
71218
69794
12788
17275
53352
52175
14969
65851
13535
72265
33119
69343
14633
27582
571
35170
35926
41403
20837
767
62237
27471
58078
48801
51229
68818
33817
22176
69058
20464
6558
7825
44436
6710
1137
48296
62465
51648
8450
41356
70170
41148
52293
45984
8026
45607
50217
61794
16907
59833
34310
59953
13323
34071
21383
50488
52828
54470
46391
68681
14498
1991
945
64416
43909
35947
45879
45181
14550
2940
40036
26661
36774
58533
46981
48454
70225
9023
1649
71725
49250
53401
23450
21726
44928
29364
72796
31591
51550
45560
44074
13065
20769
15519
1744
47348
24482
38772
15258
20735
34251
2598
39476
42888
70262
23639
34107
68966
21217
23891
44104
45568
27846
42424
56397
39281
60335
46089
37000
42963
33718
47534
24132
8317
26131
50244
4951
69787
51871
20621
40399
63313
32540
33099
59573
24195
16623
10766
37363
22419
59430
60743
68737
47992
31444
18632
24987
47823
24540
27971
38407
1969
51770
35868
38555
42049
33204
42923
44355
20312
9175
16978
55864
10479
43974
40895
7316
4352
48045
47638
65161
43689
21461
66375
225
3031
2736
32751
19817
68459
57675
50677
68759
60659
57628
40812
54930
6496
51905
61320
5104
67342
37647
20743
24722
60070
66924
60957
24476
57204
5532
48995
69841
7269
34192
24598
49996
50138
39854
4360
62073
31489
61873
69525
3361
69382
51888
14411
53804
65598
39020
33286
27537
58107
42131
2760
56081
60097
37867
19162
37522
31539
64816
23962
8215
41419
72877
15689
13765
55757
18505
66463
6104
3726
56657
580
55779
68606
3804
48614
54575
32631
26732
45579
38403
71497
10295
13762
9554
34596
20589
55282
30778
50313
52812
662
54736
9558
29848
5019
66352
9164
62574
66400
15938
63149
29719
10881
1385
46767
32130
41784
12854
36568
59898
4640
17561
72950
65055
44823
31471
14188
42272
30872
54063
7050
14374
59778
57278
22282
33539
63401
65210
60242
65657
15647
56836
36243
59000
70862
50782
56261
46719
69012
66308
16101
5700
13900
49848
48156
29086
24957
43213
32173
47671
8065
47229
45594
25880
49252
46142
1915
24852
18079
60007
24949
18414
11776
69904
44131
15839
32496
59855
46532
52087
48297
55687
70928
72637
9681
59299
65616
12714
62847
39881
46225
59583
71553
62713
37037
18126
71455
16796
47166
58710
9544
15554
52640
13505
44656
37747
41930
20856
9698
30447
36472
21614
1400
15202
18008
57697
39852
65071
21558
57053
29257
39949
1039
1354
14179
24503
52294
32110
11784
58877
37415
32774
59833
17327
49918
46637
35937
52362
51251
255
61498
49203
28508
13775
23990
65265
65934
45181
63512
16367
67514
22123
40583
30751
59376
5382
69316
7306
56619
28050
29153
33651
56713
32238
71758
31515
65404
54607
54009
66583
18330
43265
32249
32447
43006
23064
66296
15528
31528
10820
64530
69528
39448
63218
51782
69401
13554
36711
70664
27542
64942
11663
51024
35739
14768
28788
44507
31234
15023
11099
26475
61968
37195
6001
38190
59166
15760
715
48904
55810
15738
61482
51118
43014
50188
56292
10032
39144
57928
9151
5778
19889
35917
60617
29384
37522
49976
30804
56643
6159
3209
52773
35748
70039
45924
44411
52923
59740
41343
22756
8084
61557
40910
30467
59199
19956
58041
1206
72539
11441
16791
55620
68207
49884
43898
35052
65740
69226
63750
26496
9418
58623
57639
48761
14574
2154
15878
40939
23597
62422
53063
50401
5319
18308
9739
1164
35282
31790
16269
61340
40714
37935
19346
44233
40523
48558
38642
58523
24947
43521
18062
43654
7726
11589
16117
69914
43510
38140
28223
14438
65367
20320
50493
32940
10645
33515
61754
14928
15899
385
56074
5410
63385
1053
68094
45083
43609
63592
33929
62900
28510
49321
3227
62241
62585
52870
24559
3701
47553
50904
45402
56983
43142
38613
30243
27914
55443
1614
3961
8451
57829
45673
64398
25363
14260
25601
68406
37012
2494
62089
24139
42201
10258
9624
4257
38622
6343
2149
19913
2390
46306
22060
33260
12939
10022
72385
2494
25615
48971
54793
27316
48410
39965
17481
56355
44365
41600
43406
10567
36018
22381
19346
31996
9335
42380
46384
9157
55807
54934
58783
12822
33456
71493
28331
33240
65388
33018
18153
45417
27919
3827
58424
41286
41007
42775
18741
32758
29322
5383
27295
47835
41113
52931
57946
48320
59721
70758
8479
16730
13626
44080
63296
11452
56577
4822
45216
67691
31296
29823
43673
25410
7806
71917
32431
26075
6985
3110
7674
24467
28742
61319
35906
9273
18755
12444
14907
60299
52517
36854
71711
21332
71563
60617
7578
3534
45915
19897
45681
8320
43906
64041
2428
54868
56743
69935
12675
25704
31689
50743
68996
59822
34839
60123
51818
54570
9046
3292
32737
32472
55725
72415
39310
18544
22924
27471
51212
5279
47683
62723
30969
6979
47999
5987
72287
31770
46983
68644
4918
14568
14501
46470
55326
69555
8959
20639
19339
40956
26893
62846
61025
31181
1262
46437
13007
24673
30275
39812
15656
65164
53421
33846
16036
32433
18850
71898
22781
32458
11554
46737
41573
37263
42320
45534
62453
18302
65915
38343
16800
55923
24237
36007
5399
34316
43203
18309
13957
62236
55139
30620
45506
5690
29956
30320
69293
35917
34103
5242
46963
10974
39163
47544
8676
21722
8758
60212
68092
71963
48991
63575
19911
20490
49136
10986
33790
11706
10338
67793
49062
49380
46136
24149
54511
32899
32494
54836
26490
13387
60418
72366
15180
30027
46912
27743
32471
11612
51803
35772
51024
54181
66847
69916
43211
3013
57492
37580
45474
7396
30253
45311
64605
3005
26279
53433
70467
31524
55213
40566
31550
52632
36016
13675
62133
10206
11155
20264
21099
65514
132
50001
34852
51730
25751
1232
72752
53049
1165
49457
64304
48796
41025
55706
46758
17108
20051
68636
21873
1057
19166
72402
58437
2352
39532
3549
58441
23881
45825
13017
70186
21711
70132
33000
64253
17788
8058
53929
30714
15761
55909
12173
31772
8551
6090
35494
58588
50357
68296
70403
70766
36166
45572
11788
28683
38990
954
9551
56253
22073
44069
14645
54673
25536
54040
45189
8255
30409
29077
26698
11893
71273
17642
56203
37857
5217
1828
32471
45861
60594
22187
7730
59197
35671
38821
29897
28756
64830
9094
11214
39308
38762
13773
60856
4229
57848
2378
69043
51373
72947
44660
44751
22293
25086
61463
56520
18172
20894
35514
23337
42708
33874
68926
47621
49002
27047
5163
8804
71516
39956
70085
16630
63043
11047
42859
67383
12616
67771
47976
67047
43171
67791
5698
17684
14182
54211
55432
6719
16832
69193
9153
26032
23909
7710
46440
43319
23627
67732
58411
45416
42031
46069
18650
8450
51854
39870
2940
36916
30064
56342
3413
47092
17102
27577
17349
46118
31844
21485
23090
28341
25514
55048
16509
5201
16804
12684
48426
6733
20473
61528
54033
61235
15073
37405
54161
15807
41344
41818
70356
27381
10639
33636
3806
52136
48417
65901
40695
29543
27147
20063
12912
24798
16701
15038
13370
30495
61533
2503
37402
4970
64259
40889
71712
64568
69622
34679
67063
54936
22789
35902
65359
42717
52515
72809
70838
30132
51881
31023
64141
29317
71271
65110
64158
53197
64118
29950
51531
32822
28244
49356
67290
2180
37946
28873
71030
10748
55107
6135
64191
31667
68530
65016
47464
19648
71406
31690
29793
30119
14330
34139
23171
8435
66437
53597
35713
24959
30704
56821
20494
62786
56053
22486
409
26093
29741
51165
11773
66225
4594
64449
66053
59722
4635
22354
9428
15890
57438
15211
62171
46499
20255
53532
51148
28693
48199
69648
54611
50552
31904
10672
56229
7607
21380
37298
40704
36281
45958
1714
59482
1541
24832
21850
62949
23185
51843
12337
35135
26767
66125
67390
54489
26197
56013
36392
9357
68223
60746
9772
12266
58851
27721
63481
68069
34993
53741
3851
43685
68709
35897
34946
27696
16707
61369
51798
45108
60021
10615
63625
62125
45915
31657
8641
32957
64592
68871
39353
5083
40526
33002
27748
15026
72917
1440
43693
48313
14845
32509
7365
62547
51645
30651
15146
11957
68815
70689
3472
24421
46162
40330
5094
40794
57915
20477
41384
26758
22801
41738
2229
49463
42468
54548
31220
40725
8970
10185
38072
5199
45205
21238
55525
29454
55388
52559
21461
11155
66117
24781
41820
21084
36764
67889
62852
38641
62546
57812
46742
19781
69500
56097
70686
57912
6543
62586
29073
26281
53797
24127
8790
45401
53639
24149
61494
40611
7432
53306
19961
47527
36625
37255
31471
54134
806
66999
44567
60375
30972
10676
21087
11784
5149
59017
60721
31136
2034
62433
11159
67625
53587
3310
17347
56084
15670
59286
63973
62725
53898
30312
49193
40109
43591
47957
69852
72293
37973
24977
35539
13232
14957
48528
24720
10490
10239
69437
12658
61189
50328
45294
51384
28682
4488
30531
59242
28652
3238
64829
49781
66136
57529
20004
17328
61184
33636
67121
7767
40480
52932
50234
41324
63984
66601
9692
29396
23215
29167
3234
50997
25953
34720
55723
47283
47631
47535
242
37129
61580
29163
679
62666
36168
47015
61907
19348
18086
27274
56784
69997
40392
52136
33575
52861
39626
19108
39323
20288
52444
25256
16323
2510
56880
1123
5565
5289
56860
62661
39342
50899
7546
49738
62894
17993
3498
63753
70736
9143
28041
10799
13279
1537
21523
1373
46475
62100
35051
32835
54371
2551
24460
20575
22781
46817
57000
17694
63281
65856
65725
50718
27164
4419
45616
37270
59111
58765
67617
23242
68127
17031
17430
25334
9328
61920
46123
49950
55339
7179
15991
35313
10959
19509
31211
64440
28763
30986
65171
53830
53209
58036
54071
47341
30231
52502
71699
46698
4111
58123
8625
20495
60726
19942
20625
29468
29585
39933
15551
54760
20811
39647
56466
36441
64187
56615
62245
22822
67922
47133
16782
2838
27299
71783
13428
28367
42915
48705
55926
23276
65008
10118
59343
41500
59678
70785
49405
14003
63524
44197
23496
18087
42286
33109
52928
18473
26931
6208
695
69094
51254
63637
16821
27514
52698
36440
867
40200
16222
51582
8999
24263
35304
53370
12454
15340
13126
14020
54143
12472
71319
31067
14244
50055
23776
16735
66372
19573
66187
65165
33740
65508
16458
35192
57796
28166
22641
67576
36221
11675
13521
2370
58296
17632
56553
56708
53914
2372
14575
32107
57620
52936
43013
32227
1350
34947
60806
69210
13203
6183
65231
67993
1600
52883
41602
8152
6438
52878
57910
51317
42328
22173
71195
60009
23062
57897
17489
42575
53575
48000
59272
48170
33661
35894
8657
38258
53162
19743
68180
72114
8657
59604
59267
32001
36232
26384
4651
24682
8849
1590
49043
51195
60879
37985
9094
52647
36061
8607
35930
44480
39946
1915
39562
25996
68305
10318
45713
39763
72653
70249
25429
50643
40922
71673
427
62839
11382
47631
42369
9130
51367
59179
51550
62364
11798
56524
16318
48304
13841
56143
44626
4970
8166
42994
37092
3031
9890
22316
42224
72194
61794
3011
11021
31808
41929
4777
17243
43250
57593
56307
44775
49493
67053
63111
22042
53543
51370
71490
13832
60847
63581
21340
39939
57425
67247
32785
37920
16758
22566
58396
22425
4052
21949
8722
14362
3567
61492
25200
28839
44587
57594
59977
56458
35237
7430
56936
30067
12525
71997
38231
16375
54074
42846
3778
11931
56898
65754
66819
186
67596
50487
10883
59090
21893
59107
26057
59845
36906
11293
27042
48003
40904
55671
6117
42325
29846
34135
8865
18348
5484
19718
19302
20048
17027
25568
1021
57413
48416
1281
517
50111
36670
39425
36467
41342
68783
64422
12757
42244
52031
40505
8819
51444
35757
67363
38114
18085
43150
72997
47670
50243
70808
65286
1332
55839
15848
42343
26393
21861
39280
42083
63803
7763
5089
18
18266
39689
51792
31068
56386
67779
27208
44035
71935
16404
32917
65818
31597
43869
51184
5554
3140
14547
34108
35427
62676
72343
42915
28086
59651
36246
51821
6193
5776
27825
10559
7364
41123
9767
1108
68577
25683
69294
4251
3345
18539
59280
12164
50856
62618
66602
42488
38306
29789
12704
9956
5896
11436
27852
67281
70986
22078
34838
21508
52945
52337
40301
5349
23436
62250
12988
54950
61839
28653
12415
68306
6229
31250
65540
59039
2682
34756
68495
69121
54219
42191
1646
16029
14465
13205
11803
22638
23944
52053
10400
66568
52797
16570
62628
66103
2782
47227
39100
31114
30772
15891
44341
7858
11484
33623
72885
68209
63531
60952
58529
31337
12191
51445
34513
23850
72018
62542
46536
8870
56249
45470
59120
55845
66980
15374
17906
63481
16222
55930
46339
71845
62411
63483
11434
39055
16001
41432
11229
26502
51096
10794
41947
57506
46491
36731
61301
71719
66216
24217
34062
22717
68276
68324
698
34584
64079
44266
4594
57767
42711
57284
35733
71562
433
527
20210
41469
33210
52625
56465
39371
63587
43829
63258
46001
45043
42949
16558
22761
36270
57723
58202
24983
22587
45676
5345
64092
4924
33073
47737
56708
47382
17068
27182
20398
69513
40139
2138
28776
18665
39028
49046
31444
57338
27854
27082
2498
58787
57031
14896
48691
5641
4791
65615
34784
19820
1208
71707
12981
22358
49984
58834
44046
25511
36125
38562
24644
40703
6253
11765
31459
1563
43454
43102
17323
11576
71944
66614
51009
7006
30805
55143
34466
27547
826
59722
37044
1577
53030
7227
39400
49881
54771
43354
62607
10310
62757
64197
62712
13239
13406
57720
27604
41996
61956
60631
21886
68906
28984
45234
41210
32393
59828
20183
43297
62346
11688
26998
45750
6854
17608
41013
33969
69258
62790
5892
27517
16295
68919
56355
69247
22829
59709
46927
64893
71776
67593
57563
60601
53091
45698
56027
46681
11064
46007
25324
1085
37369
47276
4624
28092
19369
41300
72277
57226
67860
52564
24213
25434
1421
37664
16000
9860
25374
44252
63917
28812
11298
26833
61960
42511
51007
52602
72501
57554
10847
2601
64946
2441
18333
31243
63395
63888
64116
67365
19623
66673
31755
40554
14400
21555
19909
31330
12792
22372
27701
72400
34135
58883
25087
56688
49976
7188
6898
15219
13219
4665
62817
67776
13438
961
9561
35897
54692
25495
46596
26279
22319
11674
43108
52043
11834
59180
41131
52923
10823
68802
3199
60181
20096
26335
37915
51962
60417
10405
70745
49626
22282
12409
28924
54008
49762
23498
11777
70657
26526
45878
66805
54127
33066
57064
30265
33677
46462
12266
56779
66998
6658
60738
21703
28438
47540
19045
52362
67588
16710
3365
7342
70554
20309
2976
54986
68451
31259
60679
13009
29000
69774
27279
13299
22695
35394
25455
232
51705
70529
68374
54264
20438
51867
31049
66689
42256
10793
65031
49304
36592
25298
60305
10736
3472
48736
65648
48600
48279
39133
49964
30358
46122
60840
59471
70025
58949
17564
69004
19869
18478
65375
10023
42120
11226
22703
48971
36369
49438
39056
10274
39376
61820
27979
39468
43768
34464
265
18414
46713
2750
25709
45174
47987
60330
38615
30362
59468
35796
17444
18522
41306
68862
54691
11368
19613
30611
52675
10946
28387
40093
65920
22857
55831
23675
3652
61578
53932
66662
45801
57775
33811
2830
42837
47089
60924
71397
70223
61659
57024
3048
64126
65406
23981
58038
4073
14285
4899
23878
30665
39324
66124
19201
41906
40786
61313
36337
41552
25560
46391
60901
39135
58725
11600
50722
58483
63167
39677
27567
21837
2416
30337
39973
56047
60203
46105
1225
29694
29257
68872
23216
48198
38325
47895
9062
13773
4424
57674
31354
32957
3233
11301
26689
26525
54773
17237
1246
45177
65399
54827
57595
33909
58460
69051
2223
53377
70997
31939
29356
29902
13842
67526
21707
45951
16160
31817
59135
49610
60366
42469
55227
43126
72370
67547
27160
62135
43187
28830
13598
38932
55858
6617
14854
26250
53226
46393
15875
8217
32545
9853
10347
64716
6642
43563
16253
56702
51609
25860
5281
19176
34994
29031
5198
71199
37078
28532
11460
39146
51627
1590
2599
20505
54214
43579
4636
41233
62312
41768
44787
5876
17058
46901
42185
23773
57863
28745
40961
42889
64677
10222
46703
28009
48230
64980
6041
51556
40785
60388
7298
1241
53304
70970
52563
22226
23127
44806
42184
36005
1776
25364
22965
5428
64093
57175
57971
36404
56131
22548
11003
44354
23183
6234
61814
7905
55800
64960
54455
64961
19960
56831
67925
44073
33640
71927
7016
2245
37943
40605
72263
14898
72631
10993
51108
42182
47309
59317
59957
48758
27731
52386
25296
12535
51027
48701
45322
28421
8394
31407
60868
30818
44670
57250
44458
45862
52222
70038
69433
42701
35053
24916
44637
17726
37674
67242
8996
2423
1702
70773
30706
8574
3219
45893
59698
33602
71022
71850
64198
43657
46633
40356
17572
58731
65048
8864
24749
58379
60133
14350
8122
15997
48122
13775
53325
65210
66443
37285
22769
12593
525
18946
23736
8481
64447
64498
39503
6745
19467
20285
32391
68848
5473
37820
27891
20304
52425
72637
62001
4548
59530
6714
47191
62195
53348
29579
62644
70197
59823
46388
1096
41522
42381
49449
46144
51058
44267
43981
70106
70647
51351
1498
50233
4702
60926
33611
30221
10765
50837
72318
35123
29894
61234
15205
70429
17737
65535
3283
38205
70217
49049
56099
68883
44084
35899
12148
41969
21774
8698
61922
54543
34807
63997
55566
22015
7192
11172
57325
34343
31606
15385
72005
9471
39197
31863
39988
5254
19525
55645
71531
47758
49314
18375
35544
21472
47909
49690
1305
69413
50576
15258
68716
28618
33175
2042
38628
57262
30978
59222
49181
27236
51271
4720
5017
10848
20700
9750
63659
41064
43042
40429
6000
36984
50877
47548
66909
16778
21168
70127
42380
67024
59357
32085
60184
11615
67746
71393
6088
33746
15103
22498
66673
33480
53748
7855
5571
2139
11584
15987
64445
8238
61404
5808
23557
68090
37245
47764
10711
13973
48408
12109
42999
3175
50000
64953
49170
2122
62532
6334
9950
66382
57620
14379
43011
14975
51801
4465
53425
40084
11876
30898
33664
8116
69406
38460
10934
62750
4215
12618
16586
12893
50419
71000
52064
9062
66262
7072
27662
30792
17368
52558
30875
53351
71020
62892
847
64709
44682
36035
29326
44150
26037
20759
49494
64174
5030
66397
14567
38201
12911
56939
10634
6262
12300
13556
40714
25545
19459
18360
56791
5508
58516
60876
24018
47785
52468
70266
67923
63327
26556
60200
62766
7198
65278
66829
50716
39056
40407
44790
39005
42878
32016
46212
46347
51829
66398
2615
10265
11747
63986
31979
6947
3082
65803
22141
44648
17511
17727
5562
71209
12799
60809
59524
6909
24944
15908
51690
31765
56623
52541
24747
70427
55363
44318
23583
45496
8908
36863
62234
59234
1369
9832
3582
63932
49062
35673
39915
49543
16958
51186
42038
22223
21547
63894
18772
21112
13399
9762
19593
47639
21853
4844
16089
35381
2817
48910
14225
62198
51065
7058
18491
41568
39943
56792
4757
3479
15180
45370
40765
52117
44874
67984
52379
53663
11126
69239
59019
43562
23520
15957
9597
31524
35360
1368
19315
63392
47031
71812
62110
9937
59031
50835
51725
5799
5912
61214
56004
71695
21152
46674
41109
8261
46798
26886
33765
29261
11844
48929
32613
60680
36350
7728
20595
48929
39459
16613
40221
9726
10599
36139
45250
15116
21058
6542
8549
11388
6545
33391
22918
6442
29711
69533
61415
67436
40575
1256
6448
41919
39705
13734
11511
45820
58391
56000
63472
47946
54554
64919
66228
48925
13174
48344
15353
2277
49270
21663
6902
51705
31022
24647
42609
5826
24747
12431
72887
37724
59281
13424
39176
12567
8633
12100
53572
37740
31332
12929
11278
70603
18617
63490
68779
16713
23095
56814
48535
15726
52560
38658
32165
35029
68466
59017
21672
68924
2802
67412
11434
25667
9711
19165
27824
6730
39321
18661
46937
15531
23964
58878
71362
57943
64445
7058
46215
48204
59679
24138
54503
15652
60554
51435
35613
5873
43338
57458
59750
5732
62031
7600
13556
39933
11046
63201
2766
29884
355
43294
6897
29742
62089
11779
15456
54715
22712
49419
25475
19444
34354
31911
3151
9539
8946
57613
20562
29763
2529
42925
6137
3581
72446
16503
24848
3652
65850
54992
36909
46793
60325
8292
18609
68488
57728
23221
59476
2027
50936
38665
55868
47405
35747
10138
48913
53414
29891
8775
5761
19029
4172
4111
32235
901
39932
63221
20018
50358
58710
20632
50064
52124
34202
16658
48300
15693
46405
13104
69817
9147
61752
48528
70613
793
22327
2006
32483
10163
45473
46258
6045
50414
57983
40051
21249
61974
70363
70607
46590
18710
5863
23418
47340
48450
44998
41587
33502
56265
48051
52247
29773
23846
70396
9941
62802
50494
50826
53256
17159
72500
31072
29539
72354
2807
33950
46966
28679
45453
17025
59751
21402
33049
36160
18420
34862
63231
70757
67773
35412
41513
5479
49510
43091
6482
53448
22890
6952
60999
27088
16035
39274
26773
31317
44046
21677
27206
55572
15636
3801
67166
24073
71186
7783
45681
63614
45786
4512
6719
16116
25426
68993
50327
10004
40699
22006
14393
57480
42436
10450
14936
59940
5884
28776
17188
37178
12127
58930
8694
69966
40824
16011
68028
5238
7468
15019
33532
12341
16855
64359
61014
13550
72000
970
13186
55975
18255
7420
22376
37969
12951
9652
33182
57786
18615
51181
27036
71709
70994
54467
36987
5871
28350
34929
23716
66991
7066
22601
1398
37377
52264
36047
52871
8190
58810
37674
21691
22524
41169
21783
49602
21110
28536
36283
65660
37336
11671
20037
2408
27809
66115
24367
15010
15652
9043
56295
45162
37525
15390
68110
13689
56893
10960
18924
8127
65274
39243
40557
53640
35630
62018
24300
52965
38546
52585
65371
28358
16232
15624
4700
31509
98
30583
57039
62790
38833
10099
67865
19274
18973
21613
43133
13955
70990
3452
68433
54874
9565
27561
69728
60500
65763
33457
19727
47331
38059
59663
43894
38288
57638
71207
51270
70671
46468
65392
49081
10979
64753
46913
27226
28000
57740
45500
57274
19831
41239
65615
56300
24436
36763
51999
4502
6779
33772
42663
50484
35649
29757
21991
11971
29239
57023
43944
50950
18745
24571
1587
1289
48933
21058
55377
67656
28687
71940
11613
11498
57361
40045
37550
1624
61264
6425
72817
3164
33978
64480
32123
38071
49539
1522
13939
64339
67526
52431
19686
64810
37848
43267
51260
32073
5585
50469
5352
71965
38844
3491
12486
38096
50806
21460
39180
36656
18523
65329
36355
45501
65428
14049
15951
61444
54676
56895
58569
14796
67370
51418
35622
26668
11057
53081
71640
33176
71114
18049
64490
3446
13659
2540
57273
40105
11225
13576
55902
33953
14353
25361
49145
40605
4069
57164
35079
46695
28146
49817
54507
13986
35677
34531
20651
18034
7581
63136
19753
3295
23468
64512
60698
160
15456
33547
51852
72752
59142
11908
41440
66560
47766
5372
37566
33689
4297
13180
36288
27395
3159
30787
41943
55615
20749
17583
39842
54870
18603
44988
23349
48612
5572
72662
66141
58317
45558
6653
23977
19538
28282
8116
13285
55455
45222
9670
50856
59516
16213
65950
49501
59838
60984
50425
1071
34146
12149
40338
23238
2653
43582
345
72502
21171
50197
52721
23990
50714
3259
54156
2422
25050
59088
5958
14105
6443
31484
10139
474
46443
66700
10158
57635
39642
22832
26391
50361
53308
37442
62231
30044
18723
49281
1923
4090
3671
42467
49355
46418
10091
1081
230
62414
69876
668
56924
29625
18304
61861
47687
49360
71705
26922
19271
43302
36965
61773
31577
19752
8987
3390
40395
21751
22164
42217
38950
66691
19492
54858
35889
23524
65171
53333
64982
66924
53677
51874
63339
70233
71626
35133
10511
47958
29922
5988
6470
2009
64721
72137
14027
67599
24987
13727
23049
49236
25628
62226
67103
14839
22406
72463
12582
24913
10000
65234
25216
6502
11224
4103
58750
50764
50717
71640
27205
45832
17075
48916
69191
34625
25003
19657
58762
34388
23694
66385
37159
63670
59855
46639
9089
67344
67058
24285
255
48316
52421
10630
17192
41487
33601
57878
54058
59551
8789
10929
62583
45235
24343
11257
1533
4449
43271
46505
27160
71482
63563
50942
15271
32290
72617
59342
2311
23436
59484
14336
18984
50642
33613
70643
9322
46994
61501
64803
68939
66405
33813
28213
43040
57617
37363
69284
66637
22382
1385
60948
12195
48517
61611
49948
63733
49515
16653
31193
887
24750
53399
6581
66268
19183
16198
29198
16274
52877
9552
32466
64428
56754
16467
11920
30276
33727
4754
14091
39683
70995
24357
36672
24446
47960
3044
70990
40870
27910
44961
17869
50445
46057
53527
1678
30312
2118
5378
4187
35365
46987
24388
4488
35434
59996
65337
23166
5919
43257
60304
21145
52210
60572
25703
9951
44445
64017
46114
3104
47462
24215
19847
54365
21403
40979
42345
2226
5439
4379
54318
71277
6654
27936
58295
71632
23241
69956
45813
57675
69502
29539
18130
20850
72839
9943
42459
56494
5453
21811
50224
32471
63905
47625
66044
70087
1966
50895
42920
68682
37383
29907
12783
36537
18625
66640
20349
19710
56644
4801
9049
7858
52931
44314
45900
33578
63181
39165
61036
68713
50728
29450
27042
65262
30546
40552
47997
64133
28187
14080
40168
41612
63226
8098
37303
24292
44626
62935
33833
32959
55728
45452
30858
22344
40484
40264
51624
36646
59562
30181
5320
619
40420
67834
39445
54313
5646
65873
148
61468
72629
24452
72686
29667
6236
67587
57259
58087
15949
53104
24399
49094
29273
29124
64676
37129
62476
51794
54108
53465
6296
36017
49729
15729
26060
65879
55636
38357
18456
27712
35054
36512
45160
10830
11630
60195
64578
30691
45135
60769
28502
23833
46908
66487
9266
47403
7451
33065
55511
61516
8484
23992
25003
6029
11821
19887
23860
70485
12227
32725
36037
36712
36495
13741
27752
24106
27706
56040
72208
34365
70278
16437
33938
8885
28307
45486
120
32981
16667
6324
12649
66331
7587
25293
40128
15334
36134
9985
61728
53088
69551
9909
9025
59494
52579
2006
22705
54044
34048
10039
27242
60989
18414
70862
72019
70280
12137
44152
41510
58775
48640
38549
64726
5569
59829
54414
41435
30047
60593
25827
11492
48788
35099
29353
7
48541
61213
56680
2120
52872
23124
47707
32915
48561
14082
44961
36631
13535
31537
45728
24274
20261
44078
61929
34667
4380
48503
63766
25064
24181
1674
12312
60620
41173
14268
68286
44684
37090
9091
29519
48255
29858
30769
11792
19016
18002
46237
55498
42953
52820
27823
2474
9518
54794
9192
21716
66355
65766
64044
69818
17914
58052
18069
8229
1317
22199
52101
1007
28396
3280
62152
67239
47084
36086
39499
30795
25853
31055
65485
24772
24757
54484
66864
56867
39142
58682
14852
37961
50665
28685
17913
52493
11886
34063
45414
26366
35114
3694
17227
22288
68082
27420
41871
43220
69026
43864
13407
6519
7045
7761
32524
61260
18168
70123
17023
25174
48463
25762
72452
27998
5427
33683
24785
24683
42151
51395
29625
53527
24078
46398
70497
62749
27852
29865
57365
42217
59285
39460
12576
24888
36557
37295
43655
32759
3652
39325
23609
863
60173
31614
25421
15485
12116
1302
65584
8120
11227
843
52186
46164
1631
39684
31467
37939
32147
52140
43615
70203
8665
33510
37195
20443
46848
12787
29426
10478
2239
20838
67593
13682
30884
4985
53980
33907
5721
25664
18491
27601
15539
62859
4100
39376
12513
70514
34990
38389
21470
20304
9871
32270
60634
5826
43019
66338
19675
52273
23281
40128
4684
1059
35372
53980
21655
51207
20219
11228
70340
72831
4309
65736
71630
1208
9741
14472
62414
26325
37237
2488
20231
70394
20226
42958
3869
72172
44996
32899
31138
23870
64832
71224
63030
36534
64612
40992
26867
3414
11991
15107
64659
46454
65514
24540
28254
71766
70471
44728
4579
54553
64724
30750
67274
15702
27196
67942
63452
664
45299
11914
36656
39949
51467
17161
32236
52548
51032
16906
66371
72855
11804
5166
27096
34968
20199
48646
51880
51880
26703
52931
17493
67435
5104
36133
30941
1999
28001
49907
67853
21322
62587
12665
9675
30955
4542
21928
28607
313
21017
10175
21285
58505
41062
36863
44537
18963
60512
64668
27511
66987
59490
35775
3295
42749
62973
60336
30034
61785
23901
29313
36739
60839
45608
15286
8940
63460
9189
29985
51124
53298
24421
22026
43114
7685
50200
15075
37033
28266
24120
4537
18536
30730
20194
9918
33341
33372
57798
41796
58517
23129
11779
12812
50146
50721
3679
32380
32794
42155
51947
62263
9520
49105
17200
4575
37233
26522
9448
45285
46141
32377
23747
35681
7679
61282
23940
59901
61435
28757
18495
48723
62804
50699
2769
7152
72727
23837
9980
29264
65231
70013
55310
25856
58645
4788
5741
4010
18220
57602
2145
60531
61935
37803
17917
52081
3088
70575
71308
40488
2613
6642
53140
13019
8489
69866
67362
19728
14884
7224
50194
22292
17312
71749
16792
53470
7545
53285
17760
16448
25960
5033
12670
40199
7493
34390
64715
66212
64470
25435
21693
7506
4784
7289
24978
31808
22384
35467
36801
54033
70567
276
35965
42342
54752
38567
22566
54
69111
18666
11758
2324
25312
39956
64653
63990
70809
32125
8921
13630
7013
14821
67213
23417
57382
50220
29253
24620
6462
39169
2835
17583
9074
11630
28698
69674
37468
52969
30973
40116
33203
36549
2634
26866
17777
37038
34952
33324
50001
27252
10458
69627
58875
3063
36791
4023
24181
37377
2055
36965
33279
56609
36525
49670
2579
65779
1524
64466
13048
4668
59647
15339
36242
9556
65160
36583
14551
5948
12332
36668
20312
3143
14050
61936
66114
51973
16862
22617
17056
10554
20887
51302
30423
62190
11521
14313
5773
24781
67503
48276
54247
41342
3065
34656
52022
35713
18021
34997
64053
31882
52981
72260
1330
43362
59413
40208
63830
23036
2432
16322
7075
47533
64566
7180
64329
15725
8812
8557
45357
18658
45048
1459
61174
41187
17759
31319
60357
67242
7708
46938
30961
42291
54239
19390
33899
41489
19841
51431
3341
21624
37151
59760
69322
1493
57986
70298
22234
45369
41770
48262
22173
51932
6338
5924
20553
33543
32708
67964
8122
19002
55282
19482
1412
13611
16822
49791
54480
21840
65671
55882
18737
17004
53825
10557
34858
5245
2863
40323
9142
40583
15719
63832
9779
54801
29258
2905
59859
67036
22590
30139
64297
37484
46930
58559
20557
41079
5310
34291
20132
26595
38621
28363
7007
70669
14512
13406
7709
9219
21792
47694
64168
37682
41327
70847
47601
34859
62859
33904
63705
21849
68960
19415
65358
16134
7153
25535
60142
26715
29555
40805
50722
54414
38182
48225
21482
69342
67649
24039
9297
66202
26489
6108
25957
69583
71181
66630
58997
22992
54457
29405
52927
31736
28589
49670
51901
435
12746
33837
12331
9578
36984
16250
704
27277
4175
33309
33791
59771
50008
8860
67945
69006
4742
1307
37232
48561
65767
28722
434
9931
44257
31570
64440
34877
29795
17241
19434
58327
6353
50446
47274
34657
21011
17662
62801
52405
42243
45909
46545
45554
63785
15904
50177
47018
10308
67950
49254
31077
36271
28879
37980
54271
71310
45037
39985
13245
16508
56967
24642
12629
71875
15157
24077
43915
3278
23365
17874
61936
13686
67076
6774
39572
21232
15880
4341
972
72647
44834
1523
16911
39331
59385
36272
34218
65837
65017
30934
48924
47341
34443
34872
19259
50035
72854
55464
11381
40183
1347
51509
2027
56885
38638
20904
27992
64248
57520
14721
9583
64714
5041
35683
63898
72421
60187
30320
3023
63105
1682
64266
70765
13155
14696
23984
59228
11158
71813
4433
70042
6416
7203
21608
45962
44171
54391
66971
68455
48335
65844
32386
58071
7353
9841
58377
64146
61426
29107
21322
11802
14855
13157
70274
38108
61208
54963
54238
68956
31215
32183
13954
6783
22894
71714
68709
47666
19477
34828
32197
50488
29447
52327
56410
59016
15929
35630
7602
24501
71206
29347
19545
36566
50226
58957
18546
53446
12113
1056
2486
12127
58970
1903
27831
57367
23541
26156
16946
5117
39006
7096
20431
70748
46510
4094
48247
8502
56909
3802
46249
51908
42397
60304
19808
60761
16862
69518
11549
34599
60834
37483
26996
31225
5044
25633
59918
58983
50977
53949
51274
62704
8347
32552
42512
50546
66942
26717
7820
49133
64393
1731
59075
32725
49747
33157
71510
18422
32480
11229
40160
58906
8670
11679
57693
53430
55776
48233
56536
43075
56062
43169
51625
38112
47183
64486
18354
28908
7028
44632
20597
29393
61002
47260
56988
15108
7148
35464
44180
26545
36131
44253
61014
5284
4051
66417
63915
53658
59067
28844
25844
25622
19472
54211
2396
46511
4798
67800
69082
39094
42469
41403
57966
22230
43187
13177
12703
54820
27908
55051
10887
22022
63691
22210
22044
38112
63660
70141
26412
64737
11016
55981
41652
68932
8595
38616
38205
46458
2661
63089
49716
57837
51307
2825
34828
47984
46481
32687
61593
69466
25791
60931
10580
28193
65173
3296
69598
24763
44260
63479
6035
53247
41019
4712
8173
40362
69274
21804
1642
2446
35967
66902
41187
12909
46691
71767
4321
51131
18591
24801
37086
2561
18928
53739
63270
51502
56668
67148
53280
55832
6617
39275
7724
29680
49185
9370
59579
25604
47891
24154
36574
52637
67448
17890
34508
52065
27472
4737
30755
48427
24194
70715
3666
62494
46037
53249
51344
59881
8525
41608
51485
51548
8109
57204
32252
42320
70909
16526
15849
61605
50512
50648
36445
21133
25013
31369
26378
5837
70584
19707
6037
13332
32037
33066
33368
6508
25152
7775
41592
29238
68155
1003
30602
8290
38093
69207
63493
58500
20604
25560
44364
43409
59735
67424
18251
55008
61130
5815
31186
31126
11846
21257
44123
72850
64868
37688
18580
44096
15374
35234
59946
53617
26907
24622
13906
583
33197
61448
42517
33870
4289
29604
37375
39869
31074
47679
15036
21884
16393
45729
41856
46752
31310
52918
34025
50282
71140
70315
42340
7006
38076
7854
33768
12462
33680
62407
59179
2142
34585
46555
8495
27347
65504
151
6576
10629
46862
4481
18068
56860
62713
41249
65384
33214
24035
8599
51315
44630
68480
59255
36874
11488
20636
59847
55552
19257
65422
34433
65198
70212
18285
44275
25486
5367
50566
27316
8840
23036
31047
43737
15000
52091
34691
51846
3869
19245
15642
11800
43062
70459
21236
8934
66106
36853
55011
18016
6172
7326
43090
26072
538
38901
13485
64174
14401
56039
44790
11599
67070
4031
69385
45621
41595
21791
25149
29641
66292
37736
38352
29317
67741
3630
43957
30446
30890
54567
17701
59623
58962
55138
42303
59185
65361
2284
8765
28334
16305
68621
38989
34597
5260
71497
71536
71551
67793
6939
51899
66336
40672
54700
17503
977
8747
23665
23127
26826
22012
21890
58197
68422
56157
66991
24114
8167
22224
1437
1073
12695
68139
28830
58598
49136
45559
23295
50072
4284
12990
51643
46191
35486
57494
25900
24916
24921
68422
5353
70077
41447
65580
55299
10833
65425
16289
71802
878
4142
71642
32885
14748
62623
53724
5007
45597
36679
59722
13572
64516
23447
39414
11210
25480
25007
25642
5277
7915
54969
23730
21331
1787
31400
60128
60790
34348
56318
18418
5216
20775
29250
14900
16344
13940
53936
7054
62754
32471
55067
9035
65181
27706
64054
50309
22406
16143
19816
72415
28338
67304
25069
53153
601
18637
40793
55090
12326
46913
46463
61605
24515
64138
17136
22330
64273
4067
9936
19359
40261
51679
48138
72147
8246
53180
19403
32160
50826
32586
45804
21058
35048
40415
32945
27488
41985
45048
61462
51710
64464
72286
63105
61572
2568
38130
19531
23479
66797
8622
14368
8682
25514
19802
50919
39569
56017
50544
10443
45481
15162
37597
62655
49495
54867
29236
38712
42964
59853
53832
50780
17378
59823
2301
10512
53909
4868
5588
70279
33456
22191
9481
38263
5339
24127
8435
64854
2071
60645
56264
66690
13062
65530
19778
39069
8506
35158
56482
72215
51440
24091
2431
61029
25215
8384
57259
31016
53811
61249
43859
66273
1753
35444
30737
19704
44791
13238
40239
43155
25266
68988
43737
68011
45842
21334
64544
24627
18702
71989
58935
29106
57103
18749
72060
71376
16572
4278
12188
11644
61658
2060
64635
27420
6710
16567
45800
22302
22736
19381
27369
14531
36173
34010
49623
35452
24113
3250
31176
70964
37775
59541
48773
42109
61488
61577
6944
28214
41467
37462
20813
52706
53246
67066
71769
51172
9346
37853
46083
13430
51684
53366
56893
30801
21477
58556
15726
1327
44472
48394
69104
39700
66827
2778
21642
63731
21332
34242
16305
13045
12825
58179
41344
70444
6740
70390
3560
19437
20073
57009
49373
7388
62038
19951
40184
70777
30126
68646
57034
70065
38345
43610
16004
1200
27388
41503
58080
345
17360
6611
46443
29744
54314
33898
8569
8166
47982
50139
25325
34348
6113
49112
68068
35036
38362
20115
30869
47736
20043
50283
56487
27965
48018
41238
24703
70562
64286
11552
55260
30531
21721
32010
30777
53059
63433
39262
61230
45150
66586
57295
29139
58524
60804
64621
23635
3473
48052
26061
53536
52857
7113
7008
68185
1649
15414
65410
11213
43745
44319
37906
59738
9029
34633
45306
19959
42675
14211
71884
7282
27790
65507
12700
70271
47137
70030
39213
58933
9608
53000
39891
65406
69848
70572
24904
30044
14183
46264
21122
2675
45782
65537
7937
30342
52363
69830
10382
53921
6034
47627
3727
6688
47700
29029
53432
53435
21008
23597
46435
66768
56589
6610
2288
459
16594
22503
52592
34763
60844
22207
67426
12612
6327
52456
39688
55300
70608
3187
72852
23884
44791
66406
12924
71382
23050
62420
28622
39926
28667
67
22476
54294
71588
62695
1992
62177
18337
52559
1139
38188
31556
65556
34510
67268
25879
45290
37772
66744
24001
61628
13927
540
54659
35408
20071
35470
56100
56532
2193
53137
61753
18148
61700
21420
33408
28890
65471
58695
58891
57432
46142
4569
49611
72308
22603
2848
36906
25393
67168
58638
26282
62166
58867
10068
29788
405
66771
51966
6440
49002
68335
25098
66067
72541
56350
36894
47191
26951
46433
56958
70860
30845
20244
18279
30420
19060
45539
34723
52140
58217
70529
50657
29471
20435
44900
3160
68165
45568
63661
1392
5240
25872
899
1749
28159
54386
40726
71201
61363
33346
32241
61244
35518
44651
36362
29426
45364
55078
52379
1770
42410
32407
8034
20679
18139
51497
3646
19933
70202
66158
61512
169
63041
42524
46297
20093
72272
44823
62418
21383
41
29655
47173
49396
47599
6798
37291
40030
46687
37016
27984
58504
5519
2639
15808
69626
34468
52187
3605
18790
56231
