16173
11132
12528
9424
16479
11139
15097
32568
30306
12873
8264
20335
2950
23968
31034
26723
3395
30825
9331
26176
934
23524
25023
8861
19246
4603
28796
27742
15253
21249
18980
18610
21778
1946
4689
9344
9907
22287
5745
13483
871
6154
3537
3127
1281
7280
18206
8230
24577
19159
7070
6516
8093
1941
15405
31379
5461
30946
14764
22804
24060
25372
1556
11107
20162
29037
8288
15573
6006
30027
17895
5561
17697
12220
14321
1408
30886
30675
15601
18330
28741
22259
25001
13039
23519
20007
11308
21478
1267
22428
19940
6813
4663
740
15835
3230
9771
17032
22463
4747
21503
32177
20167
21038
964
27291
32994
17063
9728
27958
9647
19138
17819
1698
5294
1556
26015
11166
4781
16066
19980
20325
18695
15102
25049
15142
7408
7695
26095
13407
22339
22900
21367
22749
8988
6389
7420
22131
18553
22231
6451
23924
19683
25777
30111
22278
26843
24183
31009
20845
16207
28075
26420
13609
15219
66
24670
28414
9060
4898
9403
5822
5489
2038
28900
23877
20906
27780
18325
18512
22250
19060
13843
4882
23345
15509
20788
3565
4498
8125
8017
5962
16052
18236
11542
24549
21539
8534
1483
26519
4758
10659
24179
8305
14219
13117
29033
18763
30735
11558
17226
17046
2330
9155
5093
4868
25662
13128
11095
17058
11680
15081
8780
3878
5392
4355
31056
219
26483
12165
25523
1551
12944
17150
14482
32461
16143
20860
10218
13819
32180
16934
15392
30490
7091
1191
21012
285
10486
23888
3844
24657
10474
20752
5045
1832
2464
17786
8772
16417
24415
20507
6306
31751
17870
7847
13206
32116
9551
27879
31228
3419
30255
16601
12723
3007
28163
30413
1124
23426
21524
27983
8071
13478
29163
8373
32152
5346
26847
15118
23294
3906
23979
27789
15044
11054
11013
26370
361
12700
26441
5795
16426
8068
32284
32700
12375
18793
1340
32408
24426
1119
21245
29210
3635
6421
16718
7477
16321
23097
13346
8708
23980
25810
2603
16142
12702
22342
12513
12106
1560
22112
30343
27899
32488
20669
8038
793
21159
4532
5635
15524
7937
17312
23900
7245
9518
1627
28433
30202
3557
22952
31429
25190
30232
19301
547
3083
14979
7467
13349
21317
5990
19564
19735
32468
24818
10488
23714
24477
30600
30044
14301
26342
19293
28136
6422
14444
22874
11626
8390
32947
3975
4052
5363
19537
31127
12191
23247
29127
17487
22051
13837
9965
16249
6212
6675
8377
14245
8866
22091
22532
30878
12413
3596
14601
19594
11147
30622
21507
4436
12496
31899
23169
17676
3881
1632
9217
21077
21397
2187
3495
19207
25088
14270
24791
59
6221
18729
28255
17412
30287
9126
23650
15669
4884
6350
27834
6589
18807
26969
13717
263
32760
23003
28819
24926
10858
9089
7545
8470
13913
8083
14765
19838
15286
13116
22111
2977
28321
31876
696
3915
16234
32839
24170
18281
18956
5502
10044
32817
25022
17483
16752
28545
7774
16841
4674
27483
29500
18514
17607
7182
13945
1651
7808
12560
25155
13122
32042
6631
16174
11592
30611
32079
10416
16280
25930
16925
16360
19143
1555
4146
11396
3390
4599
12396
11919
15667
28028
9390
22875
16854
606
20640
25840
12615
30121
4857
6873
10629
10082
28056
19559
31032
10681
28659
21308
12984
29933
26046
2294
9839
19148
18045
21783
17665
22213
11173
11845
3948
32100
25156
13090
13690
21081
1705
16010
19019
25158
24510
26084
1432
16139
18050
10256
28330
11904
13467
20939
14713
15318
32432
1770
18440
16010
22525
10241
27798
18231
7560
14142
6608
25199
19648
19022
8321
26318
7877
2883
6483
19131
9130
9730
13095
29027
1303
5237
21289
2652
14347
21529
2583
28915
4271
29574
4296
31090
2302
3006
14385
11898
31632
1924
2987
96
10238
11427
4784
24967
27359
2376
31820
20483
10865
24837
18632
1917
25108
234
1249
19512
13776
25962
22727
30678
28566
7759
20786
9743
20684
15403
17839
19440
4106
15957
10472
4612
2258
17996
29618
19346
31173
6747
3000
22218
1759
29649
24333
30285
22124
26044
4646
27376
18685
16745
7141
28828
24219
8330
21010
7006
12380
24228
25444
25622
11690
29476
18389
25766
14537
9334
17548
17873
1769
8330
17428
17765
27281
30083
12338
7278
1069
32501
11444
18289
10334
24763
15076
5465
632
31754
7452
23698
3273
16429
19763
1504
17140
30357
29429
21026
15765
29101
8745
19665
16328
23640
8044
22287
19450
30559
16396
22446
31297
24011
21263
14838
15816
16443
16153
1473
32634
8491
16851
11447
20583
14737
9633
11306
20308
14877
18932
25533
19653
28148
1894
13270
15926
14657
7365
20364
17079
31937
15486
7551
8421
22745
31027
11435
9309
2958
17775
4424
14868
32529
21645
11010
4178
9821
1745
12031
6653
30870
19006
1770
12386
29992
6415
1724
8086
15545
10889
10161
26722
13180
10933
6270
23117
6875
26900
30661
18267
11080
5322
6010
4612
24344
5261
25046
7735
4573
10575
22589
18341
30302
4199
22158
27050
15981
375
20582
18021
8836
23982
4682
19689
5645
8548
29623
23021
26053
15206
11439
24758
30053
16128
30659
1540
23461
2687
22599
6641
29324
7313
6151
30094
17248
26955
11796
11888
12982
31802
17274
12847
31407
16046
14809
5816
27056
15392
230
13408
31108
1637
3222
24624
10376
31690
23255
31441
21954
32007
16682
4397
5199
26608
31656
10452
512
28086
30776
26224
6824
149
32947
3488
14213
28358
26308
31185
8200
27141
5119
28667
14578
21277
32469
5159
23181
17791
22337
7119
11981
20337
32323
30925
19225
11147
30670
13325
9066
14917
1943
20399
7958
18804
12356
32388
23873
1435
1847
2730
30386
26198
6486
8498
15453
13138
21377
20055
9522
18616
7831
32297
17361
23785
22084
25399
10623
20683
25915
8643
1786
13442
8036
31432
24582
5994
26179
9598
22721
23928
1925
16662
20561
3416
7119
27073
13704
14288
7493
29698
30489
27140
19235
6604
31946
8035
9795
16310
17461
24143
9332
31668
31645
16514
21764
9815
17514
18555
25546
9100
28416
30000
23586
6953
6178
18782
12422
27051
22895
30307
23453
10806
31006
3733
17530
1964
12820
29915
14468
8535
29303
30241
30997
31337
14253
18745
5666
27440
24942
30980
9006
19088
4827
22009
1275
24184
25033
2140
806
28318
15238
25744
8142
27806
24343
30159
19137
20181
13563
6221
4426
2645
1040
30573
27914
18385
14176
30139
4314
20840
27687
3977
24171
31422
2492
30701
27531
25382
13370
2991
4981
15220
13313
26265
6563
21206
28350
9159
3402
16003
31420
18709
5553
16620
22789
27472
2727
21735
31817
7573
15489
27082
22105
15069
9861
10172
24889
13090
25535
18399
8960
8267
12253
24290
11053
11499
17656
24491
16184
17168
3386
22601
24345
15400
16710
1752
29433
30677
8304
16254
14948
24225
15506
17106
28328
18709
17328
32724
27076
12659
6082
167
28392
9595
8731
12651
15869
24938
17714
8336
640
30575
18877
23181
13608
23696
32844
23357
27641
6777
21833
8371
31717
19804
4762
4829
23255
17316
15936
21643
2459
10539
23112
8251
19685
10188
13004
32965
24508
29699
20685
7241
18267
16760
20758
27185
27860
23818
14328
17512
30713
12760
17606
23170
3521
22907
18076
16093
28955
9535
17385
27797
21225
7616
13614
11110
17116
18809
3138
31114
31296
12752
13891
10258
30204
1318
13387
31689
6225
11106
10413
21524
21365
6501
90
9702
26762
22448
4365
15224
7927
529
5151
22526
4827
32469
10191
31828
32721
6127
10682
9375
17213
22087
22587
11472
4097
19182
16951
1915
15100
27469
27727
19798
21528
2493
8563
9189
9366
19008
2704
19834
26888
13439
19061
3025
619
23614
15656
13146
2303
23386
336
26032
13005
11506
11454
10054
4676
10515
20669
22993
20911
29629
26947
19009
6198
10563
26267
10433
19528
22248
15665
32581
23954
25413
20737
8235
10247
18567
15412
32251
3179
573
11752
18360
7269
21415
2114
20776
26177
5153
29627
31616
30760
28295
13396
28617
30357
29891
26135
3719
32516
11346
28156
11895
696
17909
30461
11888
3889
8276
17143
14043
24369
21204
31933
2581
28250
3832
18930
11339
24374
5117
23499
30052
21609
13832
16175
1226
13767
32667
11388
10274
766
6516
29183
32884
31304
7342
26031
31708
551
4840
31886
29934
25820
22844
18245
25713
28271
17987
15947
10378
4733
29131
15970
30929
9544
10610
29215
31040
16961
10092
3340
27328
13434
6129
32995
7910
5203
3818
31329
1067
21508
29953
21180
18881
250
14296
15019
23753
3111
18250
32000
22121
2954
4510
20580
32626
1800
8219
19976
6928
18750
21461
13852
2211
16373
10564
982
17715
8608
14629
17176
4496
16260
29866
17294
26359
12900
20997
19994
25752
14609
29947
24494
5668
24226
13595
966
1957
7158
8829
10903
13117
28571
2207
2760
168
5729
9083
21483
12846
31001
17492
9200
17120
10531
13543
7655
23516
31809
6559
16727
15924
5086
16504
11464
20736
29617
30013
21345
19452
24236
5590
20279
28148
13060
14273
4524
20915
12972
3120
32807
17987
10362
18587
4797
5663
21718
23116
11243
23509
21155
24569
1943
999
19347
26831
1547
9024
9315
18137
7476
23420
24432
12768
1197
31216
9756
18980
10451
1848
23017
28793
28117
20895
21281
24589
9947
6305
2256
8453
3175
30181
14470
7896
26372
27150
22997
18331
16937
24936
23579
26019
8722
19072
23588
25329
21812
25125
30688
31687
21731
23946
16060
16233
13354
32637
2744
16207
6877
13353
6972
30623
11670
30168
25120
17655
5907
28925
4062
17496
18961
2925
2134
30222
4591
18421
606
31851
11529
23519
28140
12652
23038
25438
4642
892
27361
16329
5932
23468
32937
12949
11248
18300
28621
25586
1043
866
22352
30799
9596
30785
20164
12650
9455
32670
19166
31952
14713
15828
22710
27778
21947
10863
24770
25400
12117
18509
18822
18584
24928
7697
2554
1919
30087
23537
10839
13424
2531
23479
21247
42
18594
3140
29840
28003
32724
13856
13285
9539
5577
14175
970
25547
32034
25197
11737
18524
11770
10218
25054
2860
15841
1
26163
18980
24774
27290
16257
3237
45
8895
7940
13728
9116
14724
29721
27596
32206
4471
28846
2018
30827
10951
19094
29221
3605
10882
10785
25470
15574
17142
15068
30955
4083
6392
18873
32959
16903
28323
24566
30253
6581
5353
24210
32238
14895
13005
24338
3522
9308
11120
7999
16651
241
11650
14088
2477
3447
11129
21628
13977
22996
3245
29028
25321
6817
2828
31633
24070
15944
31449
3642
4005
26487
7502
24367
30144
5397
31363
13911
30520
31400
21087
30146
14712
22593
27339
19260
27941
4245
294
10855
6970
13400
16379
29091
21760
3512
4119
23709
25979
30819
32382
20226
27791
32494
15309
28486
11689
4364
26330
14365
5362
17375
5015
30604
18558
30678
29542
31421
12427
17834
20390
31558
18181
12198
22412
15229
4550
1363
14525
6506
1803
25430
18231
3977
32729
25479
21984
13306
23846
16095
15878
28999
27221
25276
7293
27433
18297
6475
26399
3079
15194
12876
10237
17181
31838
19891
8372
8789
15046
25472
27867
24692
3841
10084
10120
10731
4391
30494
6643
32256
20963
29985
30467
29513
25620
22540
164
19269
10693
671
16025
29151
16367
14876
23094
9831
29040
4617
31319
18151
26605
7481
2852
3423
26587
7681
28814
12597
4915
16894
28059
29205
17620
15801
17845
8168
27779
30187
26728
2388
18381
19243
618
15960
22309
9521
24510
12514
6312
7486
1177
10487
16750
7490
32445
30063
6011
26994
30107
6546
18475
13964
3371
4691
29573
10616
21016
21999
16062
8157
22783
32010
4854
11660
17717
15407
4872
18109
5592
24345
28322
16005
11942
15602
19357
24913
3690
19519
19646
15161
7645
7383
22803
18635
25544
4703
5001
19667
4312
16635
32002
8541
3786
13890
32164
12903
1902
32774
11012
2245
19921
1463
26074
16978
16314
6468
14270
359
21222
6613
16184
27116
20670
24431
24717
1297
8246
18821
24733
12055
13169
32703
4018
14887
21024
17858
24451
31143
28241
11764
19798
23933
24276
15042
4788
32113
25945
15616
10637
475
13997
2763
2813
15094
19148
431
12887
26640
3064
6553
26901
25758
30711
2488
9474
24361
12243
1876
24078
2087
10650
22347
24857
2328
28078
4988
5899
8558
2407
13210
13199
27335
25596
415
5592
18963
7113
31154
11364
31764
10738
20798
9501
11566
15558
9289
10542
31957
20951
16406
19003
22445
6637
11367
1681
5603
22290
4986
30172
18966
1128
31214
30719
13072
447
31315
23286
28527
10451
24692
5520
17914
8193
7746
5681
20498
12866
30974
20531
5408
19561
7050
23100
31701
622
14500
10018
17705
14261
1696
5563
8555
20161
5313
31778
4842
5329
6348
3219
9278
28548
16298
29296
1654
23529
23656
20764
19311
8944
24476
30780
17493
30412
93
1966
29953
24865
12663
31825
26527
20450
27234
676
11931
28860
11319
31467
32960
4151
29575
6307
18196
5674
10063
6959
18955
15109
6315
20115
18087
3618
17702
12077
2857
31349
19915
25732
22183
4083
27428
20545
30081
7150
2108
10730
17489
27526
1755
28037
8255
13836
27950
19282
3702
32936
24392
28825
32559
3666
12089
17794
1151
10069
10520
9827
32952
31951
30168
19060
32705
28926
24293
12766
9731
6669
9434
30770
14817
14995
9985
13103
21530
31061
17070
30739
31119
7369
11608
28730
1483
17147
7636
3941
26236
25709
13567
13553
12709
19895
23312
3736
13333
30895
23561
1037
28080
114
3720
24329
25151
26560
9278
5434
31134
13285
2354
12915
21827
4091
5707
24279
22686
24581
26633
4359
5209
20879
12423
20747
20285
8097
17615
2861
150
22890
3353
16761
5564
28217
27170
5680
10768
27951
14781
14484
25695
19577
17384
21862
15334
3393
414
27619
16514
21331
7700
3181
16058
13293
9074
7054
2532
6152
27273
10231
13104
12252
31411
12718
10645
11407
18499
7318
31430
11653
20234
7928
26721
12012
18435
10128
28332
9551
2804
26274
25732
4370
30329
25267
23787
28309
583
5908
7485
12449
24881
8657
30567
7199
4459
31904
11813
4568
27089
6253
31479
23927
29202
3747
6959
31475
23815
28892
24969
3872
4994
25041
3271
14053
20596
14093
24920
21585
9087
17587
17693
3631
16085
17305
31248
6184
23267
12588
9609
4695
22830
25482
16214
12271
1152
1327
6158
3313
15863
367
26218
18402
30803
29123
15552
4689
27833
31190
22862
26215
30128
5639
18095
26438
23279
13625
7293
1220
32778
25797
32820
29833
9127
15857
13679
5971
5169
30050
8513
17987
26528
21893
26401
6088
20371
24612
31251
16482
23660
500
22215
6897
21382
4018
27745
19028
19677
1294
7876
23061
23265
17023
14915
3073
7425
2782
5390
11709
27696
28247
20701
27868
8367
9298
116
18678
10511
19688
11619
21507
15032
28033
73
18693
8395
19386
5357
16650
24593
3043
29024
28312
5678
23599
28066
17076
20350
24245
22759
11267
2026
4643
19246
24497
9286
2362
30606
31784
15546
25812
1141
5064
14427
25210
24391
32765
6110
4738
32311
1238
25744
14918
6989
2034
14557
752
23476
23357
14091
13913
12871
26360
30058
11281
23823
25710
7082
9136
13051
13954
9761
13155
19277
16470
8151
9690
24797
28239
22784
18735
27652
19052
32950
19705
29511
16973
6880
20462
32174
12929
24812
20863
5136
9727
7860
17949
22605
15910
27239
15777
19144
22520
26815
15857
22414
29409
11202
5287
7487
3213
24231
4603
1352
29400
21663
30977
16563
11711
3798
15277
21404
11339
31228
16835
26824
31182
13149
10483
6244
32582
28169
9065
22871
19326
13472
22171
7149
23892
31486
15131
12906
5189
28471
32852
10943
10492
32255
14010
30691
30666
29280
23058
23721
8840
3113
11896
32706
25216
13272
19696
4783
20465
28068
19012
1518
32992
21057
19892
10126
4315
12944
20643
17048
14650
32562
14262
24636
15543
23258
9368
6549
26668
3308
1032
1802
1955
11366
32564
29874
16552
31057
5719
26563
14267
26748
29637
6888
12834
29461
16032
4092
22236
2332
5739
18663
5999
2271
1627
15812
31051
31940
30494
21260
16144
17334
7187
3251
15697
6494
8457
1380
796
1221
10716
7108
17577
9548
22946
14560
19080
1233
27203
17332
4832
20662
10023
2482
26658
4327
5025
17475
21108
8720
16953
22436
22409
27625
16976
18119
19605
9831
23468
23453
7615
4528
2915
21414
7535
8634
309
14429
28503
12920
23762
18
27333
1954
17866
2773
29974
10992
29643
8892
17415
17868
12749
25569
3805
5537
27242
20371
26308
4563
1633
11071
29541
32972
18825
31700
27832
6032
12106
5800
20585
6790
16720
17713
30407
9476
15529
29500
19423
10622
24726
260
32311
25554
18406
7127
29647
32075
16221
7467
28146
23519
19235
2824
28841
32127
17937
13266
8289
804
24127
15302
2051
7160
1009
14966
3585
2224
10704
23339
32201
7420
29140
27382
12058
18911
10775
10083
17490
20506
24173
25890
18906
27808
24080
4939
16657
1821
335
24333
12997
21728
16166
25724
11745
7394
10106
20757
23768
29777
15731
3303
25584
30198
7299
28487
14593
3080
16901
14327
12028
15730
4511
5445
6793
4280
31698
9316
1968
20313
30016
14465
17041
8713
16389
4580
16759
31566
27005
17569
9408
30877
32605
9034
15976
11433
20758
28651
8786
4031
22429
14745
14368
10872
28838
1440
23746
8612
17078
10663
5770
5455
3351
30330
11192
22299
27646
24324
28562
7450
17488
4023
15715
19414
8715
26786
16948
17160
31226
6765
12865
29497
22136
26892
4058
16991
18966
21694
11289
5264
20919
27169
28379
31124
26504
17803
6831
28066
31797
19591
32540
20810
32751
25187
20016
19570
30834
26642
10802
22631
25138
11171
26393
11322
14949
5612
22198
27132
13547
13140
15435
27887
27651
14220
28463
21507
29568
15945
378
26434
2288
24130
17379
18017
21028
26392
3009
11251
13723
10958
7469
30163
24994
19958
14671
11566
29550
8742
18296
32306
10386
4485
16876
8487
11548
7886
10866
26609
3073
10136
22524
19775
22945
22007
145
13331
7869
27491
22234
14310
5709
24754
4938
25871
7374
6701
8030
22680
18233
9748
16747
19886
20422
2231
7415
29211
4503
9866
3496
553
4689
30971
19753
3564
18349
9035
23083
32853
24766
24799
22040
3951
4562
12323
2427
8232
14955
27370
12315
14142
10760
25332
9285
12099
6228
27043
23041
18950
20784
25964
22837
3159
4940
2671
1366
8551
13056
29883
6
12378
193
22538
21511
1098
21888
24731
24325
16657
3148
6754
28793
24915
2183
21680
6825
3637
21934
4080
32701
11630
17554
18088
27525
27672
15404
25008
31311
27907
3982
12106
23924
14095
8716
28421
5898
23771
1936
22064
5932
16599
909
23768
8605
5090
11012
24854
12099
32905
22378
21480
24960
10429
7795
2714
8253
5055
29999
4873
28295
21339
234
13516
15859
21662
13442
1231
16901
6774
4625
24277
4260
24317
707
3137
12458
2640
15161
2769
12631
29026
14323
16992
9301
11328
14165
29879
17031
21385
3624
4943
3114
14708
6105
18173
18773
19542
30951
17882
2213
30278
22222
25662
6641
11935
6304
9745
28341
10586
2499
7069
28090
10069
17550
29179
7073
16067
10269
13225
15304
32921
2116
2517
3670
83
3327
16897
16576
10521
22168
347
28910
20129
2882
2575
21151
27810
30466
13763
8593
20218
9102
15135
16854
13101
30966
31519
23080
16666
29678
14102
16676
16627
6989
28400
12436
2762
11672
4869
30471
2507
23408
29853
9403
19450
8322
26604
32027
10017
10829
10156
11291
21501
12878
14681
5144
28166
12047
30205
8405
28993
32950
32601
23231
10500
14841
18420
30922
630
25464
13859
24853
1800
20667
21341
4945
20044
11874
19930
28655
8376
17523
30904
1583
21767
4254
9257
10956
6613
13781
31612
292
13908
18639
23238
20006
23568
7524
29285
14396
8883
16602
12161
22968
27517
12197
26847
1635
4380
28678
31012
5616
10836
28490
6362
16560
9996
23755
5514
13726
1469
15868
23566
6554
14735
14070
32745
5883
2289
28528
28022
10893
25733
14683
27594
6163
24846
24155
29551
7038
26662
13481
25245
8075
23633
24077
26175
20802
22688
27065
27432
17394
17578
8553
11760
1035
22086
13103
4687
27572
24165
9075
19812
21682
2839
22631
26690
17442
23397
24592
5344
23949
31559
23888
22987
2794
23681
2089
32843
14626
23318
10796
10135
18549
9489
19008
9445
26602
4716
16006
1594
22187
13376
13112
14994
14118
24015
14890
4437
29728
19153
25392
11711
14773
18353
14439
19729
9803
11579
32417
17025
29412
31092
7392
31083
1969
2398
22571
17850
28899
25959
9270
3576
25917
28645
5795
18581
26014
29360
12367
4535
28667
11147
15864
21591
15697
11937
2194
10124
5512
18536
2713
22614
19003
23221
3680
21673
16491
8084
22080
24291
30219
30497
14532
32500
24703
19656
10161
16889
27990
4613
19179
32045
30598
20289
13499
18741
26182
17818
32925
18790
17302
7278
