3701
6454
29283
27382
6620
7564
13700
19821
26898
13915
15608
24755
7823
14140
30242
21480
25029
18453
30275
5911
21131
6267
10363
5188
4946
30210
920
4755
16047
30060
24901
21039
13505
30393
14343
21019
6733
12505
22905
5848
11958
27659
12295
20140
6368
4505
22231
6571
1475
25131
13235
25173
7540
18508
27299
20788
25023
7332
16256
16399
9737
27843
4795
29000
26194
8079
21324
19911
18832
13139
21199
6201
4030
21852
30008
16961
7091
17248
4055
23936
26039
5365
14247
2628
3649
1732
28552
5387
15307
5888
18340
11530
9727
9143
28375
22062
1875
2787
14223
5710
25143
22213
6811
16267
20439
22440
13552
11789
26884
11357
9734
17740
22093
1232
26218
22192
30436
28518
11597
1381
787
6530
457
18638
30868
20787
6915
15788
25016
15010
23684
18500
12295
21565
25369
24555
25998
22132
30035
9710
22351
9381
5473
3930
25450
18176
9969
30484
27562
4561
6445
14703
1810
15789
5618
27192
21733
14690
11876
14271
1941
1120
18286
20756
28476
2918
14550
24380
12542
5707
2956
14567
1776
8122
25394
16198
25201
13209
19999
15910
14230
10078
13358
3452
17228
14701
15092
4404
15974
13059
11127
5802
12839
18160
1841
10364
9657
1269
17236
11778
26436
9402
30223
21659
15962
6866
21231
18405
27239
21702
11065
25945
638
26282
22667
20777
30366
6344
9954
9838
10451
21559
24438
10722
585
3551
762
26215
10412
22228
3944
16058
14755
23525
30401
17952
22714
24064
30154
6203
15598
25508
23090
7160
7092
2938
18200
20729
1579
2048
24673
20330
8464
6099
10519
20874
10783
1329
29381
30640
27919
13265
22519
13167
1735
1495
13846
25688
1964
14608
4801
13346
22948
21838
15999
20865
30125
13672
11113
14720
7695
23770
12125
7804
16992
20580
18428
22406
27030
13113
7341
4892
23863
8295
29331
26758
11604
22229
12833
29744
6652
2806
13142
7224
5677
19193
124
12886
2629
18906
5506
15123
26990
14193
10585
16919
2672
26021
18827
3123
16225
26572
26831
14400
14927
26649
16753
29362
21918
11243
27095
10444
30421
2294
7551
19945
4051
17273
12828
20804
631
16067
15263
29709
26045
690
8449
30505
18500
5594
30494
1772
13572
20358
14054
11830
9941
10990
18542
207
24986
18045
123
14832
17381
7005
5118
23936
3348
17177
8467
7847
9985
14367
12676
18827
12599
1553
18098
10300
88
8567
20019
18054
14571
22370
29783
23171
15507
5463
18732
258
26907
21246
17586
3096
19606
6829
12761
1753
7979
25942
7806
20419
1973
4331
533
17176
7768
10489
2264
25470
1183
25096
13661
26396
20403
30621
15853
9563
1878
21289
17449
11190
9886
21314
9623
1872
21357
1876
1819
8401
23124
29420
26529
23996
23144
20361
26398
11616
25669
23095
9710
18961
5967
17393
3311
5618
24599
29170
25741
19370
9778
29057
10687
8480
28566
22863
5903
1756
14221
10365
30663
14563
22012
21326
15207
21414
15637
2047
20651
24928
13809
7295
29008
12818
15090
29687
23335
20437
29107
11031
24970
5427
10819
30977
2900
25947
934
4591
28742
6695
7844
23692
3283
10940
17166
21449
12196
14653
13386
6519
424
7307
7480
18884
20627
3269
28788
20500
632
19488
12052
3197
177
15348
1812
12023
5907
30651
25901
6398
12038
13647
12356
16966
9986
7198
13782
5377
29214
11644
6697
23255
14593
6054
7214
2859
18523
5302
14611
1190
23694
26080
17717
26355
20078
26296
7562
12206
18903
26837
2900
7690
19854
30462
18562
30597
4320
2792
25889
19626
15374
10649
27823
16266
18
8700
18648
18960
27579
3905
30401
20632
12996
24648
2098
5059
16204
18410
18073
26090
25854
1397
5417
5436
15112
3114
22178
18351
112
27868
15929
11935
18914
19358
8152
12581
9135
23033
22097
8070
21664
24018
1195
11982
16864
12813
27919
25890
22007
23464
30533
2968
5035
15565
28775
17955
408
19189
4303
24518
28656
11510
10780
22780
14134
10385
11440
25746
18204
6210
1189
3706
26829
3741
23541
22885
22317
28081
29161
29380
17804
29868
15305
25282
28145
24547
6307
9329
29467
17556
7766
3552
5859
30074
6838
19590
29261
14716
1018
15327
24206
30707
14912
28952
5423
3029
23915
28639
9319
19803
7755
25668
6903
17803
17699
9294
10038
19019
5791
8195
11717
1483
25052
10400
21285
10797
20593
9473
11892
17148
24339
1494
22039
20470
18607
4371
1105
19744
27265
25634
5490
26300
27201
12582
7627
15993
8093
28231
2605
18560
1921
12821
18089
26910
2690
2018
10050
1499
21227
22169
5647
10501
3791
19541
1668
2857
7597
13352
22720
16792
27706
7385
12106
1186
18296
14336
28356
20178
23011
13089
25578
4670
25276
28714
7828
1545
8535
20107
22142
9318
29335
30345
12921
27347
17314
2023
11738
13360
2543
30442
13256
1147
4235
14024
23731
27449
22371
8756
20688
25954
23275
24160
28361
15602
21733
6007
25521
3224
9254
15853
19469
23085
25490
19174
23982
30930
9471
7232
5203
9822
6135
27823
22996
14307
3760
2563
12249
25436
19406
26783
22032
26773
1855
24208
29198
5239
26551
23072
5196
26966
17410
4422
1515
18121
24823
13900
21459
21302
2676
23837
20364
18263
28979
20345
23184
19469
17628
28254
4248
4007
18061
26852
7802
2423
15629
5485
3076
29089
7150
18728
13643
23553
3600
26745
30724
20744
2626
29390
17099
10779
18035
8312
30154
9080
4054
2780
6529
69
8293
8965
29860
12063
19709
13840
5386
17036
1663
10876
9193
28917
10606
28756
18031
28372
2636
17130
28604
30974
6959
19033
22403
18596
10537
25487
2599
4684
28717
11749
28034
27103
8357
7357
30881
13183
17145
25783
21003
28855
23809
13160
25576
27247
428
12519
20527
13602
26137
26269
8855
25917
8402
14153
30767
17311
20097
1933
22641
448
19875
7504
5561
695
28817
13425
12067
29107
1765
14084
21706
5774
24777
29125
23269
23857
18531
8246
6493
6040
3652
8782
29457
27852
19464
14937
26778
22454
16873
16358
15138
13679
6812
4393
8415
21625
8741
27956
17470
9920
15549
25388
19499
21219
18913
29855
26844
12634
5719
12661
22037
10963
16114
28162
23839
25508
13300
30478
6801
9991
24211
27254
25288
7845
2484
10883
6026
23808
7972
28372
19247
24778
15270
18419
14416
15275
17710
24090
11418
275
19604
13624
13508
5557
30709
16011
22707
22451
18923
14915
26767
28620
28980
23953
7286
6887
26816
21859
11590
26498
17795
29165
24264
13931
8859
13709
8616
11395
13836
30482
23529
11010
7623
26066
23509
17171
273
335
6962
20917
26071
4509
23608
15938
24888
7363
25751
1960
18355
6532
6206
29673
4270
14201
182
6058
24704
22997
24181
18989
7719
26684
25046
58
29307
22808
25149
12777
22324
1825
16920
29613
15038
6000
15250
26445
8362
22449
6641
17548
22041
20923
20287
2155
3305
4926
19109
20824
11882
11591
16179
30078
30714
4442
12469
21800
2596
13149
19528
18067
25552
16677
16506
17391
2692
3416
22534
8353
24887
20110
24975
840
7094
16364
16044
29610
4272
10942
14362
13171
7652
12625
27143
1354
24938
11714
3906
7047
2591
26638
19625
26948
1498
29335
13922
24952
6859
5296
8010
23298
23308
8566
28404
25360
12383
30810
30714
7635
19766
12975
2687
29662
18666
26213
9445
2708
8811
21783
12321
12132
22623
17487
18372
6490
11854
8244
30293
26347
26801
14069
12114
4556
8362
23901
4542
28735
25487
3883
27860
21619
5689
3972
22777
24366
14385
29215
13152
20418
16785
6565
10175
4522
18952
14995
8478
2096
17535
14286
14616
52
14505
25770
6450
30290
11656
7591
28592
9313
3298
16064
29895
23788
19283
473
22821
21214
16835
17732
21132
19903
4376
22808
25206
17069
6614
18976
27731
28297
20683
13179
30493
8192
17128
23820
6412
1234
30265
9712
166
15210
18685
17280
20846
11098
20736
29698
1581
18259
2598
26016
4822
24790
23323
6365
10555
14546
15582
27591
28758
8018
18188
27902
17130
30682
10272
13775
14671
19342
10904
20021
14924
23967
21915
10629
27102
6435
26502
24676
5351
11336
14950
23231
30298
797
21111
13527
21619
4588
4851
6495
22267
3696
20039
26139
8105
14119
16455
10839
17341
15660
8666
21361
22453
7116
27848
4500
19714
3410
19823
15441
6765
17977
5525
23940
6587
14374
24376
15433
2000
5744
8729
21378
24040
11501
23952
23646
27816
16754
27832
6071
17610
27790
8739
12111
15455
19932
10776
16896
26071
3995
26872
11447
21509
3507
10201
4484
10894
10062
8506
25729
20848
11873
24445
12060
6806
5734
13466
26035
1177
30751
7576
30227
29115
5409
26102
2741
11573
10931
18328
23622
11257
29769
12261
4113
14049
3849
13141
1859
8286
27961
27128
29458
5581
30707
17858
19515
27772
1191
15682
10839
23218
3771
5458
1
13652
17385
13025
12454
8587
7901
13779
258
20371
29874
12402
12163
20615
26576
20950
18540
24352
29668
28072
28152
29357
5115
22068
2609
9779
24700
27292
26932
21821
23762
11026
13131
26864
28402
2958
29815
901
13439
9781
935
18465
224
26242
19697
30034
24611
806
6516
22095
19624
11468
20344
978
15005
2831
4491
18418
11577
21124
3592
17952
20910
14156
12510
8339
4616
21106
24890
335
18613
23443
34
11921
30320
19851
29288
9685
9822
8003
18855
4728
12476
29608
5548
23082
21099
23296
12156
17179
14250
7038
7614
6550
15102
9621
23325
27850
12799
3928
28781
4509
5074
2472
18903
12028
3487
29375
28570
9502
11918
12057
16944
18830
16947
22594
26802
18583
23763
66
25
25386
5098
17997
3306
738
14939
12960
27789
353
17939
12374
6315
21403
3410
6672
15497
21944
30535
26610
30509
18544
22286
25922
20748
21814
10481
1916
19669
4639
1121
16993
7982
2292
1927
26831
9009
27522
18035
9905
20202
22259
25624
20046
2888
20638
5650
29967
27821
10273
30677
27426
6508
23454
139
16548
7902
11460
12889
18355
30617
6868
24744
23426
21014
30644
4539
4997
14725
7569
13937
30644
20007
11453
26513
26045
12120
23632
6077
25906
28919
1074
4397
14665
6787
5662
28896
4770
11067
30051
6169
22883
4050
11444
20284
7592
17558
19719
26708
15398
6932
20707
26546
2918
27481
9594
27020
1207
14079
27598
20535
18156
4442
16376
21978
10741
18718
16347
28578
8489
15823
17231
25731
28920
21468
22498
5210
9199
5553
7417
11372
13357
23256
11156
14521
19138
30356
15687
26723
24552
24065
6300
16821
1241
179
21070
15402
16407
22665
24801
11028
30651
5118
23165
4693
12318
16228
23042
2709
7707
30797
23229
6808
22253
24983
22952
27955
20580
15131
6583
30459
25779
11979
2942
19970
18933
30565
9945
8968
27102
13137
10132
25554
4110
667
22361
27281
29992
23077
30687
29473
1225
18060
2679
19324
7427
16260
19922
6203
9417
8731
5399
17384
17789
8008
10641
25283
12573
8638
4044
8919
8069
21144
1616
17104
8637
23499
15558
25356
4211
17050
26159
7707
2428
28858
16764
13052
10859
22763
29264
7685
29116
736
26810
17174
28194
27307
27671
24299
1932
22840
13348
11333
9383
8876
21729
5044
461
10097
928
28586
14659
18441
28141
9534
28696
21173
5384
10140
25417
6841
14093
29086
11385
9661
28965
29329
14390
15538
3429
14103
4839
25511
12356
20300
22657
13520
8771
9279
17
9506
16173
23255
28859
14365
9861
12055
9273
25982
1366
7392
16288
14056
18117
8465
1021
19407
11092
18781
25436
26857
21336
16226
328
23176
5769
19081
29231
8400
24298
28287
9165
5162
19150
2911
26729
1867
3419
5505
17404
11700
3131
3435
12685
8550
28988
27643
20002
28922
14033
2550
16794
9242
21210
6696
22925
29919
3775
23904
7212
13376
6426
12375
14565
17852
25353
20294
7839
23213
25259
15289
6140
65
7354
7859
26324
11758
20550
26623
30662
23625
29227
6000
4866
18914
27073
20814
11265
5968
15361
28789
26486
25797
24775
23308
30686
19293
1098
28327
10458
12729
3217
22130
13718
4290
20808
26522
29769
23116
13696
27401
13285
28881
6676
6902
18993
454
17767
3943
25497
13846
23139
1796
3031
4305
19285
17169
11859
2889
13780
21704
2950
28577
65
23616
6900
1611
25720
28670
20128
6532
26596
14406
18721
2861
29664
7342
11066
6473
24122
22863
22672
8494
28178
20577
16452
4074
30376
20235
10560
9812
3388
9219
24654
16915
25503
24920
8060
7255
17143
24793
8092
20322
22951
4081
15256
17938
20453
21130
27483
14047
13580
26899
21674
10307
14290
25184
18281
23723
16388
20972
18962
2153
17670
7478
23424
2458
30719
15685
25465
17243
24896
22832
30330
30731
18261
8751
20373
12764
15316
3064
28662
4884
1203
10903
22211
15499
2862
20237
81
24368
27901
17459
4835
1452
17132
10051
25342
18122
28917
20963
19304
21770
872
2072
25222
13505
8522
24163
26829
19047
12147
3690
12424
24716
10361
17309
24384
20727
27315
7995
6810
22061
10744
18738
23433
22707
29773
19415
1045
16560
5653
3911
1508
1073
914
3187
11116
7762
5130
4481
17386
20846
5046
7621
22525
76
22044
23572
18980
22478
1636
29736
11070
11302
27823
15373
17480
15344
30803
23286
2280
16878
27491
18181
26777
22820
4763
29174
24407
3257
26618
5550
874
20030
15008
17949
26880
30238
11447
19733
16571
17394
25302
10494
14585
13760
16703
28056
23730
12919
27402
13084
5421
16370
6115
26128
28107
22391
9703
540
8789
7186
10764
15957
2944
23490
28718
10206
22174
2496
4285
12846
16225
18488
24220
11763
20977
30078
17709
1352
26349
21358
2711
29389
4454
2903
12169
28604
28886
25573
20905
27675
1896
27153
3501
28611
5633
9224
26491
8540
28747
23877
13692
4587
2667
20659
24411
18681
18921
24283
20307
2905
20388
1983
13310
11989
28040
21729
27498
26085
3535
23258
5365
14126
24788
26963
20530
27635
17272
10521
21508
20971
1811
10505
17535
19598
17572
2792
30358
21757
12092
28005
1134
30077
22012
16966
11586
28216
2879
22660
19704
22512
11193
30204
11016
21408
463
25930
20317
29666
29257
23972
22844
14326
15410
576
12506
3798
680
13459
29802
15379
28551
8696
3891
18706
9600
4457
28183
6113
6366
30196
13280
25929
19193
12677
22358
16319
15675
5668
24940
9354
10168
4683
30720
16739
11187
17735
15800
21292
4972
3960
16498
11687
21966
23070
28636
6932
18300
5418
6987
894
24451
1246
7647
9186
10210
338
22506
7997
2150
12036
1233
13850
24450
15795
17267
22341
6012
6840
29863
11374
16139
23802
15475
12813
10572
20740
14551
25902
220
20317
20999
18153
16016
26276
25999
1578
16512
25598
8649
21864
19618
23270
24082
6315
16218
10735
11978
13111
9167
2361
16666
19776
1641
8629
12496
29200
4566
26287
4094
21500
3309
17711
6353
18688
30282
1060
11125
16866
24759
19806
17846
19178
9611
23630
24145
1836
7372
28004
7321
10222
26177
27989
21109
180
28946
2999
10078
25574
16401
12594
7983
29891
12577
17028
11453
17589
21028
14017
17550
18968
24955
2022
2606
4768
6663
29168
24596
25246
12149
8406
20627
25590
30717
1640
24900
17985
24243
27138
18825
5874
3990
28793
20564
1846
17015
13304
15950
13645
3132
7631
23012
13384
2137
7561
16620
18270
26736
9017
3589
30815
24975
4048
7316
11924
2400
12326
1259
3328
24263
6443
30332
25671
20940
29824
15067
25482
28192
17414
17025
2500
19572
21170
5389
11205
20564
19836
23037
14056
20643
17147
7986
26202
14457
9960
2577
2274
15351
3003
30806
9783
27058
6701
8451
23539
20678
1787
6431
11834
14506
259
16033
6398
27161
7295
21411
25595
2705
13907
2372
6858
10764
23412
6622
13396
10972
22007
790
84
10356
1163
18865
12130
25889
25309
16899
23968
12255
16318
1179
6194
4168
14499
3643
11703
6039
12800
13364
23494
3779
24033
13662
23487
3567
16887
25660
10152
24758
6732
11646
7096
20643
23771
11304
3028
24527
15975
13872
4411
4356
12574
25117
24175
21126
23777
21267
5931
8537
15955
10170
23780
15574
2587
7718
10197
23431
4904
2962
12355
26881
4705
29830
29153
19458
23870
18847
21369
28856
27694
10581
30408
21969
4013
27712
7293
14088
23314
3923
15446
18517
24675
15331
16014
28342
23373
17217
839
25513
15796
17475
5768
18772
818
26281
2699
14443
17720
26514
4230
20000
8415
20463
13539
14729
12849
9063
5982
11179
2225
29882
4907
18717
6940
20434
25714
24911
28194
16131
3016
2321
17805
10290
1467
20048
733
8019
9289
1587
16013
17885
4670
27692
23013
10881
26984
3114
5701
2800
6672
9234
859
602
15312
2878
9754
15570
20963
26118
10831
11454
10685
10683
7289
15189
27721
20907
29084
6610
7849
10862
11617
19253
5557
9463
22198
7040
26515
23302
1213
23262
17343
26898
10028
6399
29207
30580
6881
21977
17134
16918
23432
521
3395
10074
12914
4623
11085
28456
23795
21535
30421
1183
19289
24076
27000
16189
25556
2207
5432
20650
3230
2965
24550
26598
6384
29358
2205
9906
17998
28522
23014
27116
88
26422
30620
24228
10854
28300
17003
26067
24376
26457
30130
22772
17023
30495
5562
8402
21163
9683
9578
6833
12874
25057
12585
20969
15690
1371
4135
29125
8099
22937
29983
30658
22996
26498
24501
619
24568
19024
18032
16161
8149
2673
6749
1255
1433
10794
18568
10547
57
3671
28079
193
21191
18830
29636
6922
23167
26017
30375
2673
17086
9377
28542
10070
23392
16640
7562
24124
11804
25263
21456
7061
10062
15102
11544
16861
27298
4106
22061
19411
27672
12472
23321
2396
8448
19208
6141
22034
14802
4981
5482
11138
17954
17376
16407
15043
7719
6828
28887
21906
18671
17917
13822
21339
14713
15418
16496
8778
30382
6881
26742
2559
6020
28113
22661
27063
16945
23475
23301
28655
20736
27602
25460
17436
15403
14641
2844
14054
7982
24907
19984
29123
27867
94
27446
27583
28368
8233
14312
5657
6817
27956
14741
2177
30554
16543
28968
9654
23726
8867
23634
23684
485
9908
27505
8114
28109
28136
14819
29602
9568
6113
19696
18265
22510
11270
13260
17542
5855
6440
3238
8639
6359
23976
15769
18927
24526
2726
13644
27725
11019
22980
12919
17406
19420
14249
29156
27833
1469
3601
6544
25179
16723
28489
8861
20561
2355
20937
11333
6747
19731
18882
27069
28465
27621
9647
27108
11612
9500
8241
28086
19983
22356
11114
4105
191
19034
14698
22219
29045
27653
28520
29078
13693
22968
10888
249
28015
29670
26971
14197
25570
15272
23548
7017
2568
6397
7231
20634
28093
25135
1900
15266
1769
3182
16361
8155
26421
12979
12254
12385
7722
30915
4009
24393
381
5702
15321
17370
11966
30987
1968
3679
23352
4378
24738
781
10803
5397
5450
21263
18077
23940
2348
29212
27391
30140
23405
14794
17571
11075
9262
23793
5820
29242
11024
24022
23286
21975
12009
18610
21884
21374
23652
21711
608
20836
13103
15655
19844
1120
26174
13896
4504
14646
18029
30392
8181
25201
30530
20192
23518
17797
13401
11424
7086
16038
11673
13688
17652
28744
555
9662
18211
1940
25899
21825
2774
28795
30368
1057
29577
16898
4389
4496
9162
15146
25770
27273
21406
3123
2988
24076
16897
27437
24665
17427
9829
15099
7200
26820
26107
21420
27932
29107
23264
21279
23186
2626
11214
16410
2456
25288
6460
18327
13485
13020
26728
16348
23935
269
20144
38
2816
11544
1088
10985
10778
18556
3101
24486
16777
27765
5296
129
4592
2035
26886
13733
7411
25526
5821
11479
28707
11712
22633
10212
14529
13775
21909
24352
21234
16798
