34980
21890
1004
33530
34225
25538
21334
32347
12916
15646
30467
26408
23139
29374
7689
26052
25589
5794
5977
19440
17441
9278
26020
6877
4392
10570
28473
32564
31306
29517
31180
19764
30180
20301
22635
24878
16814
32190
16530
16345
37507
9021
3126
29597
33586
34783
3119
22046
25321
23427
2414
20879
20713
2128
12894
18872
2316
38068
2855
13886
6243
29099
109
34606
11932
14920
431
10237
8225
23187
34931
9855
9820
4423
36975
20058
10158
21895
8139
24470
255
26500
19418
699
38927
10117
11768
10727
23331
26356
8709
37955
23180
24217
18270
27424
14129
29453
23821
35051
13044
38917
37703
14259
15586
14561
8947
11803
4468
3368
25027
3160
21355
28930
1979
12568
31656
17778
4414
14701
15969
19917
36623
21397
28888
17491
23781
27519
24565
2609
10488
22372
10548
9593
10096
24416
13001
2399
1870
18524
1496
33632
23705
28065
9737
18361
15306
25826
29528
13465
36956
2886
26411
28548
34290
22113
22284
14525
5261
31503
26118
5024
877
2740
19805
15465
2924
38803
14638
29140
28154
6616
19718
25586
34707
20988
12470
24668
8141
2045
34963
17304
2726
25015
7804
16253
35194
35748
19324
3916
7361
28963
25272
28789
4287
21239
34075
21483
14718
31919
29628
4149
31494
9677
23057
11658
28668
14974
1157
18624
18928
12917
33524
10169
22592
5116
4936
7651
18162
18824
9284
3507
21759
8183
9213
14181
34515
15201
37345
7178
2217
4936
8927
17294
38244
13558
6414
30556
35032
9121
28890
16081
374
24110
20617
30538
2174
30655
20379
23003
23999
13426
34064
17805
14194
11112
38507
13171
18805
3493
7164
20810
35771
4451
6500
226
30408
34118
11961
15077
12178
27508
35449
14258
420
5803
34148
28726
10124
29478
38226
32617
23796
10414
11267
8352
3382
5865
13517
34421
32216
14401
32776
8631
26654
14755
37414
31846
13143
16202
3126
27735
26984
6849
463
20440
2533
17306
3650
18346
3590
15285
10760
33000
30030
26607
30618
15768
15326
22350
5408
18532
29600
735
10681
20165
5544
35285
14729
19478
15789
30647
32696
13216
25229
20252
35999
36295
6102
8645
17438
26096
34153
22495
22849
23453
10688
23211
12617
2879
29688
6612
37302
14143
32346
37597
8018
36497
24260
15348
777
2157
20253
14935
30037
36459
38845
7305
37398
5250
15706
4425
35102
126
8295
35064
21498
22516
13015
5725
21236
3586
29719
14350
15317
14328
38266
14661
14209
16629
19774
7197
22459
28520
15979
2999
14407
18692
19124
24845
34662
33326
2062
13122
30380
21782
34941
33685
14301
3040
18806
9928
35038
5158
9143
18513
8697
34788
4715
1116
21768
20559
17785
28154
13706
36690
10860
15667
25523
20863
18358
16412
22149
21191
32493
18996
24613
11822
3175
14177
13768
21174
858
8706
36325
17318
29308
4712
25284
18758
33265
478
21251
6362
29451
24090
7722
4937
6900
27495
24572
12665
13679
20496
6518
12968
36372
38091
31228
35769
14194
13784
17655
5265
33374
4589
3251
34654
11634
19359
37284
12291
27625
14703
35448
15994
25087
30759
25447
13975
28006
17415
38344
32956
9795
32664
29574
11510
11142
10499
5855
23787
10272
26087
17884
5847
30879
24958
25660
3170
11277
25275
32116
10263
19855
3235
37161
18867
1433
34141
22686
11280
34535
23598
26769
2190
19870
21109
29775
11885
440
33600
29880
31833
38263
22633
9117
21018
37681
9145
1486
14918
27201
32424
13912
7102
32846
13534
21300
32970
12781
22128
36570
6401
29722
19546
22860
10066
25652
15373
4935
22624
18838
33790
12764
3781
1977
17243
15494
38502
28839
2490
21043
28367
38650
21824
21645
14003
22211
18059
19683
29225
8367
429
16928
17686
3460
1741
6469
4948
10745
35804
11642
23724
31403
29424
24319
7245
28283
23160
18209
31440
38093
2469
26417
36551
5084
35369
26414
26050
27841
29328
16026
10694
21683
6767
11042
21011
12720
29829
37399
5976
38777
10396
3698
7332
37827
31140
30685
13252
22442
18453
2028
36924
4648
35718
20922
23556
35331
26335
31903
31881
33061
15663
591
29068
28237
29483
8614
19107
27155
22708
32680
22418
14712
4276
8461
14318
33299
8204
28217
20262
5504
7037
28090
21862
18396
9961
3474
3481
35276
17501
701
24602
2914
11190
19244
4191
5753
8948
8815
29059
22512
26503
12482
29662
24706
32253
23246
9116
1775
15486
32832
17807
18603
16468
31079
14921
3220
10706
27927
38850
25929
11503
24730
16257
21989
30407
5358
35339
17707
32623
8194
22046
11468
8339
10330
32729
4220
24141
37706
38442
5698
31564
3150
23411
13062
26895
12560
10818
11925
7548
1603
8691
30391
38498
5660
26900
28322
8655
14305
8525
18951
13631
1378
33441
36922
23858
29475
11550
2856
4920
14851
28709
37065
28939
17559
37134
17172
17481
13912
21740
6706
14965
19619
19056
674
7409
37015
17389
32948
23626
6785
9503
5137
6272
37811
36672
31231
21033
26915
19417
9515
19473
14287
25249
1991
20607
23671
18045
32723
18103
33675
35044
23079
20231
23699
13326
18047
4545
23261
21081
27831
27300
2273
32807
19414
29759
22865
30327
37623
15771
2700
15662
33681
38180
29682
35818
23033
20212
11993
20779
17078
27588
2069
14694
10466
23296
2607
247
9312
36333
11012
32019
30384
2577
23078
30424
34920
34239
9817
30729
6365
16926
31115
11393
23911
25670
38670
22091
22842
1326
31106
35508
27896
5508
30107
35198
15284
7554
30594
17353
21962
20537
9383
15960
36067
12557
28924
134
13076
17229
4141
4755
27229
33173
35740
37870
28159
25538
8777
4385
24039
16657
21238
25052
4279
7404
17768
1695
34188
22578
30409
22463
32194
5482
9635
4884
2931
8884
15903
12397
38502
28204
16900
34416
17076
12627
2971
27530
8662
9764
23470
10831
19659
34920
31457
12511
14086
19799
23640
31613
7027
9268
24968
23677
11458
18331
19155
24410
17244
7257
5195
8473
5731
1192
11975
3093
29014
17702
13539
8408
15657
2801
23641
24722
9931
34513
31670
6577
31089
410
20272
10406
9032
28140
33643
34752
400
23689
30187
1999
12651
36306
15451
15502
31253
37766
1644
22478
6270
2512
2025
18156
1354
5468
30631
38902
1570
3326
13314
127
13836
30904
2115
7740
14645
8390
5454
16090
24678
22830
31495
21574
15580
38921
13356
25537
37769
19497
19758
30166
7473
16639
30537
9050
10943
14762
33395
10198
8941
10773
15721
32027
3162
17685
29757
13364
18518
853
18932
9049
24010
2609
20420
2525
29962
37716
28554
6869
26716
23758
32017
35666
35274
25045
35567
25110
34658
15710
35497
6680
34664
15656
10231
31043
4009
10286
33282
34889
10888
21279
38538
9503
5318
6116
2628
24774
15314
24773
16641
5678
23472
29984
746
8942
32158
34151
7126
37396
15233
11956
16486
6653
18918
6900
29760
24546
940
28782
32271
24192
23495
5551
13804
3506
32288
30947
20854
26877
31943
17393
13932
35496
21891
2227
30403
7245
25592
12137
20652
24769
14951
26449
17981
38716
2195
1013
8575
12324
34855
12226
34983
9733
7126
16280
4974
34077
22378
32298
4915
33191
21238
14260
3241
17991
13575
38284
16955
1668
7477
25047
13483
22879
31079
6929
7018
36559
8452
15576
21585
22550
7166
33341
33718
4195
25369
19240
15019
15381
30890
6535
32953
23176
34546
7122
28538
12047
18426
10462
12379
7631
1936
31941
7576
3924
16431
32390
38289
2346
26653
18406
30370
27842
25517
12179
12177
17287
18085
38569
26912
8980
38955
827
17427
35956
17192
13783
26459
30741
19918
21702
4633
3497
25350
29086
15030
36627
20186
34351
23343
1851
4585
294
12486
31142
12856
24969
36643
24565
26678
35880
11809
11535
37464
8268
23973
17774
4027
22959
17866
35444
30313
21207
8456
23775
18914
9200
10259
3984
6027
3677
32679
28748
28788
3275
26512
13621
34868
4642
14000
10880
27399
17969
9250
9579
19223
21109
33900
11299
26120
36501
32481
20935
3413
13781
14924
26149
25129
11022
5505
17887
16768
24222
7861
37378
34460
13769
25966
5627
1235
9907
34740
2333
28253
32888
22271
17619
31091
10419
22962
5934
14275
4615
17885
35180
33256
31861
32145
16926
20238
31403
35061
36621
3932
36725
24709
664
16098
38747
23658
4684
11842
7575
17508
27256
5299
29329
13123
26491
27760
161
23950
16869
35743
832
9402
25575
22701
22011
17868
18599
19190
29676
4946
29068
22011
14519
36732
31851
11852
3871
29624
21100
18933
34267
22467
37108
33022
2144
7723
27335
11057
24803
2433
32481
6472
3939
17172
11802
29895
25817
38416
32540
9477
34366
13526
15202
34384
27447
33765
13991
32198
9527
2798
38223
17208
6553
18317
10534
22041
3808
35483
31595
7940
14942
24441
3953
13435
20429
16175
21458
33292
34733
34186
6328
35918
20459
20179
690
12433
24050
29908
3711
13243
30504
3302
26194
36751
15816
34727
9554
1889
18855
1743
36036
7716
7805
31889
8711
32548
27771
25254
38340
31999
14539
27284
5512
16197
36560
32374
25672
5089
12851
19486
29624
1664
21030
38030
28976
8671
18665
37523
28915
9185
20136
11122
32501
27197
25125
28877
12784
8374
33919
25814
13147
13812
32750
31916
18184
471
18081
32739
17304
19284
17150
6022
14366
8689
30262
12600
33140
14682
30267
35247
28950
30118
32390
34586
15985
1843
19129
25913
10455
6717
5118
2683
14259
29158
19370
16909
5619
1840
17410
34534
23638
8654
4496
16168
628
36585
30858
37656
29564
19405
22023
759
35278
24787
24014
4665
27734
26482
1366
21242
25417
2295
26940
3408
19704
9203
10868
6508
38750
8299
29079
20770
33511
28027
8252
22184
18527
20548
35582
1732
10932
15197
13363
11853
37849
11685
1133
22044
38015
21614
19942
29339
23170
35053
33964
27851
22126
26566
2791
5140
24221
389
8315
22141
15246
5407
9975
19667
12554
37335
33584
11966
32110
35804
5706
20399
10120
20855
10501
9470
38793
18403
36192
25625
21622
5461
19052
36966
482
555
18439
35745
8979
2785
60
16833
10055
12558
32756
32700
19571
26941
23587
29227
38671
15744
14345
27017
33754
4486
32027
30805
18966
2493
37805
2046
8288
29555
38735
25886
9734
23774
26697
10543
28933
30420
34308
20506
23029
7492
32431
10975
16379
23491
4579
7735
6580
5371
26339
11685
19513
10070
6347
26859
7804
11216
10452
31176
4340
32546
15072
6895
32632
34427
38865
15011
550
32177
31161
33270
22127
7277
34181
13801
16401
34357
14003
38366
24208
3507
17325
11193
4306
5514
14609
21373
5517
21680
20398
18010
37960
31543
10925
33940
835
31998
31889
38184
33395
36541
16253
14295
14262
12270
7865
7245
36759
9894
4505
8419
30983
16402
7450
5808
37921
36359
24552
31078
32695
32434
22377
35561
30534
34478
16336
1859
33771
35147
32416
7634
17272
23763
30005
21546
3175
22017
29696
37831
8986
5467
4119
37291
9253
26134
9814
12606
36193
34944
726
29252
32453
20528
12456
2984
347
14553
27631
26614
27844
18110
31119
13717
26825
29264
2085
26203
2335
24235
28589
38243
17734
8975
12314
10018
21950
26705
18038
32856
24687
35793
5422
3353
24683
7639
23152
13147
15338
36495
15268
38010
36018
2075
16916
9086
23505
32680
19746
734
27737
13696
9964
32342
17046
24374
29998
3036
21599
35913
29981
21465
14046
9783
13099
2450
20726
20459
38436
9254
25888
31258
24524
4770
36754
22359
36458
28344
21365
14438
1077
16423
18337
35541
1354
20907
103
15702
17743
26261
18642
14345
3999
24429
27971
33046
9347
16139
11376
36625
30505
5574
5025
26766
25171
33148
33782
316
38742
20095
33200
26150
8493
33433
22419
4372
36738
37270
28060
12848
4905
6048
12653
20788
7353
8160
18938
29137
14568
15488
35783
19915
37330
8910
7656
10184
35685
11730
22956
28591
26467
16488
18351
28125
36661
6497
13203
37850
24521
4564
20770
18026
24256
2290
7915
8296
31927
4351
31470
22757
6095
16588
38326
33974
14859
7714
15930
33028
21158
37185
5271
804
17214
26318
2798
29935
5833
38027
3557
18124
19530
35856
20189
31096
22640
3391
38240
14600
15140
13
21100
34325
28308
24668
7217
33799
30337
4478
17563
27757
5921
31317
32683
26391
21442
10813
10488
18919
27812
15498
7710
27220
36122
25014
27185
10766
16421
10619
7048
11368
30596
22166
824
18110
13955
9276
10308
9432
32639
21527
38646
6967
7340
15537
23213
4605
29883
24330
33035
27281
15428
19076
38785
26519
37139
12586
8753
12526
33786
33153
23551
275
8571
20999
13542
9972
15128
22616
21859
2430
4674
27256
29832
4599
14018
38818
33951
14888
5406
6783
28400
20290
18347
3523
33969
32538
28852
31577
4506
3759
16493
14990
14034
26623
24702
25675
38105
26786
8311
12252
11810
14
3541
13845
124
9745
10710
13597
25783
10061
7102
17882
19718
6902
16767
804
2044
33383
35982
38590
13567
33643
23928
28118
11884
14655
32049
8262
20997
38356
14156
33723
8662
12042
11364
32475
20976
38992
29469
20268
26879
32065
23776
14559
33927
10488
11186
25282
22486
34284
18256
6053
11277
2926
10504
4917
30833
37831
13823
34604
1512
29655
29907
28178
16674
21792
37236
21237
38582
38849
21268
30819
11501
24326
727
31200
5359
9805
31537
17315
7393
12139
10259
7515
29712
15981
34722
28703
17653
10395
35140
14778
34316
38678
19791
1861
27562
4499
20112
31215
19906
17055
19077
4872
35868
12634
15344
38267
15740
2656
19232
13369
35178
3034
13653
29186
2715
20716
37672
17903
32188
17359
19269
5027
8574
16206
21598
4616
17810
32886
29597
3485
12241
87
18725
28853
36041
11983
14213
29523
31128
29390
8843
905
26542
2588
6105
2040
27691
2182
36287
17098
33010
4023
14421
31283
35993
1771
5738
13654
11886
36447
31734
36580
8679
16084
25744
119
10278
28931
37005
25540
14279
29850
3942
22543
18856
5100
37332
13857
1908
28223
30363
17564
9355
1207
4336
2687
6778
33120
8440
20636
1722
35073
32631
9871
2064
19027
11106
2914
25241
27808
4497
2283
26655
11161
37516
14399
6428
34296
36881
37879
24617
7748
7751
33681
28740
7723
18299
114
34973
4650
5076
11663
10099
24495
31501
954
34023
17095
34894
30385
30132
25612
11567
12851
30490
1502
6491
25004
28174
13211
7413
11720
33927
10817
26681
37084
10744
2319
25465
2112
38541
4220
6266
33576
22644
18247
25235
1770
11257
18757
14330
37034
14037
7106
28323
37360
33460
21590
34045
43
36986
28032
27851
30223
37250
16001
25116
15386
36587
31455
3159
33309
8007
22402
37766
9534
1976
30668
19342
8186
5722
10801
6153
14511
1735
15373
10008
27927
7523
2037
26872
2912
22341
32621
34271
20169
19798
4433
4259
30343
35817
13791
23480
2414
663
35466
596
4235
581
618
30601
33574
32829
37502
8582
32557
13118
32051
7834
4195
10585
5710
35174
7615
19249
8741
12590
30105
17654
32956
7380
37239
23086
6620
19232
28334
14744
28861
1896
33012
17175
13756
8360
5778
37911
17920
20879
3640
15143
29119
19750
7264
29058
18325
9125
24780
11676
33028
15763
7851
12542
1375
22961
17662
18206
31064
7572
33409
3879
7082
15446
4693
8984
34584
10144
23595
1627
21852
126
12027
9620
11204
24783
1458
10892
1151
25247
842
1129
25502
30546
10483
30172
12397
34175
903
4718
26408
9215
37948
32151
36314
24010
31210
21285
12417
18324
15604
21582
6334
8024
27915
21251
5856
34209
32958
9481
37128
10017
5518
10660
21039
17824
27454
19329
7083
25851
35399
21553
36600
37310
23465
37734
10188
8063
23391
15259
6755
1385
27625
34476
4969
24793
15692
38847
31974
24705
5399
33821
8507
983
13684
16153
11219
29977
32727
14500
17692
5775
11738
20211
6533
32796
9102
24430
34002
28290
16847
26285
13178
8194
21751
33816
22217
549
16146
12795
5802
15730
18505
15373
16612
9749
35360
8020
11430
1336
25754
27879
1517
25128
29172
37680
3553
35150
24983
11955
4232
27744
38175
30967
36114
16108
28368
16576
37284
6680
7273
16958
32008
18489
38336
10925
305
12350
3877
8778
16868
7625
16115
11727
37985
7842
9825
32164
9754
12319
27694
15666
17763
8547
12291
949
33119
17489
37930
23053
8723
25398
38676
7265
7635
1713
31753
27521
12731
21160
6320
9790
31681
5432
17815
25896
18341
13920
4628
7907
28322
22915
10417
8615
36206
30968
14094
16459
37749
18008
26009
14222
23764
30403
33400
30105
5721
24783
34423
5388
23080
13814
13445
36131
13657
36778
35961
3805
189
4264
23842
8234
1190
31079
14228
11870
4246
28683
25678
10237
18760
37402
30096
4797
35587
795
11577
37131
10781
34726
27823
36523
15212
851
7112
38327
9056
36547
30621
21299
36428
18637
29543
38219
28395
28894
36345
35866
31663
25576
7325
37248
10196
34382
10634
25327
7907
9025
22451
31594
387
2794
35131
10681
1291
14085
18013
12966
30746
6886
12824
34598
9942
23490
3271
9636
24971
25348
11798
14152
13436
32859
27832
29183
16805
32877
18614
24119
6985
11987
23698
25825
5247
14160
7937
16380
28759
26326
2559
23610
13371
21951
10453
30777
34680
14989
2717
3584
28620
22382
37198
25627
13585
9080
11195
29230
20047
37245
9573
33018
15177
3435
30105
30598
24613
26411
1372
6782
28207
1139
13547
38520
29231
10730
2512
16529
2542
3128
12798
36043
33312
29720
6877
233
37684
38675
4097
10449
11615
37657
29821
20836
14317
7366
24269
18149
28729
38759
6817
15875
19869
34528
9149
9261
10490
33212
10581
15841
35307
25520
894
28001
1093
20012
16320
30963
10750
71
18823
30764
15119
32606
28937
22984
10356
38152
1466
17152
34368
38585
867
33424
11541
30553
29793
30652
31745
38873
18881
24214
4372
21457
33641
27967
14102
8545
1826
34152
28469
970
27785
16395
11772
28487
25613
17891
37888
37502
37188
19533
15220
3805
9390
19393
16556
29866
330
21425
31326
9972
22935
4964
23116
31399
27186
2703
21734
14120
20063
30370
1309
11302
787
17779
10234
29649
542
6193
16277
26474
37094
17278
14042
6926
38790
26961
30333
31231
3485
34168
4558
22001
36195
20823
27896
33150
32831
1239
8803
6695
38795
21894
19145
776
28945
34110
2270
15927
15231
35597
6216
14616
37445
2513
14286
38224
36656
34070
36645
21980
16070
32677
23806
18165
32210
37754
21611
20882
27466
22970
36408
9194
37315
35143
8030
35917
29174
23082
13162
31533
29276
1468
11701
33806
21541
24153
27780
22903
19262
16793
15344
677
1425
29484
18064
13843
37806
12290
9082
25071
31360
20460
28457
36587
3474
32682
11279
10647
19576
35650
17124
11192
31969
25546
14783
7207
15586
27114
29617
9136
17223
8137
37673
11773
19090
35962
13753
2735
22062
22210
28872
1521
20668
15209
34081
30529
25292
29195
33761
24763
4665
32882
31982
21163
23787
27330
21106
12047
35320
28880
29831
20327
9228
25584
21764
11898
2996
13138
32350
3750
37043
13855
10162
22707
13236
1006
24462
13469
32814
38022
11279
13725
38869
20895
25565
22387
31437
21137
9979
18049
28666
3256
2011
12607
22995
2251
7351
11414
24892
37439
18273
29275
23043
34133
11419
3451
31010
11597
7603
4333
16075
10430
12678
10097
27282
9571
21494
27699
13732
395
33046
7331
18205
15012
12402
13964
2655
5389
20435
16390
20878
36207
152
29731
15065
29752
11120
16203
10211
652
18108
15861
4487
29871
21042
9250
21250
5964
37483
2815
38906
17851
3622
17823
16069
24666
31750
19546
3236
37955
11942
7951
27878
23486
3509
30561
7969
26499
28917
17833
31411
31630
10205
29319
19222
23199
31446
13014
28890
12180
3354
1500
8285
16798
12280
29938
4734
7853
6780
17246
4055
22881
20732
34035
8688
1766
20014
36210
1223
15506
8149
38615
4661
15407
13826
3426
8661
26512
33974
33160
31198
31305
4254
7445
32928
12951
11375
35464
6811
13945
12873
30108
26434
12594
30312
30431
22495
9124
11557
38128
22088
3747
24916
20610
37887
36643
21695
27039
13599
25150
29879
13443
24658
30342
27122
12279
19920
12364
23192
36165
1033
9506
3367
14071
10100
4707
36311
7087
26864
37717
20304
7530
19039
28272
12143
22062
36731
29014
3600
34180
17816
3839
9061
13764
22409
18471
26540
18045
8511
5046
25142
19205
9124
17821
7316
29299
22486
11544
12364
6582
27823
25500
21698
6466
24808
36982
11034
7479
5854
26837
25433
11189
16053
32453
30227
25584
6545
12105
2758
4755
21387
796
17990
34516
10680
17300
10323
1621
7022
6892
6820
17066
12839
27421
33606
12596
25200
30840
22040
34273
19148
38554
21582
2837
27993
34812
8245
20177
15092
14494
13006
29766
31376
19152
23316
11102
6177
16333
29015
1960
16439
21948
18915
27222
34958
32780
19778
18284
24098
31675
7518
27711
35344
3915
8107
29472
15712
15578
24713
33132
20238
14124
31199
4929
4264
35783
26114
11991
26930
14419
33070
19696
11701
19668
5764
19461
36934
25765
3913
20199
23546
7203
15191
3095
33191
7419
7140
2003
5838
33873
12896
9109
29653
30134
35997
11809
13489
5837
2639
38954
28648
33154
9514
38202
8148
2831
9419
26461
716
16509
21623
1776
12797
30507
38599
14060
29077
19046
20125
22433
18304
3237
3640
3304
1115
24416
5139
19729
28574
38717
14261
36045
19231
23094
34473
19009
25833
21402
37093
1144
5276
19558
30135
3132
8301
6744
33468
37217
24222
34904
34002
21182
36033
31916
32253
26177
23822
21318
37367
12533
32203
30404
6984
3194
6459
23115
15302
19802
17199
21657
30909
19123
20897
37982
29647
22006
10376
15838
38295
5403
18910
14270
37920
17847
29517
7104
17466
27123
15295
19908
29620
33642
4101
17213
22149
27167
36279
11062
460
11744
13659
25551
952
17011
30409
23480
23474
18395
4290
35864
9519
9319
7640
9194
2665
207
13865
33477
22252
24524
13213
25439
23934
11243
5375
34565
9392
24798
26281
19241
14185
13279
9679
32913
36602
29594
32462
24776
13036
25158
15837
13315
1413
36127
37433
32634
28570
24323
15143
2569
3727
974
34187
27425
393
29597
8781
17952
12484
23012
12171
26986
9080
27916
7897
34171
9278
36997
27277
6538
8457
34075
20231
26459
29344
3856
6533
17129
17415
27118
38661
10589
17077
33303
30868
744
21945
2827
10156
19450
318
1645
21090
28396
31213
33947
35740
6552
17305
13000
7265
36594
26533
231
16643
1283
31402
13942
13136
26779
29525
36869
32319
5232
13229
33713
27661
31415
5978
30770
33303
8838
23305
26693
8873
38979
16948
34222
17597
4581
27534
5822
32824
16957
8132
1437
15190
21016
23023
12981
33702
26124
17326
36363
4007
26788
35289
35769
18050
5866
34296
26012
24106
20800
19497
30200
35798
22660
1169
22683
24735
1989
21202
36589
11412
21030
14146
10930
3035
36806
33420
34033
21938
25840
24400
372
15139
31190
28861
29748
17774
18350
29207
12584
24209
10254
5252
16442
30499
8609
128
17462
21302
26813
15784
1664
19394
34864
26931
26625
3638
19864
17228
33669
19241
29060
19693
12853
34407
27850
34902
292
13551
2501
3123
5887
5753
14754
28723
33694
25685
27688
24909
10050
6950
1129
18437
24442
13222
23825
1707
182
5899
25659
18604
10871
32527
10026
2227
30641
14781
23699
4904
11974
34471
3740
16808
2048
35085
34753
15205
3538
23655
20947
19756
38915
12372
23453
9492
14777
23563
6485
20038
32278
13783
2146
31016
36297
32743
7320
17852
8340
11451
12918
4454
12918
7779
20296
5250
36628
19529
28566
1235
17744
13151
5208
27201
23182
29979
2836
31722
26911
16351
26870
7512
27092
14556
37178
31483
16721
36663
38177
9726
8355
7532
25046
26772
37327
35719
19012
18069
10225
17129
17134
35020
29278
7951
5290
7688
9998
24975
29443
4178
7697
6660
11113
1374
3005
1864
11303
34866
353
36353
16209
31907
37706
25124
28360
8087
27263
25126
19004
13606
22842
22858
36325
11914
6302
21676
21669
37421
7784
23276
18133
33745
33267
15639
8635
10946
34748
24695
20613
35304
36630
8042
34277
32137
11691
34496
12520
36043
31249
21502
31580
38951
16860
27871
22902
27697
15893
8410
11142
2764
17351
2935
35920
1450
26337
32659
28487
29545
4173
3196
17759
33353
30893
22790
10519
32850
15044
8851
4482
30611
17552
37529
29009
35141
34122
11565
17982
6550
20039
17101
9503
34273
12255
8003
2501
30658
967
35646
26233
10999
19237
9795
15666
15923
23872
14072
25837
30852
24985
5393
19273
8724
21410
3019
38661
32868
33801
29862
10337
35292
7584
34208
15054
12168
35133
2196
31787
35021
32361
22458
23525
11953
671
13632
22929
34255
26668
10526
28417
7930
17541
20158
3850
32649
9625
